userID	artistID	rating
13	55	1.5
13	67	1.7
13	89	5.0
13	173	1.5
13	228	1.5
13	292	1.3
13	295	1.0
13	298	2.0
13	299	1.3
13	300	1.0
13	302	1.7
13	310	2.0
13	316	1.3
13	318	1.0
13	325	1.2
13	328	1.8
13	333	2.4
13	344	1.0
13	349	1.2
13	352	1.0
13	378	1.0
13	461	1.2
13	466	1.3
13	498	1.5
13	523	1.7
13	524	1.6
13	525	1.5
13	526	1.5
13	527	1.3
13	528	1.3
13	529	1.2
13	530	1.2
13	531	1.2
13	532	1.2
13	533	1.0
13	534	1.0
13	535	1.0
13	536	1.0
13	537	1.0
13	538	1.0
13	539	1.0
13	540	1.0
13	541	1.0
13	542	1.0
13	543	1.0
13	544	1.0
13	545	1.0
13	546	1.0
13	547	1.0
13	548	1.0
21	55	4.9
21	67	1.8
21	71	1.1
21	89	2.5
21	288	2.6
21	289	5.0
21	292	2.5
21	293	2.9
21	295	1.5
21	298	1.4
21	299	2.7
21	300	2.0
21	302	1.2
21	306	1.4
21	310	1.7
21	318	1.8
21	325	1.7
21	352	1.2
21	461	2.5
21	465	1.2
21	466	1.8
21	476	2.5
21	523	1.7
21	531	1.7
21	535	4.1
21	543	1.8
21	660	1.6
21	674	1.8
21	679	1.5
21	681	1.2
21	686	3.1
21	701	3.1
21	786	3.1
21	787	2.5
21	788	2.5
21	789	2.5
21	790	2.4
21	791	2.1
21	792	2.0
21	793	1.9
21	794	1.8
21	795	1.6
21	796	1.6
21	797	1.5
21	798	1.4
21	799	1.3
21	800	1.2
21	801	1.2
21	802	1.0
21	803	1.0
25	55	2.0
25	67	2.4
25	89	2.5
25	155	2.2
25	157	4.4
25	288	2.1
25	289	4.3
25	290	1.2
25	292	2.8
25	293	1.1
25	294	1.7
25	295	2.5
25	296	4.4
25	302	1.5
25	308	2.1
25	309	2.2
25	310	1.0
25	311	1.0
25	314	1.8
25	318	2.9
25	325	2.3
25	328	2.0
25	329	2.9
25	331	1.8
25	349	2.2
25	350	3.9
25	352	2.1
25	354	3.5
25	455	5.0
25	459	1.3
25	462	1.1
25	469	2.7
25	476	4.4
25	484	1.9
25	531	2.0
25	543	1.3
25	701	1.6
25	786	3.2
25	800	2.0
25	906	5.0
25	907	2.4
25	908	2.2
25	909	1.9
25	910	1.7
25	911	1.6
25	912	1.3
25	913	1.2
25	914	1.1
25	915	1.1
25	916	1.0
47	182	1.0
47	230	4.5
47	257	1.5
47	288	2.7
47	289	5.0
47	291	2.3
47	292	2.6
47	293	1.7
47	294	1.4
47	298	2.1
47	299	1.5
47	300	1.9
47	302	1.8
47	304	2.0
47	310	2.4
47	317	1.1
47	318	2.8
47	325	2.0
47	333	2.5
47	344	2.5
47	455	2.1
47	456	3.1
47	461	3.0
47	464	1.1
47	465	1.5
47	466	3.3
47	469	1.3
47	475	1.3
47	498	1.5
47	523	2.6
47	525	1.4
47	540	1.7
47	680	1.2
47	681	2.6
47	686	2.7
47	701	1.7
47	790	1.2
47	794	1.1
47	903	1.5
47	908	2.7
47	972	2.3
47	1037	1.3
47	1244	1.4
47	1456	1.0
47	1458	2.9
47	1459	1.8
47	1460	1.6
47	1461	1.6
47	1462	1.1
47	1463	1.0
48	55	1.5
48	67	5.0
48	89	2.5
48	157	2.2
48	176	1.9
48	180	3.3
48	220	2.9
48	227	1.6
48	230	1.7
48	246	1.7
48	258	1.3
48	265	1.6
48	283	2.6
48	288	1.5
48	289	1.8
48	295	1.2
48	299	1.6
48	300	2.0
48	340	3.2
48	378	2.4
48	475	1.0
48	511	3.2
48	533	1.6
48	575	2.1
48	679	1.1
48	701	1.5
48	733	1.7
48	889	2.9
48	945	2.3
48	951	2.4
48	959	1.5
48	972	1.3
48	1421	1.2
48	1464	4.3
48	1465	4.3
48	1466	3.2
48	1467	2.9
48	1468	2.4
48	1469	2.3
48	1470	2.2
48	1471	2.0
48	1472	2.0
48	1473	2.0
48	1474	1.9
48	1475	1.7
48	1476	1.7
48	1477	1.5
48	1478	1.3
48	1479	1.2
48	1480	1.2
54	55	1.7
54	67	1.3
54	71	1.8
54	88	1.1
54	288	1.8
54	289	5.0
54	291	2.1
54	292	2.2
54	296	1.3
54	298	1.4
54	299	2.1
54	310	1.4
54	318	3.2
54	320	1.3
54	329	1.8
54	333	2.5
54	349	1.4
54	360	1.1
54	378	1.1
54	465	1.1
54	523	3.3
54	525	1.9
54	535	1.5
54	538	1.4
54	701	2.2
54	793	2.4
54	798	2.3
54	800	1.5
54	906	1.9
54	911	1.1
54	913	2.0
54	1052	2.0
54	1377	1.1
54	1392	1.1
54	1589	2.2
54	1590	1.8
54	1591	1.7
54	1592	1.7
54	1593	1.4
54	1594	1.4
54	1595	1.3
54	1596	1.3
54	1597	1.3
54	1598	1.3
54	1599	1.2
54	1600	1.1
54	1601	1.0
54	1602	1.0
54	1603	1.0
54	1604	1.0
98	40	2.0
98	55	2.1
98	65	1.0
98	67	2.2
98	88	1.6
98	89	2.8
98	155	1.1
98	157	1.7
98	161	1.2
98	227	3.0
98	230	1.1
98	288	2.6
98	289	5.0
98	292	3.0
98	293	1.3
98	295	1.2
98	299	1.2
98	300	3.0
98	306	3.6
98	318	4.1
98	320	2.0
98	324	1.5
98	328	2.3
98	333	1.0
98	349	1.8
98	378	1.6
98	461	2.1
98	466	2.5
98	523	2.9
98	525	2.3
98	534	1.5
98	679	1.0
98	701	2.5
98	733	1.1
98	735	1.5
98	788	1.4
98	790	2.3
98	868	1.2
98	903	1.5
98	917	1.8
98	959	2.7
98	1249	1.5
98	1412	1.0
98	2020	1.6
98	2025	2.5
98	2595	2.3
98	2596	1.7
98	2597	1.6
98	2598	1.1
98	2599	1.1
121	89	3.3
121	161	1.9
121	257	1.4
121	283	1.5
121	288	2.6
121	289	3.4
121	290	1.7
121	292	3.5
121	295	2.9
121	300	2.9
121	301	1.1
121	302	1.9
121	306	1.2
121	321	5.0
121	327	1.7
121	333	2.4
121	342	1.1
121	360	1.7
121	377	2.8
121	378	2.6
121	458	4.0
121	461	3.0
121	475	1.9
121	518	2.2
121	542	1.4
121	641	1.0
121	646	1.5
121	683	1.6
121	701	2.4
121	802	2.4
121	908	1.4
121	966	1.4
121	1042	1.7
121	1247	1.4
121	1429	2.2
121	1447	1.7
121	1458	1.6
121	1470	1.6
121	2080	1.6
121	2176	1.7
121	2352	1.0
121	2655	1.7
121	2983	2.0
121	2984	1.7
121	2985	1.6
121	2986	1.5
121	2987	1.3
121	2988	1.1
121	2989	1.0
121	2990	1.0
126	55	4.4
126	67	3.5
126	89	4.5
126	159	2.0
126	182	3.7
126	184	2.5
126	229	3.8
126	256	1.5
126	288	3.0
126	289	3.7
126	292	3.6
126	295	1.6
126	298	2.3
126	300	2.3
126	316	1.7
126	321	2.5
126	325	2.5
126	328	1.1
126	333	2.0
126	342	3.0
126	403	3.7
126	456	1.3
126	466	1.3
126	481	1.7
126	486	2.4
126	498	5.0
126	537	1.0
126	540	1.3
126	546	2.7
126	674	4.9
126	680	2.2
126	705	1.1
126	903	2.2
126	908	1.5
126	982	1.1
126	1243	4.0
126	1246	1.2
126	1377	1.2
126	1400	1.1
126	1580	2.4
126	2277	2.4
126	2523	1.0
126	3074	3.9
126	3075	3.2
126	3076	3.0
126	3077	2.0
126	3078	2.0
126	3079	1.8
126	3080	1.7
126	3081	1.4
135	2	2.1
135	9	1.0
135	30	1.3
135	55	2.0
135	67	2.2
135	72	1.1
135	89	4.6
135	166	1.2
135	173	1.2
135	288	1.3
135	289	3.4
135	292	1.9
135	296	1.2
135	300	1.6
135	352	1.6
135	386	1.3
135	466	2.5
135	487	1.7
135	518	2.9
135	544	1.4
135	686	1.0
135	790	2.5
135	802	1.2
135	906	2.2
135	930	1.1
135	970	1.5
135	972	2.4
135	1034	1.0
135	1066	2.3
135	1075	1.5
135	1263	1.0
135	1300	5.0
135	1714	1.2
135	2014	1.1
135	3183	3.7
135	3184	2.9
135	3185	2.4
135	3186	1.8
135	3187	1.6
135	3188	1.5
135	3189	1.5
135	3190	1.3
135	3191	1.3
135	3192	1.2
135	3193	1.2
135	3194	1.1
135	3195	1.1
135	3196	1.1
135	3197	1.1
135	3198	1.1
162	7	1.3
162	67	1.6
162	89	2.3
162	172	1.1
162	227	2.2
162	289	2.9
162	293	2.4
162	295	1.8
162	297	1.5
162	302	2.0
162	304	1.2
162	325	1.1
162	333	2.1
162	378	2.1
162	455	5.0
162	457	1.8
162	459	1.8
162	462	1.1
162	469	2.4
162	475	2.6
162	479	1.7
162	542	1.2
162	544	2.4
162	718	1.5
162	930	1.5
162	1034	1.0
162	1109	1.5
162	1114	2.6
162	1580	1.4
162	1781	1.2
162	2021	1.4
162	2094	1.6
162	2523	1.3
162	2645	2.7
162	2801	1.0
162	3200	1.5
162	3321	1.0
162	3568	2.6
162	3569	2.4
162	3570	1.8
162	3571	1.7
162	3572	1.7
162	3573	1.6
162	3574	1.6
162	3575	1.6
162	3576	1.4
162	3577	1.3
162	3578	1.2
162	3579	1.1
162	3580	1.1
179	7	2.4
179	67	2.3
179	72	2.0
179	89	5.0
179	157	3.5
179	159	3.3
179	173	3.7
179	227	2.1
179	230	1.5
179	234	2.3
179	288	1.9
179	289	4.9
179	291	2.3
179	292	3.7
179	293	2.4
179	300	1.4
179	318	1.1
179	333	2.3
179	357	1.4
179	371	2.9
179	377	4.4
179	378	1.4
179	420	2.2
179	461	1.6
179	464	1.6
179	466	2.4
179	475	2.9
179	481	1.5
179	486	1.0
179	498	1.2
179	499	1.5
179	523	3.8
179	524	2.3
179	536	2.4
179	544	2.6
179	680	1.1
179	704	2.3
179	1034	2.6
179	1231	1.2
179	1406	2.0
179	1673	1.9
179	1988	2.0
179	2102	1.1
179	2432	4.4
179	2821	2.1
179	2978	2.0
179	3794	3.0
179	3795	2.4
179	3796	2.4
179	3797	2.0
214	55	2.4
214	67	4.8
214	89	2.0
214	157	5.0
214	227	2.2
214	285	2.9
214	288	2.3
214	289	3.3
214	292	2.5
214	295	2.4
214	298	1.9
214	300	1.6
214	302	1.4
214	306	1.4
214	329	2.2
214	331	1.8
214	340	1.2
214	349	1.7
214	461	1.5
214	466	1.7
214	484	1.2
214	498	1.5
214	544	2.3
214	578	1.3
214	601	3.0
214	646	1.8
214	701	1.7
214	704	3.1
214	706	3.0
214	889	2.2
214	903	1.5
214	951	1.2
214	959	1.3
214	966	1.9
214	1244	1.6
214	1369	1.1
214	1412	1.4
214	1467	2.5
214	1807	2.7
214	1825	2.3
214	2020	1.2
214	2179	1.7
214	2788	2.2
214	3313	2.3
214	3743	1.2
214	4348	1.5
214	4349	1.2
214	4350	1.2
214	4351	1.1
214	4352	1.0
253	55	2.5
253	65	2.0
253	67	2.9
253	89	3.2
253	97	1.9
253	166	1.2
253	220	1.4
253	246	1.3
253	256	1.6
253	288	2.5
253	289	3.9
253	290	2.0
253	291	1.6
253	292	1.8
253	295	2.8
253	298	1.4
253	302	2.2
253	306	2.2
253	310	2.1
253	333	1.5
253	340	1.2
253	349	1.9
253	350	1.0
253	362	1.4
253	423	2.5
253	439	1.7
253	498	1.8
253	542	2.1
253	646	2.2
253	689	1.0
253	701	3.6
253	789	1.1
253	790	1.7
253	792	2.9
253	802	5.0
253	889	2.6
253	903	2.0
253	906	1.4
253	1429	1.1
253	1771	1.0
253	2022	1.4
253	3187	1.2
253	3391	1.3
253	3466	1.8
253	3557	1.1
253	4716	2.7
253	4816	1.4
253	4817	1.3
253	4818	1.1
253	4819	1.0
256	55	2.3
256	67	3.3
256	89	3.4
256	184	1.4
256	204	2.8
256	246	1.9
256	256	1.9
256	257	2.0
256	261	1.0
256	270	2.0
256	283	3.5
256	288	3.1
256	289	4.7
256	291	1.9
256	292	3.4
256	295	2.9
256	300	2.2
256	301	1.4
256	302	2.0
256	306	2.0
256	311	1.3
256	320	1.2
256	328	1.1
256	329	1.6
256	333	1.4
256	349	2.7
256	352	1.1
256	439	2.0
256	465	1.3
256	466	2.5
256	476	1.3
256	701	1.6
256	708	1.6
256	1241	1.4
256	1771	1.9
256	2082	1.1
256	2548	5.0
256	2984	1.5
256	2988	1.3
256	3173	1.1
256	3376	1.2
256	3396	2.5
256	4561	1.0
256	4818	1.3
256	4819	1.4
256	4866	2.3
256	4867	2.1
256	4868	2.0
256	4869	1.1
256	4870	1.0
258	89	2.5
258	288	2.9
258	289	5.0
258	292	2.6
258	293	1.0
258	295	1.0
258	299	2.0
258	300	2.7
258	302	2.5
258	306	1.2
258	308	2.0
258	310	1.0
258	314	3.8
258	320	1.0
258	325	2.3
258	329	1.0
258	333	2.5
258	349	2.1
258	352	1.2
258	455	3.1
258	461	4.5
258	466	2.5
258	523	1.2
258	528	1.4
258	538	1.2
258	680	2.5
258	681	2.3
258	686	1.8
258	701	2.2
258	793	1.8
258	797	1.0
258	907	1.0
258	913	1.0
258	972	1.0
258	1453	1.7
258	1698	1.6
258	2019	1.7
258	2025	1.0
258	2094	2.5
258	3367	1.2
258	3397	1.8
258	4878	2.4
258	4879	1.9
258	4880	1.2
258	4881	1.2
258	4882	1.2
258	4883	1.0
258	4884	1.0
258	4885	1.0
258	4886	1.0
260	67	2.4
260	89	3.2
260	157	5.0
260	285	3.0
260	292	3.0
260	340	2.0
260	389	1.7
260	502	1.7
260	518	2.6
260	526	2.3
260	531	1.7
260	601	1.2
260	659	1.4
260	1042	2.6
260	1091	1.2
260	1379	1.3
260	1427	1.2
260	1601	1.7
260	1700	1.8
260	1705	2.8
260	1825	2.8
260	1834	2.6
260	1934	1.4
260	2075	1.0
260	2182	1.9
260	2446	2.4
260	3313	3.3
260	4348	2.4
260	4723	1.5
260	4912	2.6
260	4913	2.2
260	4914	2.1
260	4915	2.0
260	4916	1.9
260	4917	1.8
260	4918	1.6
260	4919	1.6
260	4920	1.6
260	4921	1.5
260	4922	1.5
260	4923	1.4
260	4924	1.3
260	4925	1.1
260	4926	1.1
260	4927	1.1
260	4928	1.1
260	4929	1.0
260	4930	1.0
260	4931	1.0
260	4932	1.0
278	55	2.8
278	67	3.5
278	89	1.6
278	157	2.9
278	167	1.9
278	257	2.4
278	289	5.0
278	291	2.8
278	292	3.4
278	293	2.6
278	298	1.8
278	300	1.2
278	306	1.3
278	316	1.1
278	318	1.9
278	329	1.8
278	331	1.3
278	333	2.6
278	377	1.3
278	378	1.2
278	386	3.2
278	461	1.0
278	466	1.3
278	468	2.5
278	475	1.7
278	481	1.8
278	498	1.6
278	523	1.3
278	544	1.9
278	679	3.1
278	701	1.2
278	789	1.1
278	951	2.1
278	966	1.7
278	970	2.0
278	972	1.0
278	1243	1.5
278	1450	1.5
278	1459	2.7
278	1556	1.5
278	1580	1.7
278	3795	1.8
278	4560	2.1
278	4704	1.5
278	5119	1.9
278	5120	1.6
278	5121	1.4
278	5122	1.3
278	5123	1.1
278	5124	1.1
301	67	3.3
301	89	4.2
301	97	1.7
301	173	5.0
301	228	1.7
301	283	2.6
301	288	2.8
301	289	4.2
301	292	2.4
301	295	2.7
301	298	3.7
301	300	1.3
301	302	3.1
301	316	3.4
301	333	3.8
301	430	1.1
301	461	2.8
301	498	3.1
301	523	3.6
301	525	1.5
301	539	3.2
301	599	2.8
301	646	1.3
301	704	2.8
301	705	1.7
301	706	2.8
301	735	4.9
301	739	1.5
301	802	1.7
301	898	1.6
301	903	2.5
301	959	1.1
301	982	2.6
301	985	2.3
301	1246	1.4
301	1249	4.5
301	1400	1.3
301	1464	1.9
301	1767	4.7
301	1775	2.9
301	1803	1.0
301	1934	2.4
301	1988	1.7
301	2184	1.2
301	2343	3.7
301	2346	3.3
301	2988	1.7
301	3200	2.7
301	3741	1.4
301	5458	1.3
333	55	1.4
333	67	3.7
333	97	1.1
333	191	1.1
333	265	2.0
333	288	2.1
333	289	5.0
333	290	1.0
333	291	1.5
333	292	2.8
333	295	2.1
333	298	1.0
333	299	1.9
333	300	1.7
333	302	1.8
333	306	1.6
333	318	1.9
333	320	1.1
333	324	1.1
333	329	1.4
333	333	2.6
333	349	2.0
333	377	1.3
333	386	1.2
333	455	1.3
333	459	1.4
333	466	1.4
333	481	1.1
333	523	4.0
333	679	1.5
333	701	1.8
333	907	1.0
333	1475	1.1
333	1580	2.6
333	2523	1.9
333	3332	2.1
333	3796	1.6
333	4350	2.0
333	4463	1.3
333	5771	2.3
333	5772	2.1
333	5773	1.5
333	5774	1.3
333	5775	1.3
333	5776	1.1
333	5777	1.1
333	5778	1.1
333	5779	1.1
333	5780	1.0
333	5781	1.0
350	55	4.8
350	67	5.0
350	89	1.9
350	161	1.0
350	257	2.5
350	265	1.3
350	288	2.1
350	289	2.9
350	291	2.7
350	292	2.6
350	293	1.1
350	295	1.6
350	296	1.3
350	300	1.5
350	301	2.1
350	306	1.6
350	310	2.1
350	321	1.1
350	323	1.7
350	325	1.0
350	333	2.5
350	334	2.3
350	340	1.2
350	349	1.4
350	350	2.3
350	352	2.7
350	455	1.1
350	461	1.2
350	465	3.4
350	466	1.3
350	544	1.3
350	646	1.8
350	701	2.0
350	790	1.2
350	792	1.6
350	802	1.5
350	889	3.7
350	906	2.7
350	908	1.0
350	1453	1.9
350	1505	1.7
350	2022	2.0
350	2024	1.0
350	2523	1.9
350	2548	3.4
350	3176	1.9
350	3332	1.7
350	4350	2.9
350	5973	2.2
350	5974	1.4
378	67	2.0
378	77	1.6
378	157	5.0
378	159	1.0
378	163	2.2
378	176	1.6
378	180	1.9
378	187	1.3
378	220	1.6
378	227	2.6
378	230	1.3
378	234	1.7
378	251	1.1
378	253	2.7
378	285	4.3
378	377	1.0
378	486	1.4
378	533	1.6
378	562	2.0
378	575	1.6
378	578	1.6
378	601	2.2
378	614	1.6
378	706	2.9
378	735	2.1
378	951	4.0
378	959	2.4
378	966	1.1
378	982	2.7
378	1042	1.9
378	1122	1.7
378	1244	2.3
378	1249	2.5
378	1412	1.4
378	1414	1.0
378	1415	1.5
378	1427	2.5
378	1691	1.1
378	1825	1.9
378	2031	1.1
378	2182	1.7
378	2346	3.1
378	2347	1.9
378	2558	1.6
378	3302	1.8
378	3313	1.7
378	4180	1.5
378	4351	1.7
378	6291	1.2
378	6292	1.2
380	67	3.1
380	89	3.1
380	161	1.4
380	241	1.0
380	257	1.1
380	285	2.9
380	288	3.3
380	289	5.0
380	291	1.4
380	292	2.7
380	294	1.7
380	295	2.9
380	296	2.2
380	299	2.9
380	308	2.1
380	314	1.6
380	317	1.6
380	318	2.7
380	320	1.1
380	323	1.7
380	325	2.0
380	326	1.5
380	332	1.2
380	349	2.3
380	352	1.2
380	456	2.4
380	465	2.9
380	466	2.4
380	476	1.6
380	523	1.5
380	525	1.9
380	543	1.4
380	908	2.0
380	913	1.7
380	915	1.4
380	1052	2.8
380	1596	1.4
380	1601	2.3
380	1602	1.3
380	1937	1.3
380	2094	1.9
380	2990	1.9
380	4883	2.5
380	6308	2.2
380	6309	1.4
380	6310	1.3
380	6311	1.3
380	6312	1.2
380	6313	1.1
380	6314	1.1
400	55	1.0
400	67	1.3
400	89	2.4
400	161	1.4
400	288	2.6
400	289	3.5
400	291	1.4
400	292	1.9
400	293	1.6
400	295	1.3
400	299	3.2
400	300	2.8
400	302	1.4
400	306	2.5
400	310	1.3
400	316	1.3
400	318	2.9
400	325	1.2
400	333	2.9
400	378	1.1
400	461	2.3
400	464	1.7
400	466	5.0
400	475	1.2
400	523	1.3
400	528	1.9
400	531	1.3
400	544	1.3
400	644	1.0
400	681	1.3
400	686	2.7
400	701	2.6
400	704	1.1
400	908	1.5
400	972	2.1
400	1032	1.7
400	1034	1.7
400	1037	2.5
400	1409	1.7
400	1428	2.0
400	1458	2.8
400	1690	2.1
400	2081	1.3
400	3187	1.4
400	3397	1.3
400	4260	1.8
400	4575	1.9
400	6527	1.5
400	6529	1.5
400	6530	1.3
405	55	3.8
405	67	4.0
405	69	1.8
405	89	3.9
405	257	3.6
405	262	2.4
405	279	2.5
405	285	5.0
405	288	2.3
405	289	2.0
405	292	2.6
405	295	2.9
405	296	1.0
405	299	2.3
405	300	1.1
405	310	1.7
405	312	1.4
405	314	2.8
405	317	2.0
405	322	2.5
405	325	1.0
405	329	1.3
405	331	1.8
405	349	2.8
405	350	1.5
405	466	1.6
405	478	1.6
405	485	2.0
405	525	1.4
405	527	1.5
405	543	1.8
405	638	1.2
405	913	1.7
405	1037	1.8
405	1451	2.4
405	1596	1.1
405	2083	1.3
405	2220	2.2
405	4566	2.6
405	4713	1.7
405	4814	2.3
405	5988	1.9
405	6311	1.6
405	6562	3.1
405	6563	2.2
405	6564	1.3
405	6565	1.2
405	6566	1.2
405	6567	1.1
405	6568	1.0
409	67	2.8
409	89	5.0
409	157	2.5
409	159	1.7
409	167	2.7
409	184	3.2
409	187	1.1
409	190	1.0
409	227	1.3
409	228	2.3
409	230	1.9
409	292	3.6
409	295	3.6
409	298	2.1
409	301	1.0
409	302	2.3
409	331	1.7
409	403	1.5
409	468	2.3
409	485	1.9
409	486	2.7
409	518	1.8
409	525	2.5
409	541	2.5
409	544	2.7
409	547	1.6
409	599	3.7
409	706	1.5
409	734	2.9
409	913	1.6
409	959	2.3
409	1116	1.5
409	1249	1.1
409	1379	3.0
409	1412	1.5
409	1506	1.7
409	1511	2.4
409	1613	1.0
409	1810	1.8
409	2176	3.2
409	2923	1.2
409	3171	2.3
409	3576	1.5
409	3716	1.9
409	4543	1.5
409	5678	3.9
409	5984	3.0
409	6590	1.7
409	6591	1.5
409	6592	1.1
503	55	3.2
503	65	1.1
503	67	3.1
503	89	2.5
503	157	1.3
503	161	1.3
503	182	3.2
503	229	2.6
503	257	2.0
503	288	2.0
503	289	5.0
503	292	3.0
503	294	1.1
503	295	2.6
503	298	1.2
503	299	1.6
503	300	2.3
503	306	1.7
503	318	2.9
503	324	1.0
503	325	1.6
503	349	1.5
503	352	3.2
503	418	1.4
503	476	1.2
503	479	1.3
503	525	1.6
503	646	2.4
503	679	3.4
503	689	2.5
503	691	2.6
503	701	1.4
503	802	1.1
503	972	1.3
503	1243	1.7
503	1246	1.3
503	1375	1.4
503	1377	2.1
503	1409	1.7
503	1455	1.1
503	1580	1.6
503	1705	1.4
503	2020	1.7
503	2130	2.8
503	2176	1.6
503	2607	2.6
503	2977	2.3
503	5533	2.1
503	7502	2.8
503	7503	1.3
527	55	1.8
527	67	1.9
527	89	5.0
527	265	1.2
527	288	2.8
527	289	3.1
527	292	2.5
527	295	1.5
527	299	1.3
527	300	1.3
527	302	1.2
527	331	1.8
527	400	2.6
527	461	1.8
527	466	2.6
527	485	2.7
527	528	1.7
527	530	1.2
527	543	2.0
527	544	2.5
527	548	2.3
527	680	2.4
527	689	1.8
527	690	3.2
527	697	2.1
527	704	1.6
527	896	1.1
527	903	1.9
527	959	2.0
527	1034	1.1
527	1037	3.7
527	1379	1.5
527	1452	1.0
527	1934	2.5
527	2025	1.1
527	2091	1.9
527	2094	2.8
527	2098	1.5
527	2102	3.4
527	2521	1.2
527	2543	4.5
527	3404	1.4
527	3502	1.6
527	4704	1.9
527	4814	2.8
527	5150	1.3
527	5460	1.6
527	7349	1.9
527	7781	2.4
527	7782	1.0
536	67	1.8
536	89	3.0
536	157	2.7
536	161	1.9
536	163	1.9
536	184	1.1
536	192	1.4
536	220	1.0
536	227	3.1
536	288	2.5
536	289	5.0
536	292	4.8
536	299	1.4
536	300	2.4
536	301	1.9
536	329	2.8
536	333	2.3
536	455	1.8
536	459	2.2
536	468	1.4
536	511	2.7
536	533	3.1
536	591	1.6
536	614	1.2
536	679	2.3
536	683	3.7
536	701	2.7
536	733	1.8
536	792	1.9
536	802	2.4
536	959	1.3
536	1042	1.9
536	1414	2.7
536	1429	1.1
536	1447	1.1
536	1475	1.4
536	1755	3.3
536	1934	2.9
536	2031	1.1
536	2044	3.3
536	2047	1.0
536	2176	2.2
536	2440	1.1
536	2521	2.0
536	3063	1.2
536	3071	1.4
536	3171	1.3
536	5249	2.2
536	7861	1.6
536	7862	1.4
542	157	1.9
542	289	5.0
542	544	3.0
542	669	2.6
542	679	3.2
542	2184	1.1
542	7864	1.0
553	67	1.8
553	157	4.5
553	161	3.5
553	265	1.6
553	288	1.1
553	289	4.2
553	292	5.0
553	295	1.1
553	300	1.4
553	306	1.1
553	340	1.2
553	346	2.2
553	349	1.9
553	478	2.8
553	535	1.3
553	644	1.3
553	660	1.7
553	908	1.1
553	913	1.0
553	1573	1.8
553	1576	2.2
553	1601	1.2
553	3053	1.1
553	3503	4.0
553	4298	2.8
553	4688	1.1
553	5731	1.4
553	5767	1.8
553	6201	1.2
553	6245	1.5
553	7994	3.6
553	7995	3.3
553	7996	2.7
553	7997	2.6
553	7998	2.6
553	7999	2.5
553	8000	2.0
553	8001	1.7
553	8002	1.6
553	8003	1.6
553	8004	1.6
553	8005	1.4
553	8006	1.4
553	8007	1.4
553	8008	1.4
553	8009	1.3
558	7	2.3
558	67	5.0
558	157	2.4
558	251	1.2
558	340	2.7
558	535	1.5
558	701	1.7
558	889	2.3
558	2789	2.2
558	3304	1.2
558	8051	1.5
558	8052	1.0
571	55	3.1
571	56	1.2
571	58	3.0
571	67	3.2
571	89	3.5
571	155	4.6
571	167	2.7
571	229	2.2
571	288	2.4
571	289	5.0
571	292	1.4
571	295	1.4
571	298	1.1
571	299	1.4
571	300	2.0
571	306	1.3
571	310	1.3
571	318	1.2
571	320	1.5
571	329	2.4
571	333	1.0
571	349	1.8
571	466	2.1
571	467	3.4
571	485	2.7
571	525	2.2
571	538	2.2
571	679	3.6
571	701	2.0
571	787	1.1
571	790	1.6
571	792	1.1
571	795	1.6
571	886	1.0
571	970	1.5
571	1243	1.5
571	1580	1.4
571	2025	1.6
571	2083	1.4
571	2130	1.4
571	2521	1.7
571	2977	1.5
571	3193	1.6
571	3198	1.5
571	3199	1.0
571	3502	1.3
571	3575	2.1
571	3674	1.0
571	5000	1.3
571	5140	1.9
572	55	5.0
572	67	5.0
572	89	3.5
572	97	2.4
572	157	1.2
572	161	1.6
572	167	2.5
572	182	2.0
572	229	2.2
572	257	1.8
572	288	1.8
572	289	4.7
572	292	2.9
572	295	1.7
572	298	2.0
572	299	1.8
572	300	1.7
572	302	1.1
572	306	2.0
572	310	1.2
572	318	1.5
572	325	1.8
572	344	1.2
572	352	2.4
572	461	1.7
572	466	1.7
572	523	1.9
572	535	2.0
572	548	1.0
572	646	2.1
572	679	1.5
572	701	2.6
572	802	1.5
572	890	1.0
572	906	1.9
572	1001	1.6
572	1379	1.8
572	1409	1.0
572	1453	1.4
572	1820	1.7
572	1934	1.7
572	3397	1.1
572	3557	1.1
572	4560	1.0
572	4704	1.7
572	6119	1.8
572	6428	1.3
572	7324	1.0
572	8171	1.1
572	8172	1.0
598	55	1.5
598	89	4.0
598	166	2.2
598	288	2.0
598	289	5.0
598	292	1.9
598	299	1.3
598	300	2.1
598	301	1.4
598	308	1.0
598	316	1.4
598	323	1.8
598	324	1.5
598	328	1.5
598	333	1.6
598	342	1.9
598	349	1.9
598	461	1.1
598	466	1.8
598	498	1.0
598	546	1.0
598	644	2.1
598	679	1.0
598	686	1.2
598	704	1.2
598	903	1.3
598	907	1.2
598	1375	1.1
598	1470	2.0
598	1609	1.9
598	1781	2.9
598	2018	1.3
598	2035	1.5
598	2071	1.5
598	3073	1.6
598	3897	1.4
598	3904	1.3
598	4260	1.1
598	4923	1.5
598	5806	1.5
598	7888	1.4
598	8409	2.7
598	8410	1.9
598	8411	1.8
598	8412	1.7
598	8413	1.7
598	8414	1.6
598	8415	1.6
598	8416	1.2
598	8417	1.1
604	55	1.6
604	67	5.0
604	71	1.7
604	89	2.7
604	155	2.1
604	257	1.6
604	265	2.3
604	288	2.4
604	289	3.0
604	291	1.3
604	292	1.8
604	293	1.4
604	295	1.5
604	296	1.5
604	299	4.2
604	300	1.4
604	301	1.6
604	302	2.0
604	306	1.7
604	310	2.8
604	311	1.8
604	316	1.0
604	333	3.2
604	349	1.6
604	360	2.6
604	378	4.2
604	389	2.3
604	518	1.8
604	525	2.7
604	534	1.3
604	592	1.7
604	701	2.2
604	722	1.4
604	891	2.0
604	907	2.0
604	913	2.0
604	930	3.4
604	959	2.3
604	1729	1.3
604	2220	1.8
604	2523	2.4
604	4883	1.8
604	4920	2.8
604	5767	1.1
604	5768	1.0
604	7148	1.7
604	8495	1.5
604	8496	1.5
604	8497	1.3
604	8498	1.0
609	55	1.0
609	67	1.4
609	89	4.5
609	154	1.0
609	157	1.6
609	159	1.3
609	196	1.3
609	228	3.9
609	229	1.1
609	234	1.7
609	288	2.8
609	289	3.9
609	292	2.0
609	295	2.5
609	298	1.1
609	300	1.5
609	301	1.3
609	318	2.7
609	326	1.8
609	333	1.5
609	425	1.6
609	432	3.2
609	456	3.1
609	461	3.1
609	466	2.8
609	485	1.7
609	523	1.4
609	526	2.2
609	689	2.1
609	703	1.5
609	757	2.1
609	1037	1.6
609	1048	2.8
609	1151	1.7
609	1243	1.0
609	1375	1.1
609	1390	2.9
609	1400	5.0
609	1609	2.1
609	1954	1.6
609	2137	1.7
609	2533	1.5
609	2614	2.9
609	3371	1.6
609	3672	1.8
609	3693	1.3
609	5001	1.1
609	6374	3.2
609	8577	1.7
609	8578	1.4
612	55	5.0
612	56	1.8
612	58	1.9
612	64	1.2
612	65	1.3
612	89	2.6
612	190	1.7
612	207	1.5
612	228	2.2
612	229	1.6
612	288	2.7
612	289	1.9
612	298	1.4
612	300	1.6
612	306	1.3
612	352	2.7
612	424	1.0
612	446	1.5
612	461	1.9
612	526	1.4
612	532	2.4
612	535	2.7
612	546	1.2
612	679	2.0
612	689	1.6
612	701	1.3
612	886	2.2
612	906	3.6
612	1090	1.5
612	1098	2.5
612	1106	1.4
612	1383	1.7
612	1390	2.2
612	1400	2.2
612	1409	1.4
612	1609	1.1
612	1934	2.0
612	2121	1.8
612	2130	1.8
612	2137	1.5
612	2139	1.8
612	3068	1.0
612	3288	1.9
612	3502	1.9
612	3706	1.3
612	4089	1.6
612	5480	1.4
612	8587	1.5
612	8588	1.4
612	8589	1.4
632	55	2.7
632	67	3.4
632	89	3.5
632	207	1.6
632	257	1.6
632	285	1.3
632	288	2.6
632	289	5.0
632	291	3.0
632	292	3.7
632	293	3.2
632	294	1.3
632	295	3.3
632	296	1.5
632	298	2.5
632	299	1.3
632	300	1.5
632	302	2.5
632	306	2.6
632	310	1.0
632	311	1.5
632	318	2.4
632	325	1.2
632	326	1.0
632	333	1.9
632	344	2.2
632	349	1.7
632	352	1.3
632	461	1.5
632	466	4.3
632	498	2.3
632	525	1.5
632	536	2.3
632	538	2.5
632	680	1.1
632	681	1.3
632	701	2.0
632	903	1.7
632	913	1.7
632	972	2.2
632	980	1.6
632	1451	1.1
632	1684	1.6
632	2018	1.2
632	2083	1.6
632	2521	2.2
632	3057	1.6
632	3200	1.0
632	3501	1.2
632	5934	1.0
651	55	3.1
651	64	2.3
651	67	5.0
651	89	2.3
651	157	2.3
651	257	1.1
651	288	1.4
651	289	4.3
651	295	1.6
651	310	2.3
651	329	2.0
651	389	2.6
651	525	2.4
651	701	2.5
651	789	1.2
651	889	1.5
651	903	1.5
651	972	1.5
651	980	1.2
651	1098	1.9
651	1464	2.4
651	1740	1.4
651	1942	1.8
651	2521	2.1
651	2523	1.4
651	3501	3.8
651	3502	2.6
651	3674	2.2
651	4043	1.9
651	4126	1.2
651	4572	2.1
651	6429	2.7
651	7445	3.0
651	8586	2.1
651	8888	3.1
651	8889	1.6
651	8890	1.6
651	8891	1.6
651	8892	1.5
651	8893	1.3
651	8894	1.2
651	8895	1.2
651	8896	1.2
651	8897	1.2
651	8898	1.1
651	8899	1.1
651	8900	1.1
651	8901	1.1
651	8902	1.1
651	8903	1.0
671	89	1.6
671	240	1.1
671	290	3.8
671	299	2.1
671	300	1.5
671	318	1.7
671	327	1.0
671	333	1.8
671	393	1.5
671	455	1.2
671	458	2.8
671	469	1.7
671	486	1.9
671	538	1.2
671	544	2.2
671	646	1.9
671	679	5.0
671	1470	2.2
671	2080	1.6
671	2439	2.2
671	2498	2.0
671	2548	3.8
671	2977	1.4
671	2986	1.0
671	3387	1.0
671	3392	1.3
671	3576	2.3
671	4463	1.5
671	4466	1.5
671	4474	2.0
671	5988	1.2
671	7061	2.7
671	7083	1.2
671	9164	3.0
671	9165	2.2
671	9166	1.9
671	9167	1.9
671	9168	1.8
671	9169	1.8
671	9170	1.6
671	9171	1.6
671	9172	1.5
671	9173	1.5
671	9174	1.5
671	9175	1.4
671	9176	1.4
671	9177	1.4
671	9178	1.1
671	9179	1.1
671	9180	1.1
675	55	4.2
675	67	5.0
675	89	4.1
675	103	1.8
675	167	1.2
675	257	1.3
675	288	2.7
675	289	4.8
675	290	1.6
675	292	2.9
675	294	1.7
675	295	1.8
675	296	4.2
675	299	1.0
675	300	1.0
675	301	1.1
675	306	1.2
675	323	2.4
675	349	1.5
675	352	2.7
675	374	3.1
675	375	2.3
675	423	1.2
675	425	2.4
675	466	1.7
675	530	1.2
675	532	3.5
675	535	1.9
675	544	2.1
675	548	1.7
675	674	1.5
675	679	1.3
675	689	1.6
675	697	1.6
675	703	1.2
675	789	1.5
675	886	1.0
675	906	4.6
675	1001	3.1
675	1009	1.3
675	1934	2.1
675	2094	1.5
675	2102	2.8
675	2521	1.2
675	2543	1.9
675	3490	1.0
675	3491	1.9
675	7445	1.0
675	9202	3.4
675	9203	1.4
679	55	3.9
679	67	3.0
679	89	3.2
679	157	1.5
679	285	2.0
679	288	2.5
679	289	5.0
679	292	2.3
679	295	2.1
679	299	1.9
679	300	1.8
679	306	2.5
679	310	1.6
679	318	2.6
679	325	2.2
679	349	2.5
679	352	1.5
679	386	2.1
679	455	1.9
679	461	2.0
679	466	2.1
679	474	1.1
679	485	1.8
679	523	1.3
679	525	1.1
679	531	1.4
679	535	2.1
679	541	1.5
679	638	3.3
679	674	2.9
679	679	1.5
679	689	1.9
679	791	2.6
679	793	2.3
679	794	2.7
679	1503	1.3
679	1505	1.1
679	1580	1.0
679	2083	1.9
679	2094	2.3
679	3948	2.2
679	4563	2.5
679	4576	1.1
679	4770	1.4
679	4814	1.0
679	5953	1.6
679	8017	1.1
679	8718	2.7
679	9231	2.0
679	9232	1.3
680	55	1.1
680	89	1.8
680	97	2.0
680	172	1.3
680	288	2.1
680	289	3.1
680	291	1.7
680	292	1.8
680	293	2.0
680	300	1.8
680	302	1.1
680	318	2.7
680	325	5.0
680	328	1.5
680	357	1.5
680	360	1.3
680	375	2.1
680	377	1.5
680	461	4.3
680	465	1.2
680	466	2.0
680	475	1.0
680	523	1.3
680	536	1.0
680	686	1.5
680	701	2.2
680	797	1.5
680	811	2.9
680	816	1.0
680	906	1.3
680	907	2.4
680	908	2.1
680	930	1.2
680	951	1.7
680	1021	1.5
680	1601	1.0
680	1797	1.6
680	2094	1.2
680	2102	1.7
680	2500	2.2
680	3324	1.8
680	3763	1.0
680	4156	2.0
680	4562	1.1
680	4767	1.0
680	7390	2.7
680	7448	1.7
680	9233	1.8
680	9234	1.3
680	9235	1.3
689	55	2.9
689	67	3.4
689	89	5.0
689	161	1.6
689	180	2.8
689	288	2.4
689	289	3.7
689	292	2.4
689	295	1.4
689	299	1.7
689	300	2.4
689	304	1.9
689	306	2.7
689	311	1.4
689	317	1.8
689	325	1.4
689	326	2.0
689	328	1.9
689	333	4.2
689	344	3.5
689	352	3.0
689	461	2.5
689	466	3.1
689	486	1.4
689	531	1.4
689	542	2.1
689	543	2.3
689	544	2.5
689	679	3.9
689	701	1.9
689	982	2.0
689	1452	1.1
689	1456	3.1
689	1795	2.2
689	2046	1.0
689	2067	1.1
689	2082	1.5
689	2548	3.0
689	3311	1.4
689	3393	2.1
689	3741	1.5
689	4912	2.0
689	5988	1.8
689	7864	1.2
689	9278	3.0
689	9279	1.8
689	9280	1.5
689	9281	1.4
689	9282	1.1
689	9283	1.1
717	55	2.8
717	67	2.4
717	89	1.4
717	157	2.2
717	257	1.5
717	288	1.0
717	289	5.0
717	291	1.0
717	292	3.3
717	293	1.0
717	295	1.7
717	298	2.6
717	299	1.8
717	300	2.3
717	301	1.4
717	302	1.8
717	306	2.2
717	310	1.2
717	311	1.1
717	314	1.1
717	318	1.0
717	320	1.0
717	325	2.4
717	333	1.8
717	344	1.3
717	349	1.8
717	377	1.6
717	461	1.7
717	464	1.4
717	466	2.0
717	525	1.0
717	528	2.7
717	542	2.2
717	544	1.4
717	680	1.2
717	701	1.3
717	903	2.4
717	906	1.0
717	908	1.8
717	972	3.1
717	1032	1.0
717	1450	1.2
717	1451	1.4
717	1556	1.9
717	2025	1.7
717	2094	1.3
717	3177	1.2
717	9517	1.6
717	9518	1.3
717	9519	1.0
730	55	1.2
730	67	4.5
730	72	1.2
730	86	2.8
730	89	3.7
730	154	3.2
730	163	1.3
730	185	2.7
730	190	1.3
730	209	3.4
730	227	4.9
730	230	1.4
730	258	1.1
730	288	2.5
730	289	3.9
730	292	3.9
730	295	2.5
730	300	1.3
730	310	1.1
730	314	2.1
730	333	2.5
730	340	1.0
730	344	2.7
730	352	1.0
730	357	2.4
730	461	3.8
730	466	2.2
730	498	2.8
730	511	2.5
730	562	2.1
730	563	1.0
730	704	2.7
730	735	5.0
730	868	1.3
730	874	2.8
730	903	1.1
730	1104	1.8
730	1122	1.1
730	1412	2.3
730	1414	2.0
730	1415	1.4
730	1464	1.2
730	1793	2.4
730	2444	2.0
730	2526	2.2
730	3067	1.5
730	4123	1.7
730	7792	1.0
730	9646	2.1
730	9647	1.1
732	55	4.5
732	67	5.0
732	71	4.0
732	89	3.0
732	167	3.1
732	265	4.3
732	288	2.1
732	289	4.8
732	291	2.3
732	292	3.0
732	295	1.4
732	300	2.5
732	329	3.7
732	333	3.8
732	458	1.4
732	464	1.2
732	466	1.6
732	486	4.1
732	498	2.6
732	524	1.2
732	525	2.3
732	637	1.0
732	640	4.3
732	677	2.4
732	701	4.1
732	962	2.6
732	972	1.3
732	1243	1.5
732	1379	1.6
732	1601	3.4
732	2044	2.8
732	2054	1.2
732	2067	1.5
732	3198	2.2
732	3310	1.6
732	3501	4.6
732	3502	2.5
732	3560	1.1
732	3674	1.3
732	3795	1.2
732	3991	2.3
732	6866	3.0
732	9652	3.2
732	9653	2.4
732	9654	2.0
732	9655	1.7
732	9656	1.2
732	9657	1.1
732	9658	1.1
732	9659	1.0
749	55	1.5
749	65	1.7
749	67	3.3
749	89	2.9
749	191	2.6
749	207	1.0
749	227	1.6
749	229	3.6
749	257	2.6
749	262	1.0
749	288	2.0
749	289	4.3
749	291	1.6
749	292	4.6
749	294	2.2
749	295	2.9
749	298	2.1
749	300	2.7
749	301	1.6
749	306	1.5
749	320	1.7
749	324	1.9
749	325	2.2
749	333	1.4
749	344	2.1
749	349	2.6
749	352	2.3
749	375	1.1
749	461	5.0
749	466	2.1
749	498	1.0
749	523	1.7
749	528	2.3
749	679	3.7
749	688	1.3
749	691	2.0
749	915	1.5
749	961	1.6
749	1243	2.0
749	1246	1.0
749	1377	1.3
749	1459	2.1
749	1602	3.0
749	2025	1.4
749	2544	1.5
749	2584	1.4
749	2977	3.0
749	3128	1.9
749	3397	2.9
749	3488	1.2
779	67	3.6
779	72	4.7
779	89	1.6
779	157	1.7
779	159	1.0
779	163	2.4
779	187	2.7
779	289	3.5
779	475	2.9
779	511	2.8
779	518	1.3
779	539	1.0
779	706	1.1
779	711	1.0
779	722	2.0
779	877	1.8
779	917	2.2
779	919	2.7
779	930	2.2
779	957	1.3
779	959	1.0
779	1415	1.7
779	1463	1.1
779	1596	1.5
779	1704	5.0
779	1793	1.7
779	1900	2.0
779	2500	1.8
779	2514	1.0
779	2533	1.3
779	3719	1.5
779	4258	1.6
779	4871	1.1
779	4912	1.1
779	5254	1.1
779	6200	3.8
779	6626	2.8
779	6748	2.1
779	7414	2.5
779	7415	1.9
779	9978	2.7
779	9979	2.2
779	9980	2.1
779	9981	2.0
779	9982	1.7
779	9983	1.5
779	9984	1.5
779	9985	1.5
779	9986	1.4
779	9987	1.0
793	55	2.8
793	65	2.1
793	67	5.0
793	89	3.1
793	155	1.4
793	157	1.0
793	190	2.1
793	198	1.8
793	207	1.5
793	228	1.1
793	229	1.8
793	265	1.3
793	285	1.3
793	288	2.4
793	289	3.9
793	292	3.0
793	295	2.2
793	296	1.3
793	300	1.2
793	306	2.5
793	310	2.1
793	328	1.4
793	329	1.2
793	349	1.8
793	466	1.6
793	526	1.7
793	532	1.4
793	534	1.4
793	535	2.1
793	538	1.9
793	544	1.1
793	679	2.3
793	886	2.0
793	907	1.2
793	959	1.0
793	1109	1.1
793	1409	1.7
793	1464	1.7
793	2523	1.6
793	3046	2.4
793	3058	1.7
793	3502	1.4
793	3674	1.0
793	4026	1.2
793	5000	1.3
793	5150	1.3
793	8962	1.4
793	10073	1.6
793	10074	1.1
793	10075	1.1
804	67	1.4
804	88	1.0
804	161	1.1
804	288	2.5
804	289	4.4
804	290	1.5
804	291	1.4
804	292	1.7
804	293	1.3
804	295	1.3
804	298	1.4
804	299	1.5
804	304	2.6
804	306	2.3
804	310	1.9
804	314	1.9
804	318	1.0
804	320	1.1
804	325	1.8
804	326	2.2
804	327	2.2
804	329	1.4
804	330	2.2
804	333	1.7
804	349	1.1
804	455	2.4
804	456	5.0
804	457	2.1
804	458	1.8
804	459	1.5
804	465	1.0
804	473	1.7
804	474	2.0
804	525	1.1
804	906	1.3
804	907	1.9
804	908	2.7
804	1052	1.0
804	3498	1.2
804	3603	2.5
804	5735	1.6
804	6600	3.6
804	8589	1.7
804	10185	4.0
804	10186	2.2
804	10187	1.4
804	10188	1.3
804	10189	1.3
804	10190	1.1
804	10191	1.0
808	55	3.9
808	67	5.0
808	89	4.7
808	182	1.1
808	229	2.2
808	288	2.7
808	292	2.1
808	300	2.7
808	301	2.7
808	302	1.2
808	320	1.0
808	328	1.3
808	333	1.7
808	352	1.4
808	425	2.1
808	437	1.0
808	466	1.0
808	523	1.9
808	525	4.4
808	526	1.1
808	534	4.4
808	542	1.4
808	546	2.5
808	690	1.7
808	701	1.4
808	714	1.2
808	962	2.2
808	1044	1.3
808	1047	1.3
808	1098	1.0
808	1106	3.0
808	1379	2.6
808	1632	1.6
808	2020	1.7
808	2521	1.8
808	3057	1.2
808	3164	2.5
808	3200	3.7
808	3319	1.1
808	3322	2.2
808	3672	2.6
808	4303	2.0
808	4716	1.7
808	4828	1.5
808	8589	1.7
808	8710	2.0
808	9230	1.7
808	9729	2.1
808	10248	1.9
808	10249	1.1
816	55	1.4
816	89	5.0
816	288	2.5
816	289	1.7
816	291	1.0
816	292	1.9
816	293	1.1
816	295	2.0
816	296	1.0
816	298	1.8
816	299	1.5
816	300	1.8
816	301	1.1
816	302	1.3
816	306	2.3
816	310	1.3
816	318	1.1
816	320	1.4
816	325	1.1
816	329	1.3
816	331	1.0
816	349	2.0
816	352	1.5
816	458	1.3
816	461	1.5
816	466	2.1
816	523	1.0
816	525	1.5
816	526	1.3
816	528	1.4
816	541	1.4
816	543	1.1
816	545	2.0
816	686	1.5
816	690	1.0
816	701	1.4
816	907	1.8
816	908	1.5
816	915	1.5
816	982	1.4
816	1034	1.0
816	1441	1.4
816	2543	1.1
816	3080	2.6
816	3316	1.1
816	3397	1.3
816	4562	1.5
816	4814	1.0
816	5984	1.0
816	10320	1.3
819	55	1.4
819	67	2.2
819	89	2.9
819	251	1.6
819	257	2.3
819	265	1.3
819	285	1.3
819	288	2.2
819	289	5.0
819	291	1.6
819	292	2.4
819	294	2.8
819	295	1.7
819	298	1.2
819	299	1.2
819	300	1.8
819	318	1.6
819	320	1.2
819	325	1.7
819	326	1.1
819	329	1.1
819	333	2.1
819	349	1.4
819	352	1.3
819	374	1.2
819	377	1.2
819	466	1.5
819	523	1.0
819	525	1.1
819	530	1.4
819	908	1.0
819	1580	1.7
819	2092	1.3
819	2094	1.6
819	2523	1.3
819	3330	2.5
819	5778	1.2
819	7393	2.4
819	7864	1.5
819	10329	1.1
819	10330	1.0
873	55	2.0
873	67	3.5
873	89	3.7
873	97	1.0
873	157	1.1
873	257	3.3
873	279	1.1
873	285	2.0
873	288	2.8
873	289	5.0
873	290	1.7
873	291	1.7
873	292	3.1
873	294	1.9
873	295	3.5
873	296	1.9
873	298	1.7
873	299	2.0
873	300	2.4
873	302	2.2
873	306	1.3
873	308	1.3
873	310	1.7
873	311	1.3
873	314	2.6
873	317	1.4
873	325	1.1
873	329	1.4
873	332	1.5
873	333	1.3
873	344	1.3
873	349	2.3
873	354	1.4
873	377	1.2
873	378	1.2
873	461	1.0
873	466	2.5
873	523	1.1
873	543	1.7
873	701	2.4
873	1037	1.1
873	1379	1.3
873	1580	1.1
873	2025	1.8
873	10730	1.7
873	10731	1.7
873	10732	1.6
873	10733	1.2
873	10734	1.1
873	10735	1.0
885	55	2.9
885	67	3.8
885	89	2.9
885	157	1.1
885	257	1.9
885	285	1.6
885	288	3.2
885	289	5.0
885	292	2.7
885	293	2.7
885	295	2.2
885	298	1.1
885	299	2.2
885	300	1.9
885	306	2.3
885	309	1.0
885	310	1.6
885	312	2.2
885	314	1.7
885	317	1.8
885	318	2.7
885	325	2.0
885	328	1.1
885	333	2.2
885	349	3.6
885	455	2.2
885	456	1.6
885	466	3.2
885	523	2.9
885	525	1.6
885	528	1.7
885	543	1.5
885	680	2.4
885	701	1.6
885	704	2.4
885	794	1.4
885	907	1.3
885	908	1.2
885	1451	1.7
885	1589	1.1
885	1684	2.2
885	2018	1.1
885	2392	1.0
885	2523	1.5
885	3075	2.3
885	3397	1.4
885	3489	1.0
885	9401	2.3
885	10822	2.6
885	10823	1.1
898	55	3.5
898	64	1.2
898	67	5.0
898	77	2.3
898	89	2.1
898	94	1.0
898	155	1.0
898	157	2.4
898	180	1.3
898	227	1.4
898	257	1.0
898	258	1.0
898	261	2.0
898	285	1.8
898	288	1.7
898	289	3.0
898	292	2.2
898	295	2.6
898	299	2.6
898	300	1.5
898	306	1.7
898	310	1.3
898	316	1.6
898	328	1.9
898	329	1.3
898	332	1.1
898	340	2.1
898	349	1.2
898	355	1.6
898	523	1.8
898	525	1.8
898	535	1.6
898	701	1.8
898	792	1.2
898	889	3.0
898	906	1.0
898	985	1.1
898	1098	2.6
898	1399	1.3
898	1681	1.1
898	1771	1.7
898	1820	2.4
898	2523	1.1
898	3281	1.0
898	4868	2.4
898	5416	1.5
898	5775	2.0
898	5973	1.2
898	6721	1.6
898	10918	1.1
911	67	1.9
911	89	3.3
911	161	1.1
911	191	1.9
911	238	1.3
911	288	2.3
911	289	5.0
911	290	1.5
911	292	2.7
911	295	2.1
911	299	1.1
911	300	2.8
911	306	2.2
911	308	1.1
911	310	1.1
911	318	1.2
911	324	1.1
911	327	1.1
911	328	3.1
911	329	2.5
911	333	1.4
911	349	1.3
911	459	1.0
911	464	1.4
911	466	2.5
911	476	1.2
911	484	1.0
911	485	1.2
911	523	1.5
911	528	1.5
911	545	1.4
911	644	1.3
911	661	1.3
911	679	1.0
911	907	1.2
911	968	1.3
911	1009	1.2
911	1379	1.1
911	1444	1.1
911	1449	1.8
911	1456	2.0
911	1486	1.3
911	2020	2.7
911	2081	1.3
911	2521	1.8
911	4309	1.3
911	4685	1.0
911	5478	1.0
911	7293	1.3
911	10992	1.2
955	55	3.9
955	67	3.3
955	72	1.9
955	157	1.8
955	167	1.5
955	172	1.6
955	173	2.4
955	226	1.8
955	230	3.7
955	285	3.9
955	369	1.4
955	388	1.0
955	468	1.9
955	511	2.3
955	536	1.0
955	715	1.6
955	716	1.5
955	789	2.2
955	969	1.2
955	1090	2.7
955	1104	1.5
955	1406	1.5
955	1427	1.1
955	1825	3.3
955	1826	1.2
955	2783	1.4
955	3313	1.4
955	3503	2.6
955	4348	5.0
955	4932	2.1
955	5568	2.0
955	8992	1.2
955	8998	1.7
955	10130	1.5
955	11336	3.3
955	11337	2.9
955	11338	2.5
955	11339	2.1
955	11340	1.9
955	11341	1.8
955	11342	1.8
955	11343	1.6
955	11344	1.6
955	11345	1.6
955	11346	1.2
955	11347	1.2
955	11348	1.1
955	11349	1.1
955	11350	1.1
955	11351	1.0
963	55	2.4
963	67	5.0
963	89	2.2
963	157	1.7
963	187	2.0
963	283	1.2
963	289	1.5
963	306	1.3
963	340	1.7
963	679	1.1
963	725	1.2
963	794	2.5
963	877	1.3
963	903	1.4
963	985	3.1
963	1001	1.0
963	1014	2.3
963	1015	1.0
963	1062	1.6
963	1243	1.1
963	1464	4.9
963	1465	2.9
963	1471	1.8
963	1480	1.6
963	1755	2.2
963	1892	1.9
963	1941	1.6
963	3281	2.0
963	5458	1.4
963	5775	2.2
963	6232	2.4
963	6703	2.9
963	6869	1.1
963	7452	1.1
963	8067	1.1
963	9745	1.3
963	10358	1.7
963	11171	1.5
963	11443	2.5
963	11444	2.2
963	11445	2.1
963	11446	1.9
963	11447	1.7
963	11448	1.4
963	11449	1.3
963	11450	1.2
963	11451	1.1
963	11452	1.1
963	11453	1.0
963	11454	1.0
1014	65	1.0
1014	67	5.0
1014	288	1.0
1014	301	1.3
1014	306	2.0
1014	327	1.0
1014	328	2.6
1014	455	2.1
1014	458	3.6
1014	461	1.7
1014	466	2.3
1014	527	1.0
1014	545	1.0
1014	686	1.0
1014	903	1.0
1014	1037	1.5
1014	1042	1.3
1014	1444	1.3
1014	1449	2.1
1014	1452	2.2
1014	1455	1.0
1014	1475	2.1
1014	1673	2.8
1014	4811	1.5
1014	8375	1.3
1017	55	2.3
1017	67	1.3
1017	89	2.2
1017	161	2.0
1017	191	2.0
1017	257	2.7
1017	265	1.1
1017	288	2.3
1017	289	5.0
1017	290	1.1
1017	291	2.7
1017	292	3.1
1017	293	1.6
1017	294	3.5
1017	295	2.0
1017	296	2.1
1017	299	2.5
1017	300	1.4
1017	301	1.3
1017	310	1.1
1017	311	1.7
1017	318	2.2
1017	325	3.1
1017	328	1.8
1017	333	1.6
1017	342	1.0
1017	344	1.3
1017	349	1.3
1017	352	3.5
1017	386	1.1
1017	461	2.3
1017	465	2.9
1017	466	2.0
1017	476	1.5
1017	543	1.7
1017	637	1.3
1017	641	2.9
1017	644	1.8
1017	701	2.9
1017	909	2.6
1017	915	2.1
1017	966	1.2
1017	1025	1.1
1017	1051	1.5
1017	1459	2.0
1017	1591	1.4
1017	3397	2.0
1017	3491	3.6
1017	6308	1.4
1017	11813	1.0
1023	55	3.3
1023	67	4.1
1023	89	3.9
1023	157	2.5
1023	220	1.2
1023	288	2.1
1023	289	5.0
1023	292	4.2
1023	295	1.7
1023	298	2.6
1023	300	3.5
1023	302	1.3
1023	306	1.2
1023	310	1.6
1023	333	3.1
1023	349	1.3
1023	350	1.9
1023	352	2.3
1023	375	2.7
1023	466	3.2
1023	486	2.6
1023	525	1.6
1023	528	1.0
1023	532	1.2
1023	679	2.2
1023	689	1.8
1023	691	1.9
1023	701	1.8
1023	704	1.5
1023	708	2.0
1023	789	1.3
1023	797	1.2
1023	886	1.6
1023	906	1.7
1023	908	1.2
1023	970	1.7
1023	1034	1.5
1023	1456	1.2
1023	1505	2.1
1023	1705	1.9
1023	2102	1.9
1023	2523	1.5
1023	2543	1.6
1023	2801	1.5
1023	3194	1.6
1023	3200	1.5
1023	3324	1.9
1023	3391	1.2
1023	4704	2.0
1023	6262	1.1
1065	58	1.0
1065	72	1.0
1065	89	3.6
1065	157	1.6
1065	257	2.2
1065	288	2.0
1065	289	1.9
1065	291	1.6
1065	292	2.9
1065	294	1.4
1065	295	2.6
1065	298	1.1
1065	300	1.9
1065	301	2.3
1065	302	1.0
1065	306	1.9
1065	311	1.7
1065	328	1.4
1065	329	1.3
1065	333	1.5
1065	344	1.8
1065	349	1.9
1065	377	1.1
1065	378	2.1
1065	403	1.2
1065	499	1.2
1065	506	1.1
1065	518	1.6
1065	525	1.4
1065	903	2.0
1065	1009	1.4
1065	1098	1.1
1065	1123	1.0
1065	1388	1.3
1065	1491	1.1
1065	1609	1.2
1065	1797	1.0
1065	2309	5.0
1065	2317	1.6
1065	2498	1.2
1065	2646	1.1
1065	3502	1.2
1065	6930	1.0
1065	12084	2.2
1065	12085	1.6
1065	12086	1.6
1065	12087	1.3
1065	12088	1.1
1065	12089	1.1
1065	12090	1.1
1069	55	3.7
1069	67	3.7
1069	89	3.0
1069	220	1.1
1069	283	1.3
1069	288	2.6
1069	289	5.0
1069	292	1.8
1069	295	2.6
1069	299	2.9
1069	300	2.1
1069	309	1.7
1069	310	1.8
1069	326	1.1
1069	328	1.1
1069	349	3.2
1069	456	1.5
1069	525	1.6
1069	542	1.7
1069	701	3.6
1069	708	3.4
1069	1009	1.0
1069	1045	3.2
1069	1241	1.6
1069	1432	1.7
1069	1436	1.7
1069	1681	1.6
1069	2080	1.9
1069	2440	2.7
1069	2462	2.0
1069	2983	1.5
1069	3074	3.1
1069	3173	1.4
1069	3198	2.2
1069	3376	1.8
1069	4716	2.8
1069	4850	1.3
1069	5249	1.0
1069	6120	1.5
1069	6792	1.0
1069	7727	2.1
1069	8371	2.4
1069	8380	1.7
1069	11139	1.3
1069	12098	1.8
1069	12099	1.2
1069	12100	1.1
1069	12101	1.1
1069	12102	1.0
1069	12103	1.0
1092	55	1.6
1092	56	1.4
1092	64	2.1
1092	65	1.4
1092	67	3.3
1092	71	2.8
1092	89	3.2
1092	257	2.3
1092	288	2.4
1092	289	3.4
1092	291	1.4
1092	292	1.3
1092	295	1.5
1092	298	1.2
1092	300	2.7
1092	301	2.0
1092	302	2.4
1092	306	1.8
1092	311	1.0
1092	317	1.5
1092	374	5.0
1092	375	3.2
1092	485	1.2
1092	679	1.3
1092	701	1.5
1092	1052	1.6
1092	1383	3.4
1092	1857	1.9
1092	1922	1.7
1092	1934	1.5
1092	2086	3.1
1092	2094	2.5
1092	2101	2.9
1092	2102	1.8
1092	2111	1.4
1092	2521	2.9
1092	2523	1.4
1092	2546	1.6
1092	2808	1.3
1092	3081	2.0
1092	3324	4.5
1092	3490	2.9
1092	5093	2.4
1092	5150	1.6
1092	9567	2.3
1092	9569	1.7
1092	10226	1.4
1092	12280	1.3
1092	12281	1.2
1092	12282	1.0
1104	55	3.3
1104	63	2.7
1104	67	4.4
1104	77	2.4
1104	89	1.6
1104	157	3.9
1104	180	2.5
1104	192	2.6
1104	241	1.4
1104	251	2.8
1104	257	4.2
1104	258	2.4
1104	261	1.5
1104	265	3.3
1104	285	2.2
1104	289	1.9
1104	292	3.9
1104	295	2.4
1104	340	2.0
1104	455	1.8
1104	459	1.3
1104	479	5.0
1104	601	4.5
1104	889	2.0
1104	913	1.4
1104	959	3.1
1104	1000	1.5
1104	1001	2.3
1104	1081	2.2
1104	1098	4.8
1104	1414	3.7
1104	1427	4.0
1104	1464	2.6
1104	1602	1.0
1104	1764	3.8
1104	1820	3.6
1104	1850	2.0
1104	2183	3.3
1104	2346	1.6
1104	2783	1.3
1104	3878	1.9
1104	6376	1.7
1104	6722	3.5
1104	6959	1.5
1104	8422	3.5
1104	8802	1.6
1104	12129	1.7
1104	12351	2.5
1104	12352	1.4
1104	12353	1.0
1124	67	2.5
1124	89	3.5
1124	288	2.6
1124	289	3.2
1124	292	1.5
1124	293	3.7
1124	295	2.0
1124	298	1.2
1124	299	1.0
1124	300	1.2
1124	304	1.4
1124	310	1.2
1124	311	1.4
1124	318	1.4
1124	325	2.2
1124	333	1.4
1124	344	1.5
1124	349	1.4
1124	362	3.2
1124	461	3.3
1124	466	1.6
1124	475	2.0
1124	498	1.9
1124	518	2.9
1124	523	1.3
1124	528	2.0
1124	530	1.4
1124	532	1.1
1124	542	1.9
1124	544	1.8
1124	679	2.7
1124	686	2.8
1124	689	3.0
1124	701	3.0
1124	790	1.7
1124	930	2.2
1124	972	1.5
1124	1032	1.3
1124	1034	2.8
1124	1098	2.7
1124	1114	1.1
1124	1246	1.6
1124	2025	2.8
1124	2083	2.1
1124	3125	1.5
1124	3198	5.0
1124	3200	1.0
1124	3332	1.7
1124	6430	1.2
1124	7389	1.0
1136	55	1.7
1136	56	1.4
1136	89	3.6
1136	288	2.0
1136	289	3.7
1136	292	2.1
1136	293	1.2
1136	300	2.5
1136	306	1.3
1136	318	1.8
1136	323	2.8
1136	324	2.0
1136	333	1.3
1136	344	3.5
1136	352	1.4
1136	430	4.2
1136	461	2.2
1136	464	3.4
1136	466	5.0
1136	524	2.7
1136	526	1.5
1136	535	2.1
1136	618	1.1
1136	679	2.5
1136	686	2.2
1136	689	2.2
1136	690	3.4
1136	691	1.9
1136	704	1.7
1136	779	1.0
1136	906	2.0
1136	980	1.4
1136	1034	1.3
1136	1037	3.0
1136	1059	2.4
1136	1481	2.0
1136	1503	1.1
1136	2083	4.2
1136	2392	1.4
1136	2521	2.8
1136	2543	3.2
1136	3322	2.6
1136	3404	3.5
1136	4814	3.3
1136	5147	1.6
1136	5149	2.1
1136	7706	1.4
1136	10684	2.4
1136	11335	1.1
1136	12575	1.3
1137	55	3.6
1137	67	5.0
1137	71	2.4
1137	155	2.1
1137	183	1.3
1137	241	1.6
1137	257	3.9
1137	265	3.6
1137	285	1.7
1137	288	3.5
1137	289	4.2
1137	291	1.1
1137	292	3.3
1137	295	2.2
1137	299	2.9
1137	306	2.2
1137	310	1.9
1137	316	3.2
1137	349	2.3
1137	360	2.0
1137	463	1.3
1137	525	1.7
1137	529	1.6
1137	535	1.0
1137	641	1.6
1137	701	2.5
1137	722	3.3
1137	787	2.2
1137	966	1.7
1137	968	1.7
1137	1009	2.5
1137	1399	1.4
1137	1505	2.2
1137	1601	2.2
1137	2064	1.3
1137	2390	3.4
1137	2391	3.3
1137	2783	2.3
1137	3063	2.5
1137	3316	1.8
1137	3865	1.3
1137	3873	1.3
1137	4024	3.2
1137	5072	2.3
1137	5249	1.5
1137	7846	2.8
1137	9234	1.3
1137	12576	2.1
1137	12577	1.7
1137	12578	1.4
1146	65	1.1
1146	67	1.1
1146	81	1.4
1146	157	1.1
1146	187	1.3
1146	190	2.1
1146	217	1.1
1146	223	1.5
1146	289	1.4
1146	300	1.1
1146	307	1.6
1146	329	1.3
1146	362	1.0
1146	378	5.0
1146	436	2.1
1146	455	4.1
1146	469	1.6
1146	475	1.3
1146	498	2.3
1146	499	2.3
1146	518	1.5
1146	542	1.7
1146	708	1.1
1146	814	1.1
1146	907	1.0
1146	930	1.2
1146	1034	2.4
1146	1098	1.6
1146	1118	1.4
1146	1375	1.3
1146	1378	1.8
1146	1459	1.2
1146	1672	1.1
1146	1983	1.3
1146	2840	1.1
1146	3081	1.3
1146	3255	1.2
1146	3378	1.6
1146	3568	3.1
1146	4474	1.2
1146	7091	3.7
1146	8707	1.7
1146	10827	2.5
1146	12544	1.2
1146	12651	1.9
1146	12652	1.8
1146	12653	1.6
1146	12654	1.3
1146	12655	1.2
1146	12656	1.1
1184	55	2.9
1184	58	1.5
1184	67	4.2
1184	89	5.0
1184	155	1.1
1184	167	3.1
1184	230	1.0
1184	288	1.5
1184	289	4.0
1184	292	2.3
1184	295	2.2
1184	299	1.0
1184	300	2.9
1184	302	1.4
1184	306	1.4
1184	310	1.3
1184	321	1.8
1184	328	2.6
1184	329	1.3
1184	331	1.6
1184	466	1.5
1184	485	1.9
1184	525	1.1
1184	532	1.9
1184	546	1.1
1184	701	2.8
1184	794	1.3
1184	886	1.5
1184	889	1.6
1184	903	2.5
1184	980	1.3
1184	1244	2.6
1184	1464	2.4
1184	1475	1.4
1184	2018	2.5
1184	2858	1.4
1184	3069	1.6
1184	3080	1.4
1184	3310	1.5
1184	3403	1.0
1184	3557	1.3
1184	3948	1.4
1184	4024	1.0
1184	5239	1.7
1184	6527	2.0
1184	8067	1.3
1184	12984	1.8
1184	12985	1.7
1184	12986	1.1
1184	12987	1.0
1189	55	4.2
1189	67	4.1
1189	89	3.5
1189	230	2.1
1189	257	2.5
1189	288	3.5
1189	289	5.0
1189	292	3.4
1189	295	1.8
1189	299	2.7
1189	301	1.9
1189	302	2.2
1189	306	1.4
1189	310	2.5
1189	314	1.1
1189	325	1.7
1189	328	1.1
1189	333	3.0
1189	349	2.1
1189	352	1.2
1189	458	1.4
1189	461	3.0
1189	466	3.3
1189	485	2.2
1189	525	2.9
1189	531	1.1
1189	535	2.3
1189	542	1.8
1189	543	1.6
1189	544	2.0
1189	686	3.5
1189	701	2.8
1189	790	1.9
1189	797	2.3
1189	903	1.8
1189	1032	2.4
1189	1034	2.8
1189	1042	1.6
1189	1047	1.8
1189	1050	1.4
1189	1243	1.3
1189	1451	1.3
1189	1452	1.0
1189	2091	1.4
1189	2521	2.2
1189	2801	1.2
1189	2984	2.1
1189	4707	1.3
1189	5150	2.5
1189	7830	1.2
1220	58	1.7
1220	64	1.8
1220	65	1.7
1220	67	3.5
1220	70	1.4
1220	80	1.5
1220	84	1.0
1220	97	2.1
1220	157	2.4
1220	159	3.6
1220	167	1.1
1220	172	1.1
1220	173	5.0
1220	183	1.9
1220	199	1.3
1220	228	1.2
1220	229	1.2
1220	292	4.4
1220	301	2.2
1220	378	1.9
1220	416	1.1
1220	425	1.9
1220	432	1.3
1220	436	2.0
1220	437	1.5
1220	533	2.8
1220	546	1.0
1220	689	3.4
1220	701	2.2
1220	757	2.1
1220	886	2.3
1220	901	1.2
1220	903	2.1
1220	1001	1.4
1220	1009	1.7
1220	1090	1.7
1220	1409	2.6
1220	1424	1.1
1220	1556	2.0
1220	1934	2.1
1220	1954	1.2
1220	2083	1.5
1220	2277	1.5
1220	3502	1.4
1220	4384	1.2
1220	4435	2.2
1220	5045	1.3
1220	5150	1.3
1220	5932	1.0
1220	8675	1.1
1233	55	5.0
1233	56	2.6
1233	64	1.6
1233	67	4.9
1233	89	1.1
1233	288	1.1
1233	289	4.0
1233	299	3.1
1233	310	2.4
1233	323	1.1
1233	328	1.7
1233	352	1.4
1233	386	1.2
1233	532	2.0
1233	535	3.0
1233	701	1.7
1233	786	1.1
1233	789	4.5
1233	792	3.0
1233	886	1.7
1233	906	3.9
1233	1001	2.4
1233	1109	1.2
1233	1395	1.6
1233	1409	1.0
1233	1464	2.7
1233	1729	3.7
1233	2018	1.2
1233	2521	1.5
1233	3193	2.0
1233	3397	1.5
1233	3491	1.0
1233	3795	1.6
1233	4153	1.1
1233	4983	1.3
1233	5178	1.0
1233	7243	1.2
1233	7302	1.5
1233	7814	2.1
1233	7821	1.0
1233	8586	1.2
1233	9134	1.3
1233	10691	1.8
1233	11084	2.2
1233	13351	3.9
1233	13352	2.5
1233	13353	2.2
1233	13354	1.8
1233	13355	1.5
1233	13356	1.1
1234	53	1.1
1234	55	3.6
1234	72	2.4
1234	77	2.6
1234	86	2.0
1234	89	3.8
1234	155	1.6
1234	157	1.4
1234	175	1.6
1234	187	2.4
1234	288	2.8
1234	289	3.4
1234	292	1.5
1234	301	1.5
1234	466	2.2
1234	486	1.3
1234	502	1.6
1234	544	4.2
1234	690	1.3
1234	972	1.6
1234	1001	3.8
1234	1004	1.5
1234	1379	1.6
1234	1571	2.9
1234	1772	1.4
1234	1793	1.3
1234	1892	1.8
1234	2044	2.3
1234	2054	1.7
1234	2067	1.8
1234	2521	1.8
1234	3367	4.1
1234	3501	5.0
1234	3966	3.2
1234	4707	1.0
1234	4880	4.1
1234	6705	1.7
1234	7643	1.6
1234	8002	2.5
1234	8283	1.2
1234	9656	1.8
1234	9742	1.5
1234	13357	2.5
1234	13358	2.4
1234	13359	1.7
1234	13360	1.7
1234	13361	1.7
1234	13362	1.4
1234	13363	1.2
1234	13364	1.0
1247	55	4.2
1247	67	4.9
1247	89	3.3
1247	157	1.9
1247	191	1.4
1247	257	1.6
1247	265	2.2
1247	288	2.7
1247	289	5.0
1247	291	2.5
1247	292	4.3
1247	295	2.4
1247	300	2.7
1247	302	1.7
1247	305	1.3
1247	309	1.7
1247	310	1.4
1247	318	3.7
1247	320	1.6
1247	325	3.0
1247	328	1.4
1247	329	1.1
1247	331	1.1
1247	333	1.7
1247	349	1.8
1247	352	1.0
1247	386	2.3
1247	461	3.1
1247	466	3.0
1247	475	1.1
1247	498	1.0
1247	523	2.2
1247	531	1.0
1247	679	2.9
1247	680	1.4
1247	681	1.3
1247	686	2.2
1247	701	1.4
1247	793	1.9
1247	907	1.2
1247	1037	1.1
1247	1379	1.2
1247	1580	1.4
1247	1684	1.3
1247	1700	2.7
1247	2521	1.1
1247	3397	1.7
1247	4920	2.2
1247	13444	1.8
1247	13445	1.6
1263	55	2.0
1263	67	1.1
1263	89	1.7
1263	157	1.5
1263	283	2.9
1263	288	1.0
1263	289	5.0
1263	290	1.0
1263	292	1.3
1263	295	1.5
1263	299	1.8
1263	300	1.0
1263	305	1.5
1263	315	2.7
1263	318	1.7
1263	324	1.8
1263	325	1.6
1263	377	1.4
1263	461	1.1
1263	523	1.5
1263	536	1.6
1263	637	2.2
1263	638	1.4
1263	641	1.4
1263	669	2.3
1263	679	2.6
1263	701	2.7
1263	790	1.9
1263	791	1.4
1263	1246	1.0
1263	2018	1.3
1263	2645	1.9
1263	3173	2.1
1263	3176	1.8
1263	3873	1.2
1263	4461	1.3
1263	4709	1.7
1263	6119	1.5
1263	7340	1.3
1263	7448	1.1
1263	7452	1.2
1263	7706	1.5
1263	8718	2.9
1263	13547	3.1
1263	13548	1.6
1263	13549	1.5
1263	13550	1.2
1263	13551	1.2
1263	13552	1.1
1263	13553	1.0
1298	67	4.4
1298	89	3.2
1298	257	1.6
1298	288	3.2
1298	289	4.2
1298	290	1.0
1298	291	2.9
1298	292	2.6
1298	299	1.7
1298	300	1.6
1298	302	1.1
1298	309	3.1
1298	310	1.6
1298	317	1.9
1298	318	2.0
1298	326	1.3
1298	327	1.5
1298	330	2.2
1298	344	3.0
1298	352	2.4
1298	360	4.2
1298	386	1.3
1298	389	2.1
1298	455	2.1
1298	458	1.7
1298	461	3.1
1298	466	2.5
1298	468	1.1
1298	484	1.0
1298	686	1.5
1298	701	1.1
1298	793	1.1
1298	906	1.5
1298	907	2.4
1298	1444	1.6
1298	1447	1.9
1298	1459	2.1
1298	1489	5.0
1298	1589	1.5
1298	1684	1.1
1298	2018	2.1
1298	2437	1.9
1298	3397	1.2
1298	4562	1.9
1298	6459	1.1
1298	6693	1.4
1298	7868	1.0
1298	9847	1.2
1298	10989	1.2
1298	13730	1.0
1300	55	3.4
1300	67	4.1
1300	71	1.1
1300	89	2.5
1300	251	2.3
1300	257	3.1
1300	288	2.6
1300	289	5.0
1300	291	1.8
1300	292	2.2
1300	295	1.7
1300	296	1.0
1300	298	1.7
1300	300	2.9
1300	302	2.4
1300	306	2.0
1300	318	3.0
1300	329	2.0
1300	333	1.0
1300	344	1.7
1300	349	1.5
1300	374	2.0
1300	375	3.1
1300	455	1.4
1300	464	2.1
1300	466	3.6
1300	523	1.8
1300	524	2.5
1300	525	1.4
1300	528	1.7
1300	548	1.4
1300	679	2.4
1300	798	1.0
1300	906	1.8
1300	972	2.5
1300	1556	1.7
1300	1601	2.6
1300	2022	2.0
1300	2024	1.5
1300	2094	2.3
1300	2102	4.2
1300	2521	2.0
1300	2523	2.7
1300	2977	1.3
1300	3324	3.6
1300	3575	1.6
1300	4350	1.2
1300	6063	1.5
1300	13735	1.6
1300	13736	1.2
1301	55	2.9
1301	67	4.5
1301	89	4.1
1301	157	2.0
1301	251	1.5
1301	257	2.9
1301	265	1.2
1301	288	2.4
1301	289	5.0
1301	291	2.4
1301	292	2.3
1301	293	1.4
1301	295	2.9
1301	298	2.8
1301	301	1.8
1301	302	2.9
1301	304	3.0
1301	306	2.0
1301	325	1.1
1301	340	3.7
1301	349	1.8
1301	375	2.6
1301	389	2.1
1301	430	1.5
1301	523	2.4
1301	524	3.3
1301	525	2.8
1301	534	1.1
1301	535	1.3
1301	680	2.4
1301	890	2.5
1301	903	2.4
1301	906	3.6
1301	972	2.3
1301	1098	1.5
1301	1580	1.0
1301	1601	2.0
1301	2022	2.0
1301	2024	2.7
1301	2102	3.3
1301	3057	1.9
1301	3200	1.0
1301	3206	1.0
1301	3324	1.7
1301	3488	2.2
1301	3575	3.2
1301	4350	1.2
1301	5036	3.0
1301	8363	1.5
1301	13735	3.2
1307	89	3.0
1308	55	2.2
1308	65	1.8
1308	67	5.0
1308	89	1.6
1308	157	4.3
1308	251	1.7
1308	253	1.7
1308	257	3.5
1308	265	1.2
1308	285	4.5
1308	288	2.1
1308	289	4.2
1308	290	1.3
1308	291	2.5
1308	292	2.7
1308	293	1.7
1308	294	2.0
1308	295	2.6
1308	296	1.6
1308	299	2.5
1308	301	1.5
1308	302	1.4
1308	305	1.1
1308	311	1.1
1308	316	1.0
1308	318	2.3
1308	325	1.9
1308	329	1.4
1308	333	1.9
1308	349	1.5
1308	362	1.0
1308	378	1.3
1308	455	1.9
1308	465	1.3
1308	466	1.0
1308	518	1.1
1308	523	2.1
1308	525	1.2
1308	701	1.6
1308	889	1.0
1308	903	1.4
1308	913	2.0
1308	966	1.8
1308	1459	1.9
1308	1602	1.8
1308	2024	1.6
1308	2523	2.2
1308	3575	1.2
1308	4915	1.3
1308	13749	1.4
1332	67	1.3
1332	89	5.0
1332	97	1.9
1332	191	1.6
1332	288	2.5
1332	289	3.8
1332	290	2.3
1332	291	2.5
1332	292	2.4
1332	294	2.1
1332	295	2.0
1332	300	2.1
1332	305	1.4
1332	306	1.4
1332	308	1.1
1332	314	1.0
1332	325	1.7
1332	328	1.3
1332	333	2.3
1332	349	1.9
1332	378	1.9
1332	461	2.1
1332	464	1.9
1332	466	3.5
1332	484	1.0
1332	485	1.3
1332	526	1.5
1332	528	1.0
1332	544	1.9
1332	674	2.3
1332	679	1.2
1332	686	1.3
1332	1042	1.1
1332	1051	1.5
1332	1433	1.6
1332	1444	1.6
1332	1456	3.0
1332	1457	1.1
1332	1602	1.2
1332	3316	1.1
1332	3491	1.4
1332	3575	1.3
1332	3576	1.3
1332	4562	1.2
1332	4814	1.1
1332	5684	1.3
1332	7340	1.5
1332	8002	1.1
1332	13944	1.8
1332	13945	1.5
1379	55	1.7
1379	67	1.1
1379	89	1.9
1379	257	1.1
1379	289	3.9
1379	291	2.5
1379	293	2.5
1379	294	1.7
1379	300	2.1
1379	305	1.3
1379	311	2.3
1379	318	2.7
1379	321	1.1
1379	325	1.7
1379	333	2.9
1379	342	2.9
1379	344	5.0
1379	377	1.3
1379	456	3.5
1379	461	2.3
1379	466	1.8
1379	530	1.8
1379	535	1.0
1379	548	1.8
1379	679	3.0
1379	680	1.3
1379	681	1.9
1379	686	1.2
1379	691	1.8
1379	701	3.1
1379	786	1.9
1379	908	1.3
1379	972	1.2
1379	1242	1.2
1379	1459	1.8
1379	1470	1.7
1379	1857	4.5
1379	2546	3.1
1379	2801	1.0
1379	3081	2.0
1379	3327	1.6
1379	3489	1.6
1379	3754	1.1
1379	3763	2.4
1379	3871	1.3
1379	4488	1.0
1379	4867	1.1
1379	14218	3.7
1379	14219	1.4
1379	14220	1.1
1394	65	1.6
1394	67	4.2
1394	88	3.1
1394	89	5.0
1394	154	1.6
1394	167	2.3
1394	190	1.6
1394	207	2.7
1394	217	3.3
1394	227	1.8
1394	228	1.5
1394	230	1.9
1394	288	3.5
1394	289	3.3
1394	291	2.1
1394	292	3.5
1394	295	2.6
1394	298	1.3
1394	300	1.9
1394	302	1.1
1394	306	1.1
1394	310	2.1
1394	320	1.9
1394	344	2.5
1394	349	2.6
1394	353	1.9
1394	355	2.7
1394	416	2.4
1394	430	1.4
1394	466	2.5
1394	498	2.3
1394	545	1.5
1394	546	2.1
1394	679	3.4
1394	689	1.3
1394	703	1.0
1394	735	1.7
1394	903	1.8
1394	980	1.7
1394	982	2.0
1394	1037	2.6
1394	1048	3.6
1394	1243	2.2
1394	1400	1.8
1394	1463	1.8
1394	1613	1.0
1394	1772	3.4
1394	1934	1.2
1394	2176	3.0
1394	13715	1.1
1469	56	2.2
1469	65	3.3
1469	67	2.6
1469	88	1.9
1469	89	3.3
1469	154	2.4
1469	157	1.7
1469	163	2.7
1469	190	2.7
1469	191	1.4
1469	207	1.4
1469	209	2.7
1469	220	1.4
1469	227	2.6
1469	230	5.0
1469	234	2.7
1469	300	2.4
1469	302	1.7
1469	306	1.5
1469	329	1.1
1469	377	2.7
1469	424	1.5
1469	425	1.8
1469	464	1.4
1469	466	1.4
1469	475	2.2
1469	486	1.1
1469	500	1.9
1469	511	1.8
1469	533	2.3
1469	538	1.3
1469	544	1.3
1469	687	1.8
1469	691	1.2
1469	706	3.7
1469	707	1.7
1469	730	1.4
1469	951	2.8
1469	982	1.1
1469	1042	1.6
1469	1044	1.5
1469	1186	1.8
1469	1243	2.0
1469	1249	2.8
1469	1400	2.1
1469	1412	1.1
1469	2346	2.2
1469	2834	1.9
1469	9856	1.0
1469	14722	1.2
1471	55	3.3
1471	67	2.1
1471	157	1.4
1471	176	1.6
1471	191	1.3
1471	234	2.0
1471	256	1.5
1471	257	2.0
1471	283	2.0
1471	288	2.0
1471	289	5.0
1471	292	3.0
1471	295	1.9
1471	300	1.9
1471	302	1.2
1471	306	2.5
1471	316	1.4
1471	318	1.0
1471	328	1.0
1471	349	1.4
1471	355	1.0
1471	375	2.8
1471	377	2.7
1471	461	1.7
1471	466	1.5
1471	468	1.0
1471	498	2.7
1471	517	2.2
1471	523	1.3
1471	535	1.1
1471	538	1.1
1471	541	1.1
1471	542	1.1
1471	614	2.5
1471	646	1.1
1471	679	2.1
1471	686	2.2
1471	701	1.9
1471	802	1.2
1471	1044	2.2
1471	1246	1.8
1471	1369	2.3
1471	1453	1.6
1471	1854	2.3
1471	2014	1.7
1471	2094	3.4
1471	3173	1.2
1471	3741	1.0
1471	6713	1.4
1471	14724	1.4
1532	55	4.3
1532	67	4.9
1532	89	1.9
1532	97	1.1
1532	155	2.5
1532	190	2.1
1532	257	1.8
1532	288	3.5
1532	289	3.2
1532	292	3.2
1532	294	2.4
1532	295	5.0
1532	298	1.0
1532	300	2.9
1532	301	1.9
1532	302	2.2
1532	310	2.1
1532	311	1.0
1532	329	2.4
1532	332	2.1
1532	333	1.6
1532	340	1.2
1532	349	2.1
1532	425	2.5
1532	523	2.9
1532	525	2.6
1532	534	1.7
1532	535	1.9
1532	542	2.8
1532	680	1.3
1532	701	3.5
1532	903	3.0
1532	913	2.2
1532	972	2.1
1532	1052	1.7
1532	1098	1.7
1532	1463	1.3
1532	1556	3.0
1532	1580	2.2
1532	1601	2.8
1532	1694	3.5
1532	1833	1.7
1532	1934	1.3
1532	1935	1.7
1532	2521	3.4
1532	3057	1.1
1532	3173	1.1
1532	3200	1.5
1532	5934	1.1
1532	6313	1.3
1535	89	3.1
1535	190	2.5
1535	191	1.6
1535	209	2.3
1535	227	2.7
1535	230	2.3
1535	291	1.2
1535	324	1.9
1535	333	4.0
1535	344	2.3
1535	412	1.7
1535	430	2.4
1535	461	2.2
1535	464	1.1
1535	471	1.6
1535	481	1.4
1535	498	2.3
1535	530	1.4
1535	532	1.4
1535	537	3.3
1535	540	2.6
1535	686	1.7
1535	687	1.5
1535	691	2.5
1535	1043	2.9
1535	1047	2.9
1535	1189	1.1
1535	1242	1.0
1535	1390	1.9
1535	1590	2.5
1535	1866	1.4
1535	2852	1.0
1535	3079	2.6
1535	3081	1.5
1535	3112	1.4
1535	3273	1.5
1535	3373	2.0
1535	4385	1.3
1535	4559	2.5
1535	4810	2.0
1535	5785	1.3
1535	5950	1.4
1535	6397	1.7
1535	7777	1.8
1535	10318	1.3
1535	10327	1.0
1535	15218	5.0
1535	15219	2.1
1535	15220	1.6
1535	15221	1.2
1540	55	2.1
1540	88	1.3
1540	89	5.0
1540	209	1.9
1540	288	1.6
1540	289	2.6
1540	298	2.1
1540	300	2.3
1540	302	2.9
1540	306	2.6
1540	320	1.1
1540	324	1.9
1540	333	1.1
1540	400	1.8
1540	518	2.2
1540	532	1.5
1540	535	3.0
1540	540	1.2
1540	701	3.7
1540	787	1.7
1540	790	1.5
1540	792	1.8
1540	798	2.0
1540	886	2.3
1540	906	2.1
1540	970	3.1
1540	1392	1.3
1540	1406	1.2
1540	1410	2.2
1540	1432	1.1
1540	1904	1.4
1540	2018	2.1
1540	2091	2.1
1540	2440	2.1
1540	2521	2.4
1540	2944	1.0
1540	3193	2.6
1540	3769	2.0
1540	4024	1.5
1540	4260	1.3
1540	4817	2.8
1540	6054	1.3
1540	7268	1.3
1540	7506	2.5
1540	8136	1.1
1540	11866	1.5
1540	11995	1.1
1540	12921	1.0
1540	15236	1.4
1540	15237	1.0
1552	161	1.0
1552	288	1.0
1552	299	1.0
1552	455	5.0
1552	457	1.0
1552	468	1.0
1552	479	1.0
1552	484	1.0
1552	646	1.0
1552	802	3.3
1552	1475	1.0
1552	15291	1.0
1563	55	4.2
1563	67	2.3
1563	251	1.0
1563	257	1.6
1563	289	2.5
1563	299	4.2
1563	320	3.9
1563	701	4.2
1563	787	1.0
1563	1098	3.5
1563	1121	1.0
1563	1123	1.0
1563	1436	1.9
1563	1438	1.4
1563	1440	1.6
1563	1446	1.4
1563	1475	1.4
1563	2394	1.0
1563	2395	1.9
1563	2440	3.9
1563	2462	3.0
1563	3060	1.9
1563	3311	1.0
1563	3466	1.0
1563	3892	1.4
1563	4260	1.4
1563	4817	5.0
1563	5238	1.4
1563	7838	2.5
1563	7846	2.1
1563	8372	2.1
1563	9820	3.6
1563	10717	2.5
1563	12555	1.6
1563	13669	1.4
1563	14929	1.0
1563	15330	5.0
1563	15331	2.5
1563	15332	1.9
1563	15333	1.9
1563	15334	1.9
1563	15335	1.6
1563	15336	1.6
1563	15337	1.6
1563	15338	1.6
1563	15339	1.6
1563	15340	1.4
1563	15341	1.4
1563	15342	1.4
1563	15343	1.4
1564	55	2.0
1564	67	3.1
1564	97	1.2
1564	157	1.6
1564	161	1.0
1564	257	2.1
1564	288	3.6
1564	289	5.0
1564	291	1.8
1564	292	2.8
1564	294	2.0
1564	295	2.7
1564	298	1.1
1564	299	2.7
1564	300	2.8
1564	302	1.7
1564	306	2.3
1564	314	2.2
1564	321	1.1
1564	325	1.9
1564	328	1.3
1564	331	1.4
1564	333	2.0
1564	344	2.5
1564	349	1.8
1564	352	1.6
1564	458	1.6
1564	461	2.5
1564	466	2.4
1564	475	1.8
1564	523	1.2
1564	528	1.6
1564	531	1.2
1564	543	1.8
1564	646	1.1
1564	679	2.8
1564	681	1.8
1564	686	2.1
1564	701	2.8
1564	802	1.9
1564	1042	1.1
1564	1246	1.0
1564	1428	1.0
1564	1453	1.1
1564	1613	1.3
1564	1934	2.2
1564	2020	1.5
1564	2548	1.0
1564	2984	1.9
1564	3173	1.4
1572	55	1.8
1572	67	3.2
1572	89	2.7
1572	257	2.3
1572	279	1.0
1572	285	2.9
1572	288	3.0
1572	289	5.0
1572	291	2.0
1572	292	3.0
1572	293	2.6
1572	294	1.7
1572	295	1.7
1572	296	2.7
1572	299	2.9
1572	300	1.5
1572	301	1.5
1572	302	2.5
1572	309	1.4
1572	310	1.7
1572	312	1.6
1572	314	1.2
1572	318	2.4
1572	325	1.7
1572	326	1.3
1572	333	3.6
1572	344	2.0
1572	349	2.1
1572	378	1.3
1572	455	1.1
1572	461	1.6
1572	465	1.1
1572	466	2.7
1572	498	1.6
1572	523	2.1
1572	646	2.0
1572	679	1.7
1572	680	2.1
1572	690	1.1
1572	701	1.3
1572	793	1.4
1572	906	2.3
1572	908	1.2
1572	1601	1.6
1572	1684	1.9
1572	2021	1.0
1572	2523	1.5
1572	2801	1.9
1572	6383	1.4
1572	6543	1.6
1590	55	4.8
1590	64	1.4
1590	67	5.0
1590	72	1.5
1590	89	4.9
1590	97	2.0
1590	157	1.2
1590	285	3.1
1590	288	3.2
1590	289	4.7
1590	292	2.0
1590	295	2.4
1590	296	1.3
1590	298	2.3
1590	306	1.0
1590	310	1.7
1590	317	1.0
1590	349	2.1
1590	350	2.2
1590	354	1.6
1590	425	1.6
1590	466	1.8
1590	485	1.5
1590	523	2.6
1590	525	1.5
1590	526	3.5
1590	532	2.2
1590	541	1.0
1590	680	1.6
1590	701	2.1
1590	789	1.7
1590	889	2.9
1590	906	1.6
1590	1098	1.1
1590	1392	1.2
1590	1503	1.1
1590	1609	1.2
1590	2083	2.4
1590	2094	2.3
1590	2521	2.0
1590	3186	1.1
1590	3198	2.9
1590	3288	1.0
1590	3502	3.5
1590	3902	1.2
1590	5735	1.0
1590	7292	2.2
1590	14222	1.1
1590	15468	1.1
1590	15469	1.0
1593	157	2.0
1593	239	2.9
1593	240	1.6
1593	257	2.1
1593	261	1.1
1593	279	2.2
1593	285	1.8
1593	288	1.7
1593	289	3.4
1593	292	4.6
1593	295	5.0
1593	312	3.2
1593	314	4.5
1593	317	1.1
1593	322	3.4
1593	327	1.6
1593	330	3.8
1593	331	1.8
1593	332	1.0
1593	352	1.1
1593	468	1.3
1593	482	1.2
1593	484	1.8
1593	527	1.7
1593	913	1.5
1593	1037	1.8
1593	1042	1.6
1593	1451	1.8
1593	1537	2.2
1593	1544	1.2
1593	1596	2.6
1593	2083	1.0
1593	2220	2.4
1593	2548	2.5
1593	3314	3.5
1593	3317	1.5
1593	3318	2.2
1593	4617	1.8
1593	4713	3.1
1593	4814	1.6
1593	6346	1.2
1593	8081	1.5
1593	8605	1.1
1593	11069	1.0
1593	12535	2.0
1593	12545	1.1
1593	14734	1.7
1593	15473	3.0
1593	15474	1.4
1593	15475	1.0
1600	55	5.0
1600	67	3.3
1600	89	4.2
1600	230	1.4
1600	257	2.6
1600	288	2.9
1600	289	3.5
1600	292	3.7
1600	293	2.6
1600	295	1.0
1600	300	2.2
1600	302	2.6
1600	318	2.1
1600	325	2.5
1600	328	3.0
1600	332	2.4
1600	333	3.4
1600	349	1.4
1600	466	3.1
1600	485	2.6
1600	523	2.1
1600	524	2.5
1600	526	3.0
1600	532	2.7
1600	535	2.6
1600	536	2.5
1600	544	1.9
1600	545	1.9
1600	548	3.0
1600	701	2.1
1600	798	1.0
1600	886	2.0
1600	903	1.0
1600	915	1.1
1600	1062	1.2
1600	1451	1.2
1600	1456	1.8
1600	1580	1.0
1600	2018	1.8
1600	2083	1.0
1600	2521	1.7
1600	3397	1.8
1600	3502	1.0
1600	5926	1.7
1600	7301	1.9
1600	12550	1.5
1600	15168	1.4
1600	15510	1.7
1600	15511	1.5
1600	15512	1.0
1606	55	1.1
1606	67	2.8
1606	89	4.4
1606	97	1.8
1606	157	2.0
1606	190	1.1
1606	217	1.5
1606	228	1.4
1606	257	2.9
1606	288	2.3
1606	289	5.0
1606	290	1.0
1606	291	2.2
1606	292	2.6
1606	293	1.0
1606	294	2.7
1606	295	2.1
1606	298	2.9
1606	300	2.6
1606	304	1.1
1606	306	1.3
1606	314	1.1
1606	321	1.7
1606	322	1.0
1606	325	1.7
1606	333	2.0
1606	344	2.8
1606	349	2.1
1606	352	1.1
1606	355	1.6
1606	461	2.6
1606	464	1.3
1606	466	3.2
1606	498	3.1
1606	524	1.1
1606	528	1.6
1606	544	1.5
1606	548	1.8
1606	646	2.5
1606	679	2.1
1606	681	1.2
1606	686	1.8
1606	689	2.9
1606	701	1.0
1606	802	2.2
1606	1052	1.3
1606	1767	1.0
1606	1934	1.2
1606	2801	1.3
1606	3171	1.4
1607	7	2.6
1607	55	2.3
1607	161	2.2
1607	288	2.2
1607	289	4.3
1607	292	4.3
1607	300	3.0
1607	316	1.1
1607	318	1.1
1607	324	1.1
1607	325	2.8
1607	326	2.5
1607	329	1.8
1607	333	2.4
1607	360	1.2
1607	378	3.1
1607	386	1.7
1607	461	1.2
1607	465	2.5
1607	466	3.0
1607	468	1.2
1607	475	1.7
1607	486	2.1
1607	498	3.5
1607	523	5.0
1607	531	1.6
1607	543	1.2
1607	544	1.7
1607	679	2.9
1607	680	2.4
1607	681	1.7
1607	686	2.5
1607	701	2.1
1607	704	4.3
1607	797	1.9
1607	903	1.5
1607	1034	2.1
1607	1044	1.7
1607	1045	1.0
1607	1249	1.7
1607	1428	1.5
1607	1455	1.8
1607	1580	2.6
1607	1673	1.7
1607	2020	1.6
1607	2521	2.2
1607	12035	1.2
1607	12925	1.3
1607	13740	1.2
1607	15536	1.5
1608	55	1.7
1608	56	1.0
1608	65	1.5
1608	67	3.9
1608	89	2.5
1608	190	2.4
1608	207	1.4
1608	217	1.1
1608	228	1.9
1608	229	3.8
1608	288	1.1
1608	289	5.0
1608	292	3.0
1608	293	1.7
1608	295	1.7
1608	300	2.2
1608	333	1.5
1608	420	1.8
1608	424	1.2
1608	432	1.8
1608	439	2.4
1608	453	1.3
1608	455	1.3
1608	456	1.3
1608	459	1.3
1608	528	1.3
1608	538	1.3
1608	546	2.0
1608	679	2.9
1608	689	1.0
1608	716	1.1
1608	841	1.1
1608	886	1.5
1608	903	2.1
1608	980	1.3
1608	1098	2.7
1608	1104	1.4
1608	1400	3.2
1608	1515	1.1
1608	1934	1.3
1608	2083	1.7
1608	2523	2.6
1608	3200	3.0
1608	3741	1.3
1608	4028	1.7
1608	4706	1.7
1608	5446	1.3
1608	5934	1.2
1608	15537	3.1
1608	15538	1.2
1616	54	1.2
1616	55	3.9
1616	65	1.8
1616	67	3.1
1616	97	2.1
1616	251	1.3
1616	257	4.5
1616	265	2.2
1616	279	1.5
1616	287	2.0
1616	288	2.3
1616	289	3.8
1616	292	5.0
1616	295	1.7
1616	296	1.9
1616	302	1.2
1616	316	3.7
1616	322	2.0
1616	333	1.1
1616	340	1.2
1616	349	1.0
1616	360	1.9
1616	378	2.2
1616	389	4.2
1616	455	3.1
1616	466	2.2
1616	490	2.0
1616	498	2.4
1616	518	1.4
1616	680	2.1
1616	701	2.2
1616	704	1.6
1616	967	2.1
1616	972	2.7
1616	1112	2.8
1616	1377	1.2
1616	1464	2.6
1616	1934	2.1
1616	2022	2.1
1616	2067	2.2
1616	2220	1.3
1616	2523	2.0
1616	4024	1.0
1616	4705	2.1
1616	8290	1.6
1616	8292	3.0
1616	8991	1.1
1616	14516	3.2
1616	15579	1.4
1616	15580	1.4
1633	55	5.0
1633	67	5.0
1633	89	2.9
1633	258	4.5
1633	288	2.4
1633	289	2.9
1633	292	2.7
1633	293	1.1
1633	295	3.6
1633	298	2.1
1633	299	2.8
1633	300	1.5
1633	302	1.6
1633	310	5.0
1633	316	1.9
1633	328	1.6
1633	340	4.0
1633	342	2.1
1633	349	1.7
1633	466	2.9
1633	525	1.6
1633	535	1.3
1633	543	1.4
1633	546	2.5
1633	644	1.5
1633	701	2.5
1633	889	3.3
1633	903	1.4
1633	913	2.2
1633	1052	1.1
1633	1464	1.3
1633	1767	1.2
1633	1771	1.4
1633	2083	3.2
1633	2919	1.1
1633	3067	1.3
1633	3316	1.0
1633	4087	1.6
1633	5416	1.7
1633	6376	4.5
1633	6721	1.1
1633	8287	1.1
1633	9528	1.4
1633	12044	1.1
1633	15742	2.8
1633	15743	2.0
1633	15744	2.0
1633	15745	1.1
1633	15746	1.1
1633	15747	1.0
1648	55	4.3
1648	56	3.1
1648	67	5.0
1648	89	4.1
1648	155	3.0
1648	227	3.4
1648	257	2.3
1648	265	2.2
1648	288	2.7
1648	289	2.2
1648	292	3.2
1648	295	2.6
1648	299	1.6
1648	300	2.5
1648	306	2.1
1648	418	2.9
1648	437	3.2
1648	441	1.7
1648	444	2.0
1648	454	1.6
1648	466	2.2
1648	485	2.3
1648	511	1.1
1648	679	3.7
1648	959	2.0
1648	1034	1.4
1648	1098	2.4
1648	1244	3.1
1648	1384	1.4
1648	1456	1.5
1648	1464	2.8
1648	2533	1.1
1648	2634	3.0
1648	3209	1.3
1648	3411	2.7
1648	3763	2.3
1648	4575	1.4
1648	5150	2.2
1648	5427	2.0
1648	6756	1.4
1648	8027	1.6
1648	12013	1.3
1648	15823	1.9
1648	15824	1.3
1648	15825	1.1
1648	15826	1.1
1648	15827	1.1
1648	15828	1.1
1648	15829	1.1
1648	15830	1.0
1652	67	2.5
1652	89	1.6
1652	155	1.8
1652	157	2.3
1652	190	1.1
1652	207	1.9
1652	220	1.6
1652	230	1.4
1652	250	1.6
1652	257	2.3
1652	289	4.4
1652	292	2.0
1652	295	2.1
1652	300	1.5
1652	321	2.4
1652	329	2.4
1652	331	1.7
1652	349	2.0
1652	355	1.3
1652	377	2.2
1652	455	5.0
1652	456	3.8
1652	457	2.0
1652	459	2.0
1652	462	1.0
1652	469	2.6
1652	486	1.4
1652	489	1.4
1652	498	1.8
1652	511	1.1
1652	517	1.4
1652	910	1.9
1652	913	1.6
1652	951	1.1
1652	1044	1.6
1652	1099	1.6
1652	1244	1.0
1652	1377	1.6
1652	1406	2.3
1652	1464	1.8
1652	2179	1.1
1652	2523	1.2
1652	3568	1.9
1652	3712	2.3
1652	4920	1.1
1652	4927	1.0
1652	5746	1.2
1652	12651	1.7
1652	15847	1.4
1652	15848	1.3
1659	55	1.8
1659	67	3.1
1659	89	5.0
1659	289	2.2
1659	292	3.5
1659	293	1.6
1659	295	1.0
1659	298	1.8
1659	300	1.7
1659	325	1.7
1659	328	1.3
1659	352	2.1
1659	423	3.6
1659	466	3.3
1659	470	1.1
1659	528	2.6
1659	637	2.8
1659	652	1.5
1659	701	1.8
1659	787	1.6
1659	788	2.9
1659	790	2.6
1659	792	1.4
1659	795	2.4
1659	802	1.5
1659	903	1.1
1659	1001	1.1
1659	1392	1.1
1659	1446	1.4
1659	1609	1.8
1659	2390	1.6
1659	2396	2.0
1659	4260	2.1
1659	4702	1.4
1659	6318	2.6
1659	6856	1.9
1659	7502	1.9
1659	12576	1.8
1659	14474	1.2
1659	15288	1.1
1659	15905	2.9
1659	15906	2.4
1659	15907	2.2
1659	15908	2.1
1659	15909	1.9
1659	15910	1.7
1659	15911	1.5
1659	15912	1.1
1659	15913	1.1
1659	15914	1.1
1663	55	2.6
1663	67	3.1
1663	89	2.1
1663	157	3.8
1663	180	2.2
1663	251	2.9
1663	257	3.8
1663	265	5.0
1663	288	1.8
1663	289	3.7
1663	291	2.1
1663	292	2.7
1663	294	2.8
1663	295	3.4
1663	296	1.4
1663	300	1.8
1663	306	1.2
1663	318	2.0
1663	321	1.5
1663	325	2.4
1663	333	3.4
1663	344	1.0
1663	349	1.5
1663	360	1.2
1663	455	1.8
1663	461	1.8
1663	466	1.2
1663	479	3.3
1663	641	1.0
1663	701	2.2
1663	793	1.6
1663	798	1.3
1663	908	2.2
1663	909	2.3
1663	913	2.3
1663	951	1.2
1663	1936	1.3
1663	2021	2.6
1663	2022	3.6
1663	2024	3.0
1663	2523	3.5
1663	2801	1.1
1663	3171	2.4
1663	3173	1.6
1663	3332	2.5
1663	3393	2.5
1663	4941	1.4
1663	5425	1.5
1663	15925	1.9
1663	15926	1.7
1678	67	1.3
1678	89	4.2
1678	234	1.3
1678	288	2.3
1678	289	4.6
1678	292	3.6
1678	295	3.1
1678	300	2.4
1678	302	1.5
1678	306	1.3
1678	318	1.0
1678	325	1.3
1678	328	1.3
1678	333	2.8
1678	344	1.3
1678	349	1.2
1678	371	1.6
1678	377	2.1
1678	461	1.9
1678	464	2.2
1678	466	2.1
1678	475	1.1
1678	486	1.6
1678	498	1.8
1678	523	2.1
1678	542	1.4
1678	646	2.1
1678	679	5.0
1678	681	1.6
1678	686	2.1
1678	701	1.1
1678	704	1.3
1678	790	1.0
1678	802	1.5
1678	1045	3.3
1678	1429	1.2
1678	2020	1.1
1678	2080	3.0
1678	2548	1.9
1678	2984	1.0
1678	2987	1.4
1678	3074	1.2
1678	3332	1.4
1678	3393	1.0
1678	5749	2.0
1678	6132	2.0
1678	7832	2.3
1678	7834	1.5
1678	11158	1.1
1678	16009	1.8
1684	65	2.2
1684	89	1.8
1684	182	1.9
1684	184	1.2
1684	190	1.0
1684	288	2.2
1684	289	3.2
1684	295	1.5
1684	300	1.9
1684	321	1.4
1684	329	1.2
1684	331	1.3
1684	342	1.2
1684	344	3.6
1684	349	2.0
1684	412	1.0
1684	455	5.0
1684	457	2.1
1684	465	1.4
1684	469	2.9
1684	481	2.3
1684	498	3.4
1684	519	1.2
1684	538	1.5
1684	646	1.3
1684	790	1.3
1684	966	2.0
1684	1045	1.2
1684	1243	1.1
1684	1246	2.0
1684	1249	1.0
1684	1375	1.4
1684	1673	2.4
1684	2080	2.2
1684	2523	1.0
1684	2986	2.1
1684	3176	1.0
1684	3217	1.2
1684	3373	1.3
1684	3482	1.7
1684	3568	3.3
1684	4753	1.0
1684	9514	1.5
1684	16042	2.0
1684	16043	1.5
1684	16044	1.3
1684	16045	1.2
1684	16046	1.2
1684	16047	1.1
1684	16048	1.0
1690	55	4.4
1690	58	2.6
1690	67	3.1
1690	89	4.6
1690	227	1.4
1690	288	1.9
1690	289	3.7
1690	291	1.2
1690	292	2.3
1690	298	3.7
1690	300	3.5
1690	323	2.4
1690	333	2.5
1690	344	1.3
1690	352	2.7
1690	430	3.9
1690	437	1.4
1690	461	1.4
1690	466	3.2
1690	498	1.6
1690	525	2.5
1690	526	2.3
1690	528	1.6
1690	530	1.6
1690	532	3.2
1690	535	1.0
1690	546	3.1
1690	548	1.3
1690	679	2.8
1690	689	3.1
1690	690	2.1
1690	691	1.7
1690	703	2.4
1690	886	1.5
1690	906	1.3
1690	980	2.5
1690	1243	1.6
1690	1400	1.1
1690	1781	1.9
1690	1934	1.8
1690	2521	2.1
1690	3057	2.2
1690	3198	1.1
1690	3288	2.0
1690	4704	3.8
1690	5533	1.0
1690	8589	2.3
1690	9737	5.0
1690	12105	2.8
1690	16061	1.0
1722	51	1.8
1722	55	3.0
1722	65	3.1
1722	67	5.0
1722	89	3.8
1722	97	1.0
1722	155	2.0
1722	161	1.2
1722	288	2.9
1722	289	3.4
1722	294	2.7
1722	295	2.6
1722	299	2.3
1722	300	2.0
1722	301	1.3
1722	302	1.0
1722	306	1.0
1722	310	2.5
1722	316	1.6
1722	327	1.4
1722	328	2.2
1722	329	2.0
1722	332	1.2
1722	352	1.7
1722	466	1.0
1722	485	1.1
1722	533	1.0
1722	535	1.1
1722	538	1.8
1722	641	1.8
1722	701	2.0
1722	907	1.7
1722	972	1.7
1722	1243	1.8
1722	1432	1.7
1722	1505	1.1
1722	3674	1.9
1722	4707	1.8
1722	5000	1.5
1722	5615	2.2
1722	5617	1.6
1722	5985	1.9
1722	7187	1.4
1722	8020	1.9
1722	10076	2.2
1722	15665	2.3
1722	16313	1.3
1722	16314	1.1
1722	16315	1.1
1722	16316	1.0
1726	55	1.1
1726	67	2.2
1726	89	2.4
1726	157	1.4
1726	161	1.2
1726	257	1.6
1726	285	1.9
1726	288	3.0
1726	289	5.0
1726	291	1.7
1726	292	3.2
1726	293	1.5
1726	295	2.5
1726	299	1.7
1726	300	2.6
1726	302	1.5
1726	306	1.8
1726	309	1.8
1726	314	2.0
1726	327	1.5
1726	328	2.4
1726	330	1.1
1726	331	2.2
1726	349	1.8
1726	352	2.4
1726	459	1.2
1726	461	1.3
1726	466	2.3
1726	468	2.3
1726	475	2.0
1726	523	1.0
1726	525	1.5
1726	527	1.3
1726	531	1.1
1726	538	1.4
1726	544	1.5
1726	701	3.0
1726	907	1.7
1726	913	1.6
1726	1032	1.1
1726	1037	2.3
1726	1402	1.0
1726	1456	1.0
1726	2020	1.1
1726	2025	1.4
1726	2083	2.0
1726	2521	1.3
1726	4560	1.4
1726	6376	1.3
1726	6389	1.3
1730	7	1.2
1730	8	3.5
1730	55	2.1
1730	58	1.4
1730	67	1.1
1730	84	1.1
1730	89	3.0
1730	157	2.4
1730	229	2.2
1730	288	1.6
1730	289	2.1
1730	292	1.0
1730	295	1.4
1730	300	1.4
1730	371	1.4
1730	390	1.2
1730	423	2.4
1730	538	1.6
1730	542	1.3
1730	544	1.2
1730	546	1.1
1730	674	1.3
1730	811	2.3
1730	816	1.3
1730	1041	1.9
1730	1044	1.9
1730	1091	1.4
1730	1098	1.1
1730	1104	1.2
1730	1180	1.1
1730	1195	1.8
1730	1797	2.2
1730	1910	3.3
1730	1919	1.7
1730	1934	2.3
1730	2100	5.0
1730	2101	2.0
1730	2103	1.3
1730	2521	1.0
1730	2655	1.4
1730	3092	1.8
1730	3367	2.3
1730	4706	1.4
1730	6792	1.0
1730	6996	1.3
1730	8404	2.7
1730	8589	1.5
1730	16361	1.6
1730	16362	1.4
1730	16363	1.0
1742	55	3.3
1742	65	1.4
1742	67	4.2
1742	89	5.0
1742	167	1.9
1742	227	1.6
1742	229	2.0
1742	288	2.8
1742	289	4.2
1742	292	3.6
1742	295	2.8
1742	298	1.2
1742	300	2.9
1742	325	1.5
1742	333	2.8
1742	340	1.7
1742	352	4.2
1742	424	1.9
1742	464	1.0
1742	466	3.2
1742	524	2.9
1742	526	2.0
1742	530	1.0
1742	544	1.9
1742	548	3.0
1742	599	2.1
1742	646	1.7
1742	679	3.4
1742	689	2.1
1742	889	1.1
1742	959	3.0
1742	980	2.2
1742	1037	1.8
1742	1045	1.5
1742	1243	3.3
1742	1379	1.7
1742	1429	2.1
1742	1464	1.1
1742	1934	3.0
1742	2083	1.7
1742	2521	1.1
1742	2543	3.6
1742	3200	3.1
1742	3319	1.2
1742	5529	2.8
1742	5535	1.5
1742	5975	2.4
1742	9079	1.3
1742	16409	1.2
1742	16410	1.1
1753	55	2.6
1753	65	1.4
1753	67	4.0
1753	89	5.0
1753	157	2.4
1753	228	1.1
1753	229	1.1
1753	257	1.7
1753	288	3.8
1753	289	4.6
1753	292	2.9
1753	295	1.7
1753	299	1.8
1753	300	2.7
1753	302	1.2
1753	306	4.2
1753	310	1.8
1753	328	4.3
1753	329	1.6
1753	331	3.0
1753	332	1.5
1753	333	1.3
1753	352	2.2
1753	377	2.3
1753	386	1.5
1753	461	2.4
1753	464	2.3
1753	466	3.6
1753	468	1.5
1753	475	1.3
1753	485	3.6
1753	486	2.3
1753	526	1.4
1753	531	4.3
1753	543	2.2
1753	545	1.4
1753	679	2.9
1753	689	3.1
1753	701	1.3
1753	889	1.8
1753	1009	1.6
1753	1032	1.8
1753	1042	1.3
1753	1047	1.4
1753	1456	2.1
1753	1934	1.6
1753	3397	1.9
1753	4024	1.0
1753	4814	3.3
1753	7868	1.4
1762	67	4.0
1762	89	3.2
1762	157	2.2
1762	161	1.0
1762	184	3.1
1762	207	1.6
1762	288	2.1
1762	289	3.1
1762	292	1.9
1762	293	3.1
1762	294	2.7
1762	295	1.7
1762	300	4.3
1762	302	1.2
1762	306	1.8
1762	324	2.6
1762	329	5.0
1762	330	2.4
1762	333	1.0
1762	344	2.4
1762	349	2.9
1762	378	1.1
1762	424	1.2
1762	455	1.3
1762	459	2.4
1762	464	1.3
1762	466	2.4
1762	498	1.7
1762	528	2.0
1762	532	1.5
1762	540	3.1
1762	641	1.0
1762	693	1.2
1762	699	4.0
1762	701	3.8
1762	907	2.6
1762	1032	1.7
1762	1246	1.4
1762	1433	1.6
1762	1985	1.7
1762	3322	1.9
1762	3427	1.1
1762	3712	1.3
1762	4184	1.2
1762	5099	1.7
1762	5235	1.3
1762	8371	1.1
1762	13292	1.2
1762	14600	1.2
1762	16524	2.3
1766	55	1.6
1766	67	2.6
1766	88	2.0
1766	89	3.8
1766	285	1.1
1766	288	2.7
1766	289	4.4
1766	291	2.4
1766	292	5.0
1766	293	1.4
1766	295	2.3
1766	300	2.3
1766	302	2.9
1766	307	1.0
1766	310	1.8
1766	311	1.1
1766	320	1.1
1766	323	1.9
1766	328	1.7
1766	331	1.1
1766	333	2.2
1766	349	1.6
1766	378	2.1
1766	461	2.0
1766	466	2.2
1766	498	2.5
1766	502	2.3
1766	525	2.2
1766	644	2.2
1766	680	2.0
1766	681	1.6
1766	699	1.3
1766	701	2.8
1766	793	2.4
1766	886	3.0
1766	906	2.2
1766	961	1.3
1766	1034	2.0
1766	1051	1.6
1766	1104	1.3
1766	1450	1.7
1766	1503	1.8
1766	1684	1.4
1766	2018	1.0
1766	2094	2.7
1766	3769	1.0
1766	4707	2.6
1766	8605	1.4
1766	16534	1.3
1766	16535	1.1
1771	55	1.0
1771	67	3.1
1771	89	3.1
1771	157	2.1
1771	161	1.2
1771	191	1.1
1771	257	2.9
1771	288	2.2
1771	289	5.0
1771	291	1.4
1771	293	1.2
1771	300	2.1
1771	303	1.5
1771	314	1.1
1771	318	2.0
1771	329	1.1
1771	330	2.0
1771	331	1.8
1771	344	1.9
1771	349	1.8
1771	360	1.5
1771	403	1.3
1771	412	2.6
1771	455	1.9
1771	456	1.0
1771	459	1.9
1771	461	1.5
1771	466	2.8
1771	471	1.1
1771	488	2.5
1771	498	1.7
1771	523	1.9
1771	527	1.1
1771	534	1.1
1771	536	1.3
1771	538	1.4
1771	540	3.6
1771	913	1.1
1771	966	2.7
1771	1043	1.4
1771	1182	1.7
1771	1684	1.5
1771	1866	2.2
1771	1905	1.5
1771	2018	1.1
1771	2523	1.7
1771	3097	1.7
1771	4291	1.7
1771	4762	2.6
1771	16585	1.0
1828	55	2.5
1828	67	2.1
1828	89	2.4
1828	155	1.5
1828	161	1.4
1828	229	2.8
1828	257	1.7
1828	285	2.0
1828	288	2.3
1828	289	5.0
1828	290	1.2
1828	291	2.0
1828	292	2.4
1828	294	1.4
1828	295	2.1
1828	298	1.0
1828	299	1.8
1828	300	2.2
1828	302	1.3
1828	310	1.2
1828	311	1.8
1828	318	2.3
1828	320	1.6
1828	321	1.8
1828	325	1.0
1828	328	2.1
1828	329	1.0
1828	333	2.2
1828	349	1.3
1828	455	3.5
1828	459	1.3
1828	466	1.9
1828	525	1.0
1828	538	1.8
1828	540	1.0
1828	544	1.2
1828	674	1.6
1828	701	1.2
1828	908	1.6
1828	1090	1.3
1828	1246	2.0
1828	1375	1.1
1828	1409	1.2
1828	1580	1.2
1828	1684	1.2
1828	2083	1.4
1828	2521	1.7
1828	2523	1.4
1828	2801	1.7
1828	3575	1.1
1850	55	2.8
1850	58	1.0
1850	65	1.7
1850	67	2.7
1850	89	4.0
1850	167	1.0
1850	265	2.6
1850	285	1.2
1850	288	1.9
1850	289	3.2
1850	294	2.3
1850	295	1.8
1850	296	3.2
1850	298	1.6
1850	318	1.0
1850	323	2.7
1850	328	1.1
1850	352	2.5
1850	530	2.1
1850	532	1.7
1850	535	1.1
1850	669	1.0
1850	674	2.5
1850	679	2.3
1850	886	2.4
1850	906	5.0
1850	911	3.0
1850	915	1.4
1850	1001	1.9
1850	1047	2.0
1850	1464	2.3
1850	1589	1.5
1850	2022	2.0
1850	2521	1.8
1850	2523	2.3
1850	3288	2.8
1850	3491	1.2
1850	3501	1.4
1850	3570	2.8
1850	3576	1.2
1850	3674	1.4
1850	3948	1.7
1850	4704	1.4
1850	6232	1.8
1850	8589	1.4
1850	8718	2.8
1850	16662	1.1
1850	17077	1.8
1850	17078	1.8
1850	17079	1.7
1869	7	1.4
1869	55	4.2
1869	67	4.6
1869	69	2.4
1869	72	2.6
1869	157	3.6
1869	172	1.9
1869	173	3.5
1869	226	1.7
1869	257	1.8
1869	285	5.0
1869	288	1.9
1869	289	3.1
1869	295	1.3
1869	299	1.3
1869	468	1.3
1869	535	1.1
1869	576	3.5
1869	578	1.1
1869	599	1.9
1869	601	1.4
1869	789	2.4
1869	913	1.2
1869	1104	2.5
1869	1122	2.3
1869	1406	1.9
1869	1427	1.1
1869	1475	1.1
1869	1795	1.6
1869	1820	3.0
1869	1825	1.9
1869	1826	2.8
1869	1843	1.7
1869	2179	1.7
1869	2308	1.8
1869	3313	2.2
1869	3503	2.3
1869	4348	1.7
1869	4919	1.4
1869	9734	2.1
1869	10130	1.0
1869	11338	1.4
1869	11339	2.4
1869	17275	2.9
1869	17276	2.8
1869	17277	2.6
1869	17278	2.6
1869	17279	1.6
1869	17280	1.1
1869	17281	1.0
1903	55	5.0
1903	58	1.9
1903	67	3.1
1903	89	2.9
1903	97	4.7
1903	157	1.6
1903	251	1.8
1903	285	1.4
1903	288	2.6
1903	289	2.9
1903	292	2.7
1903	295	2.2
1903	299	1.3
1903	301	1.3
1903	310	1.9
1903	323	1.6
1903	352	1.3
1903	466	2.2
1903	530	1.5
1903	532	1.9
1903	535	2.6
1903	538	1.9
1903	548	1.0
1903	690	2.7
1903	701	3.6
1903	789	1.5
1903	901	1.3
1903	903	2.7
1903	906	3.4
1903	970	1.2
1903	972	1.1
1903	1097	1.3
1903	1098	3.8
1903	1127	1.1
1903	1243	1.0
1903	1244	1.8
1903	1464	1.5
1903	1511	1.0
1903	1556	1.1
1903	1844	1.9
1903	1934	2.6
1903	2024	1.2
1903	2094	2.1
1903	2521	2.0
1903	3201	1.0
1903	3288	1.2
1903	3502	1.8
1903	4260	1.0
1903	14369	2.0
1903	17489	1.6
1908	55	1.7
1908	65	2.4
1908	67	5.0
1908	89	2.0
1908	99	1.1
1908	155	2.3
1908	157	3.3
1908	184	1.0
1908	187	1.1
1908	204	1.3
1908	220	1.0
1908	227	2.4
1908	253	1.1
1908	261	1.4
1908	288	1.1
1908	289	3.6
1908	292	4.0
1908	295	2.6
1908	301	1.1
1908	302	1.3
1908	306	2.0
1908	310	1.6
1908	316	2.2
1908	328	1.5
1908	329	2.0
1908	349	1.3
1908	366	2.1
1908	511	2.3
1908	679	1.1
1908	683	1.0
1908	701	1.9
1908	714	1.0
1908	798	1.4
1908	900	1.4
1908	903	2.2
1908	913	1.1
1908	959	1.6
1908	1243	2.0
1908	1249	1.5
1908	1475	1.6
1908	2022	4.1
1908	2024	1.8
1908	2346	1.8
1908	2523	3.6
1908	2783	1.1
1908	3097	1.2
1908	3171	1.9
1908	3748	1.2
1908	4705	1.5
1908	6504	1.1
1909	7	1.2
1909	55	4.0
1909	67	3.7
1909	89	3.1
1909	172	3.5
1909	173	4.6
1909	209	1.7
1909	220	1.8
1909	227	2.4
1909	257	1.1
1909	289	4.7
1909	295	2.6
1909	300	1.4
1909	302	1.6
1909	306	1.0
1909	316	1.7
1909	325	1.6
1909	333	3.4
1909	377	2.9
1909	378	2.0
1909	453	1.6
1909	455	1.7
1909	459	1.8
1909	461	1.9
1909	467	1.1
1909	486	1.8
1909	498	3.5
1909	499	4.3
1909	511	1.2
1909	530	2.1
1909	535	1.7
1909	542	1.9
1909	680	1.0
1909	681	1.0
1909	962	4.0
1909	1045	3.1
1909	1453	1.1
1909	1505	5.0
1909	1601	3.3
1909	1874	1.4
1909	2346	1.0
1909	2352	1.4
1909	2523	1.8
1909	3200	2.3
1909	3205	1.3
1909	3739	2.8
1909	4802	1.4
1909	5966	3.3
1909	17532	2.7
1909	17533	1.6
1928	55	2.6
1928	64	2.7
1928	65	1.3
1928	67	3.7
1928	72	1.0
1928	174	1.5
1928	199	2.1
1928	238	1.1
1928	251	1.7
1928	299	1.7
1928	340	1.4
1928	384	1.8
1928	416	2.1
1928	575	1.7
1928	985	3.3
1928	1167	2.5
1928	1243	2.0
1928	1400	2.5
1928	1464	2.3
1928	1694	2.4
1928	1820	1.3
1928	1834	1.9
1928	1983	2.1
1928	2054	1.0
1928	2299	1.1
1928	2301	5.0
1928	2324	1.5
1928	2332	1.3
1928	2616	1.3
1928	2632	3.0
1928	3304	1.7
1928	3465	1.3
1928	3902	1.6
1928	4025	2.9
1928	4069	1.8
1928	7261	1.4
1928	7626	1.4
1928	8983	1.1
1928	10142	1.2
1928	13281	1.0
1928	15973	1.6
1928	16765	2.8
1928	17644	3.1
1928	17645	2.8
1928	17646	2.6
1928	17647	2.5
1928	17648	1.8
1928	17649	1.5
1928	17650	1.2
1928	17651	1.1
1973	55	3.5
1973	65	1.1
1973	67	4.8
1973	89	2.5
1973	97	1.2
1973	157	5.0
1973	161	2.9
1973	166	3.6
1973	180	4.2
1973	257	4.0
1973	265	3.5
1973	285	1.7
1973	288	2.0
1973	289	4.7
1973	291	2.1
1973	292	3.7
1973	294	2.4
1973	295	2.1
1973	299	1.6
1973	300	2.4
1973	301	1.1
1973	302	2.9
1973	310	1.5
1973	311	1.4
1973	316	3.6
1973	333	1.3
1973	378	1.0
1973	455	1.3
1973	465	2.2
1973	475	2.1
1973	518	1.7
1973	534	1.8
1973	641	2.3
1973	680	1.2
1973	697	2.2
1973	701	3.0
1973	714	1.2
1973	903	1.4
1973	930	3.4
1973	1001	1.7
1973	1081	3.6
1973	1098	2.9
1973	1104	2.1
1973	1114	1.7
1973	1300	1.5
1973	1505	2.2
1973	1556	1.0
1973	1601	2.2
1973	1714	1.0
1973	3177	1.5
1983	55	1.5
1983	67	1.2
1983	172	1.3
1983	257	1.9
1983	265	1.1
1983	285	1.7
1983	288	2.0
1983	289	2.0
1983	291	1.6
1983	295	2.0
1983	300	1.4
1983	302	1.4
1983	306	1.3
1983	310	1.3
1983	314	1.6
1983	320	1.0
1983	328	1.2
1983	418	1.2
1983	425	1.3
1983	436	1.4
1983	466	1.4
1983	525	1.5
1983	526	1.6
1983	531	1.0
1983	532	1.2
1983	534	2.2
1983	545	1.2
1983	547	1.0
1983	701	5.0
1983	787	1.7
1983	1037	1.0
1983	1042	1.5
1983	1098	2.2
1983	1106	1.4
1983	1116	1.4
1983	1449	1.1
1983	1486	1.2
1983	1613	1.0
1983	1983	1.6
1983	1990	1.1
1983	3110	1.4
1983	4562	1.1
1983	5547	1.7
1983	5790	1.7
1983	5947	1.2
1983	6374	1.7
1983	7340	1.4
1983	7530	1.6
1983	8589	1.1
1983	18015	1.2
2004	7	1.6
2004	39	1.5
2004	89	2.2
2004	154	2.4
2004	172	1.8
2004	173	1.3
2004	190	5.0
2004	198	1.5
2004	289	3.6
2004	291	1.4
2004	292	2.3
2004	295	1.4
2004	300	1.2
2004	316	1.1
2004	318	1.8
2004	324	1.0
2004	377	1.4
2004	487	1.1
2004	497	1.4
2004	517	1.9
2004	687	1.3
2004	701	1.4
2004	758	1.1
2004	1090	2.2
2004	1104	1.2
2004	1179	1.0
2004	1470	1.1
2004	1505	1.0
2004	1786	1.6
2004	1788	1.5
2004	1901	1.0
2004	2206	1.0
2004	3049	1.0
2004	3827	1.5
2004	4226	2.2
2004	4255	1.3
2004	5079	1.1
2004	6033	1.6
2004	6245	1.7
2004	6247	1.3
2004	6439	1.0
2004	6453	1.3
2004	6542	1.2
2004	10430	1.2
2004	12130	1.3
2004	12291	1.4
2004	14930	1.3
2004	18155	1.9
2004	18156	1.8
2004	18157	1.2
2031	7	1.9
2031	55	2.5
2031	67	2.0
2031	71	1.1
2031	89	2.9
2031	173	1.7
2031	195	1.0
2031	288	2.6
2031	289	5.0
2031	292	2.3
2031	293	1.5
2031	295	1.4
2031	296	1.2
2031	300	2.1
2031	310	1.1
2031	312	2.0
2031	314	1.5
2031	318	2.8
2031	323	1.1
2031	328	1.0
2031	333	1.3
2031	378	2.5
2031	466	2.8
2031	512	1.1
2031	523	2.5
2031	525	1.4
2031	704	2.8
2031	911	2.4
2031	972	1.6
2031	1075	2.1
2031	1098	2.2
2031	1503	1.4
2031	2025	1.5
2031	2083	1.2
2031	2094	2.0
2031	2521	2.1
2031	2546	1.1
2031	3184	2.1
2031	3375	1.6
2031	3397	1.2
2031	3404	1.2
2031	4255	1.2
2031	4814	1.3
2031	4926	1.2
2031	5149	1.7
2031	6374	1.1
2031	6428	2.4
2031	6835	1.2
2031	11030	2.7
2031	18334	1.3
2058	55	3.3
2058	67	5.0
2058	69	2.8
2058	71	2.1
2058	89	3.5
2058	183	2.0
2058	288	2.3
2058	289	3.3
2058	299	2.1
2058	300	2.9
2058	302	3.8
2058	306	1.9
2058	328	1.4
2058	333	1.6
2058	342	1.2
2058	349	1.6
2058	362	3.0
2058	412	1.3
2058	485	2.0
2058	525	1.6
2058	536	1.1
2058	715	2.8
2058	722	1.6
2058	903	2.1
2058	906	2.2
2058	1009	1.3
2058	1076	1.2
2058	1081	2.5
2058	1380	1.9
2058	1406	1.9
2058	1463	1.4
2058	1576	1.3
2058	1604	1.4
2058	1613	1.0
2058	1984	1.9
2058	2446	1.0
2058	2829	1.2
2058	3500	1.2
2058	3502	1.3
2058	3861	1.9
2058	3951	1.1
2058	4257	1.3
2058	4309	1.8
2058	4565	2.5
2058	5787	2.3
2058	9932	1.4
2058	15574	1.0
2058	18460	1.3
2058	18461	1.1
2058	18462	1.0
2079	45	2.1
2079	89	2.5
2079	288	1.5
2079	289	4.1
2079	293	1.6
2079	300	2.6
2079	324	1.1
2079	333	2.7
2079	344	5.0
2079	360	1.0
2079	456	3.2
2079	458	3.9
2079	461	1.8
2079	465	1.0
2079	466	1.3
2079	471	1.9
2079	498	1.4
2079	536	1.2
2079	686	2.3
2079	692	1.9
2079	704	1.8
2079	786	2.3
2079	793	2.0
2079	1038	1.6
2079	1043	1.8
2079	1059	1.9
2079	1105	2.5
2079	1201	1.5
2079	1453	1.4
2079	1459	1.8
2079	1462	1.8
2079	2094	1.8
2079	2392	2.7
2079	2427	1.0
2079	2432	1.1
2079	2977	2.9
2079	2980	1.1
2079	2982	1.1
2079	3321	1.3
2079	3577	1.9
2079	3584	2.4
2079	4223	2.4
2079	5266	1.0
2079	6298	3.2
2079	6453	1.7
2079	6597	1.2
2079	6869	3.3
2079	18582	2.0
2079	18583	1.5
2079	18584	1.2
