userID	artistID	rating
17	56	1.7
17	67	1.9
17	89	3.0
17	229	2.4
17	230	1.1
17	288	1.2
17	289	1.1
17	292	1.1
17	298	1.6
17	300	2.9
17	306	1.3
17	324	1.9
17	325	1.6
17	344	3.3
17	403	1.0
17	461	2.8
17	464	1.8
17	466	2.8
17	498	3.2
17	526	1.0
17	528	1.9
17	538	1.5
17	544	2.2
17	548	3.1
17	679	5.0
17	680	2.8
17	681	2.7
17	682	2.5
17	683	2.2
17	684	2.2
17	685	2.1
17	686	2.0
17	687	2.0
17	688	2.0
17	689	1.8
17	690	1.7
17	691	1.6
17	692	1.5
17	693	1.5
17	694	1.5
17	695	1.4
17	696	1.4
17	697	1.4
17	698	1.3
17	699	1.1
17	700	1.1
17	701	1.1
17	702	1.1
17	703	1.0
17	704	1.0
29	55	3.6
29	89	2.7
29	161	1.2
29	209	1.0
29	288	1.5
29	289	2.1
29	292	1.3
29	300	2.0
29	302	2.5
29	317	1.3
29	318	1.0
29	328	1.9
29	333	3.4
29	378	1.1
29	455	1.1
29	461	1.5
29	464	1.3
29	466	3.7
29	472	1.9
29	481	1.8
29	498	3.6
29	500	1.8
29	528	2.5
29	531	1.3
29	534	1.0
29	537	2.9
29	543	1.7
29	679	3.3
29	686	2.6
29	687	5.0
29	704	3.1
29	706	1.3
29	908	1.2
29	951	1.8
29	966	1.2
29	1032	3.3
29	1033	2.7
29	1034	2.7
29	1035	2.6
29	1036	2.4
29	1037	2.2
29	1038	2.1
29	1039	2.0
29	1040	1.9
29	1041	1.7
29	1042	1.7
29	1043	1.6
29	1044	1.5
29	1045	1.3
29	1046	1.0
30	89	3.7
30	190	1.6
30	228	2.3
30	229	1.9
30	230	2.6
30	234	2.0
30	288	2.2
30	289	4.6
30	291	1.4
30	295	2.1
30	300	3.4
30	304	2.4
30	315	3.2
30	318	2.8
30	321	3.8
30	325	1.7
30	333	3.5
30	344	1.8
30	355	1.1
30	455	1.4
30	456	1.7
30	461	4.7
30	465	2.1
30	471	1.2
30	481	2.2
30	498	4.9
30	521	3.5
30	538	1.3
30	646	1.5
30	679	2.8
30	680	2.2
30	687	1.7
30	793	3.6
30	908	1.2
30	951	1.6
30	966	1.0
30	1043	2.5
30	1047	5.0
30	1048	4.8
30	1049	2.6
30	1050	2.3
30	1051	2.0
30	1052	1.9
30	1053	1.7
30	1054	1.7
30	1055	1.6
30	1056	1.4
30	1057	1.4
30	1058	1.1
30	1059	1.0
57	89	3.6
57	207	2.1
57	234	1.5
57	288	2.3
57	289	1.5
57	292	1.1
57	295	1.0
57	300	2.6
57	333	3.7
57	344	3.7
57	377	1.2
57	378	2.7
57	424	1.7
57	464	1.0
57	466	1.3
57	470	4.1
57	471	2.9
57	475	1.6
57	481	3.0
57	486	2.7
57	498	2.9
57	686	1.1
57	704	3.6
57	779	4.8
57	889	2.5
57	1034	1.0
57	1041	3.3
57	1043	3.2
57	1045	2.7
57	1180	4.5
57	1185	2.2
57	1188	2.7
57	1190	2.7
57	1196	2.6
57	1246	1.3
57	1429	1.4
57	1541	2.1
57	1659	1.4
57	1670	5.0
57	1671	3.6
57	1672	3.2
57	1673	3.0
57	1674	2.9
57	1675	2.6
57	1676	2.5
57	1677	2.3
57	1678	2.2
57	1679	1.2
57	1680	1.2
57	1681	1.0
58	67	4.0
58	89	4.2
58	288	1.2
58	289	4.7
58	291	1.1
58	292	3.9
58	295	1.4
58	300	4.1
58	302	3.1
58	318	1.4
58	321	3.1
58	325	3.0
58	333	3.5
58	344	3.4
58	386	1.5
58	461	5.0
58	466	2.3
58	523	2.8
58	680	1.1
58	681	4.7
58	686	1.1
58	797	1.0
58	835	2.3
58	889	1.2
58	892	3.2
58	908	2.9
58	1098	1.7
58	1244	1.3
58	1453	3.2
58	1458	2.3
58	1459	1.6
58	1597	3.6
58	1682	3.9
58	1683	3.4
58	1684	3.0
58	1685	2.9
58	1686	2.7
58	1687	2.0
58	1688	2.0
58	1689	1.6
58	1690	1.5
58	1691	1.3
58	1692	1.3
58	1693	1.2
58	1694	1.1
58	1695	1.1
58	1696	1.0
58	1697	1.0
58	1698	1.0
58	1699	1.0
120	65	2.0
120	157	2.3
120	191	2.8
120	257	3.8
120	288	2.6
120	289	4.6
120	290	3.4
120	291	4.1
120	292	3.3
120	293	2.3
120	294	1.7
120	295	2.4
120	300	1.8
120	301	2.0
120	327	2.8
120	331	1.5
120	332	1.1
120	333	1.9
120	342	2.1
120	344	5.0
120	352	1.3
120	377	3.9
120	378	1.0
120	403	1.1
120	461	1.7
120	475	1.7
120	486	1.4
120	498	3.7
120	543	1.2
120	548	1.1
120	687	1.9
120	693	1.8
120	701	1.9
120	704	1.2
120	915	1.6
120	1032	2.8
120	1059	2.7
120	1179	1.5
120	1380	1.3
120	1447	1.9
120	1459	3.8
120	1470	1.1
120	1556	3.5
120	1934	1.4
120	2977	3.3
120	2978	2.0
120	2979	1.4
120	2980	1.2
120	2981	1.2
120	2982	1.0
134	55	2.3
134	67	1.4
134	89	1.8
134	257	1.6
134	288	3.8
134	289	3.1
134	292	2.8
134	299	2.4
134	308	3.1
134	312	1.9
134	317	2.2
134	325	1.7
134	326	2.3
134	334	1.3
134	344	1.0
134	349	1.2
134	386	1.6
134	464	1.3
134	466	2.6
134	468	1.2
134	528	1.9
134	543	2.2
134	544	1.7
134	686	3.2
134	701	1.2
134	790	1.9
134	915	1.5
134	972	1.1
134	1009	1.4
134	1032	3.7
134	1034	2.4
134	1450	2.3
134	1451	2.1
134	1452	2.7
134	1596	1.3
134	1673	1.3
134	1860	1.0
134	2083	1.2
134	2094	3.0
134	2543	2.8
134	2548	2.6
134	2986	1.0
134	2990	1.6
134	3176	5.0
134	3177	2.4
134	3178	2.0
134	3179	1.6
134	3180	1.1
134	3181	1.1
134	3182	1.1
145	89	2.7
145	97	1.7
145	191	2.4
145	204	1.5
145	257	2.2
145	288	3.0
145	290	1.1
145	291	3.1
145	292	2.9
145	293	2.6
145	294	2.1
145	300	5.0
145	301	1.6
145	302	2.4
145	304	4.0
145	305	1.7
145	311	1.8
145	313	2.6
145	316	2.0
145	324	1.0
145	333	3.0
145	342	1.1
145	344	1.5
145	352	1.2
145	430	2.2
145	456	1.9
145	466	1.9
145	528	2.8
145	548	4.1
145	674	1.4
145	689	2.6
145	701	2.0
145	704	3.2
145	903	1.9
145	1047	1.2
145	1106	1.7
145	1447	1.2
145	1511	2.1
145	1602	2.9
145	1934	3.5
145	2130	1.9
145	2176	1.5
145	2852	4.4
145	2977	5.0
145	3081	3.5
145	3171	1.4
145	3319	2.9
145	3320	2.8
145	3321	1.1
145	3322	1.1
147	55	1.9
147	67	2.6
147	155	3.6
147	209	2.6
147	257	1.9
147	283	1.0
147	288	2.5
147	289	5.0
147	291	3.8
147	292	3.3
147	293	3.1
147	295	2.9
147	299	1.8
147	302	2.3
147	305	3.1
147	306	1.1
147	310	1.5
147	316	2.5
147	318	2.7
147	320	2.4
147	325	3.1
147	326	2.2
147	329	1.0
147	333	3.2
147	349	2.2
147	378	2.9
147	498	1.6
147	523	2.9
147	525	1.8
147	537	1.2
147	538	1.0
147	540	1.6
147	542	2.4
147	679	2.4
147	701	2.2
147	790	1.2
147	906	1.3
147	972	1.3
147	1052	2.7
147	1243	1.5
147	1580	3.2
147	1684	2.4
147	2523	2.2
147	3327	2.9
147	3328	2.7
147	3329	2.5
147	3330	2.3
147	3331	2.1
147	3332	2.0
147	3333	1.6
152	89	2.3
152	207	2.9
152	220	3.0
152	227	1.3
152	234	1.6
152	289	2.9
152	293	1.9
152	298	1.9
152	300	1.9
152	318	1.8
152	324	2.4
152	325	2.4
152	333	2.4
152	344	1.8
152	403	1.5
152	412	3.6
152	420	1.8
152	425	1.4
152	458	2.3
152	461	2.7
152	466	3.5
152	481	1.8
152	498	3.1
152	528	1.2
152	533	1.9
152	540	1.3
152	680	1.7
152	704	5.0
152	735	1.2
152	797	1.2
152	859	2.4
152	903	1.8
152	1048	2.7
152	1244	1.0
152	1246	1.1
152	1400	3.1
152	1513	3.2
152	1684	1.3
152	1807	2.3
152	2435	2.3
152	2788	1.7
152	2839	1.3
152	3397	2.1
152	3398	1.9
152	3399	1.7
152	3400	1.7
152	3401	1.6
152	3402	1.3
152	3403	1.3
152	3404	1.1
186	89	1.1
186	190	1.0
186	198	1.4
186	220	1.0
186	230	1.7
186	288	2.0
186	289	2.3
186	291	3.5
186	292	1.3
186	293	2.4
186	300	3.3
186	302	3.0
186	306	1.4
186	333	5.0
186	344	2.1
186	377	2.2
186	378	4.8
186	412	1.0
186	464	1.2
186	466	2.4
186	481	2.7
186	498	3.9
186	499	3.0
186	518	3.1
186	523	2.3
186	525	2.1
186	680	1.7
186	681	1.1
186	687	3.4
186	693	3.4
186	704	3.8
186	917	1.2
186	966	1.8
186	1043	2.6
186	1052	2.0
186	1186	1.9
186	1455	2.0
186	1672	2.6
186	2352	1.7
186	2619	1.5
186	2839	1.6
186	3124	2.8
186	3794	1.8
186	3927	2.5
186	3928	2.2
186	3929	2.1
186	3930	1.5
186	3931	1.3
186	3932	1.2
186	3933	1.2
291	289	1.9
291	291	3.3
291	300	2.6
291	325	3.0
291	333	3.2
291	344	5.0
291	461	2.8
291	466	3.0
291	498	3.1
291	679	3.0
291	681	2.9
291	686	2.9
291	975	1.0
291	1447	3.2
291	1459	3.7
291	1486	1.3
291	1601	2.6
291	2020	2.4
291	3603	1.9
291	4706	2.0
291	4815	2.3
291	5266	2.9
291	5267	2.6
291	5268	2.4
291	5269	2.4
291	5270	2.4
291	5271	2.3
291	5272	2.3
291	5273	2.3
291	5274	2.2
291	5275	2.0
291	5276	2.0
291	5277	2.0
291	5278	2.0
291	5279	2.0
291	5280	2.0
291	5281	2.0
291	5282	2.0
291	5283	2.0
291	5284	2.0
291	5285	2.0
291	5286	2.0
291	5287	2.0
291	5288	2.0
291	5289	2.0
291	5290	2.0
291	5291	1.9
291	5292	1.9
291	5293	1.9
291	5294	1.2
330	67	1.5
330	89	3.0
330	157	1.4
330	190	2.9
330	230	1.4
330	257	1.0
330	289	3.1
330	295	2.5
330	300	4.5
330	306	1.1
330	321	2.2
330	324	2.7
330	325	3.4
330	333	2.0
330	344	1.0
330	349	1.9
330	458	3.0
330	461	2.7
330	464	3.7
330	466	2.5
330	498	4.1
330	540	1.5
330	646	2.1
330	679	5.0
330	681	1.9
330	686	3.6
330	692	1.6
330	701	2.5
330	704	4.3
330	706	2.8
330	802	3.7
330	903	1.2
330	1040	1.3
330	1054	2.1
330	1180	1.1
330	1245	1.4
330	1249	1.2
330	1453	2.7
330	1458	2.4
330	1468	2.0
330	1698	4.0
330	1807	1.1
330	2020	3.6
330	2801	1.9
330	3748	2.0
330	4558	2.2
330	5746	3.7
330	5747	1.8
330	5748	1.3
330	5749	1.1
346	7	1.6
346	55	1.5
346	59	2.1
346	67	1.3
346	89	3.1
346	97	2.7
346	173	2.0
346	190	2.4
346	207	5.0
346	209	1.7
346	210	1.6
346	228	3.3
346	229	3.5
346	230	2.2
346	234	1.7
346	289	1.2
346	300	2.0
346	412	2.3
346	424	2.5
346	425	2.5
346	453	1.2
346	466	1.3
346	504	1.1
346	511	1.8
346	512	1.1
346	539	2.0
346	542	3.2
346	704	1.8
346	709	1.1
346	859	2.2
346	903	3.4
346	982	1.5
346	1048	1.8
346	1090	1.5
346	1155	1.5
346	1160	1.0
346	1244	2.9
346	1406	1.8
346	1415	1.1
346	1520	1.1
346	1648	1.9
346	1988	1.4
346	2428	2.8
346	2524	1.1
346	2600	1.8
346	2941	1.5
346	3198	1.3
346	3200	2.1
346	4384	2.7
346	5934	2.5
385	56	1.0
385	65	3.6
385	89	3.4
385	173	1.4
385	182	1.2
385	190	1.6
385	191	3.9
385	217	1.0
385	228	1.9
385	230	1.4
385	288	1.2
385	289	4.2
385	291	3.2
385	292	1.9
385	300	2.6
385	302	1.2
385	304	1.4
385	306	3.3
385	316	2.1
385	318	1.7
385	321	1.8
385	324	2.5
385	325	2.3
385	333	2.0
385	344	4.8
385	377	2.3
385	386	1.2
385	461	5.0
385	464	1.7
385	466	2.7
385	472	3.3
385	486	2.4
385	498	4.3
385	518	1.2
385	544	1.2
385	679	1.5
385	680	2.4
385	681	3.4
385	686	1.6
385	692	1.4
385	704	2.1
385	907	2.0
385	966	1.6
385	1043	2.5
385	1246	1.3
385	1377	1.7
385	1470	2.2
385	2071	1.4
385	2498	2.6
385	2607	1.3
392	65	1.5
392	67	1.0
392	89	2.7
392	154	1.0
392	157	1.6
392	195	1.1
392	204	2.5
392	227	3.1
392	251	1.4
392	257	1.9
392	288	3.9
392	289	4.6
392	291	3.1
392	292	4.3
392	293	2.2
392	302	2.7
392	316	2.7
392	324	3.1
392	333	3.3
392	342	1.1
392	344	3.6
392	362	1.7
392	378	1.7
392	403	2.5
392	412	1.0
392	459	1.3
392	464	1.4
392	498	1.9
392	499	1.5
392	679	5.0
392	689	2.8
392	706	4.4
392	892	2.2
392	903	2.0
392	913	1.1
392	961	1.4
392	989	1.1
392	1081	1.7
392	1090	1.8
392	1091	1.9
392	1459	2.1
392	1464	2.0
392	1934	2.1
392	3070	1.6
392	6452	3.2
392	6453	2.2
392	6454	1.4
392	6455	1.0
392	6456	1.0
392	6457	1.0
403	9	1.1
403	67	1.6
403	89	4.1
403	209	1.0
403	288	2.7
403	289	3.2
403	291	1.1
403	292	1.5
403	300	3.6
403	328	1.1
403	344	3.3
403	386	3.3
403	458	3.4
403	461	3.4
403	464	1.3
403	466	4.8
403	487	1.0
403	497	1.3
403	498	1.6
403	504	1.6
403	524	3.1
403	547	1.8
403	680	1.6
403	686	1.2
403	704	1.3
403	1035	1.9
403	1037	2.8
403	1066	3.0
403	1091	3.7
403	1376	1.3
403	1682	1.7
403	2094	2.4
403	3319	2.4
403	3556	1.3
403	3558	4.3
403	4262	1.8
403	5079	5.0
403	5460	1.7
403	5670	1.1
403	6542	4.3
403	6543	3.3
403	6544	2.6
403	6545	1.7
403	6546	1.7
403	6547	1.6
403	6548	1.5
403	6549	1.4
403	6550	1.1
403	6551	1.1
403	6552	1.1
425	55	1.5
425	89	3.0
425	161	1.1
425	257	1.1
425	288	2.2
425	289	3.0
425	291	4.7
425	292	2.9
425	295	1.7
425	299	1.2
425	300	4.8
425	301	1.7
425	302	2.4
425	306	1.4
425	311	3.1
425	314	1.5
425	318	2.8
425	323	1.2
425	325	3.2
425	328	1.0
425	333	5.0
425	342	2.4
425	344	4.2
425	349	1.9
425	360	1.4
425	378	1.6
425	386	2.3
425	461	2.7
425	464	1.1
425	466	3.1
425	481	1.2
425	486	1.2
425	498	3.4
425	528	1.9
425	544	1.2
425	646	1.3
425	680	2.8
425	681	2.9
425	686	3.0
425	701	2.2
425	704	1.4
425	797	1.4
425	802	2.2
425	966	1.2
425	1034	1.4
425	1052	1.2
425	1455	1.2
425	1456	1.2
425	1458	1.6
425	2020	1.5
487	89	1.6
487	257	1.0
487	265	1.8
487	293	1.3
487	298	2.2
487	300	2.4
487	318	1.0
487	321	2.6
487	326	1.0
487	333	2.6
487	344	3.3
487	360	1.7
487	386	1.0
487	456	1.0
487	461	5.0
487	463	1.3
487	466	1.7
487	471	1.1
487	498	1.9
487	540	1.5
487	681	2.9
487	793	4.6
487	1239	1.6
487	1242	1.3
487	1243	1.2
487	1244	1.4
487	1246	1.5
487	1453	2.1
487	1458	1.3
487	1459	2.7
487	1590	1.6
487	1684	3.2
487	2176	1.0
487	2439	1.2
487	3489	2.1
487	3754	1.9
487	5767	1.4
487	7391	3.0
487	7392	3.0
487	7393	2.4
487	7394	2.1
487	7395	2.1
487	7396	1.9
487	7397	1.9
487	7398	1.6
487	7399	1.5
487	7400	1.4
487	7401	1.2
487	7402	1.1
487	7403	1.0
494	55	1.2
494	89	2.8
494	234	1.2
494	289	5.0
494	291	3.3
494	292	3.8
494	293	3.1
494	296	1.9
494	298	2.0
494	310	1.2
494	316	1.7
494	318	2.8
494	325	2.0
494	333	2.3
494	344	3.8
494	425	2.4
494	461	2.8
494	465	2.2
494	498	2.9
494	528	3.1
494	534	2.3
494	535	1.6
494	536	2.3
494	548	2.7
494	680	3.4
494	681	3.7
494	686	3.3
494	689	1.6
494	690	3.0
494	906	2.2
494	909	2.7
494	985	2.3
494	1590	3.6
494	1684	3.7
494	2019	3.2
494	2435	1.8
494	2546	2.1
494	3075	1.1
494	3171	1.6
494	3319	2.6
494	3489	4.1
494	4704	1.6
494	4705	1.5
494	4707	2.2
494	4773	1.6
494	5767	1.6
494	6591	1.7
494	7447	1.8
494	7448	1.1
494	7449	1.0
501	55	2.6
501	67	2.0
501	89	1.4
501	184	1.8
501	257	2.2
501	283	1.3
501	288	2.0
501	289	5.0
501	290	1.1
501	291	1.7
501	292	2.5
501	294	2.2
501	295	2.0
501	299	1.6
501	301	1.5
501	302	1.5
501	305	1.9
501	318	2.3
501	321	1.4
501	325	2.2
501	333	3.1
501	349	1.8
501	374	1.7
501	375	3.0
501	378	1.2
501	461	2.3
501	523	1.4
501	525	1.0
501	646	1.3
501	681	1.6
501	701	2.2
501	786	1.3
501	972	1.6
501	1045	1.2
501	1047	1.5
501	1052	1.0
501	1556	2.1
501	2082	1.9
501	2094	1.8
501	2102	2.4
501	2523	1.7
501	2801	1.9
501	3081	1.8
501	3171	1.2
501	3324	2.6
501	3332	2.2
501	4350	1.4
501	5745	1.7
501	7499	1.4
501	7500	1.2
514	67	3.0
514	89	2.3
514	209	1.6
514	288	2.1
514	291	1.1
514	292	5.0
514	293	2.3
514	299	1.3
514	300	2.0
514	302	2.0
514	318	1.2
514	321	1.9
514	325	2.1
514	333	1.5
514	340	1.3
514	344	2.0
514	349	1.1
514	461	4.7
514	466	1.6
514	470	1.4
514	471	1.3
514	486	2.2
514	523	2.4
514	544	2.7
514	674	1.3
514	681	2.9
514	686	1.5
514	701	1.9
514	704	2.2
514	903	2.0
514	913	1.0
514	972	1.0
514	1463	1.5
514	1556	1.3
514	1580	2.1
514	1590	1.8
514	1596	1.3
514	1782	1.5
514	2521	1.7
514	3196	1.1
514	3266	1.8
514	3375	2.0
514	3570	1.9
514	7391	2.1
514	7655	2.9
514	7656	2.3
514	7657	2.1
514	7658	1.4
514	7659	1.1
514	7660	1.0
531	55	1.1
531	67	1.4
531	89	2.0
531	288	2.5
531	289	3.5
531	291	2.7
531	292	2.7
531	293	1.9
531	295	2.1
531	298	2.1
531	299	3.5
531	300	2.2
531	301	2.9
531	302	2.4
531	306	1.3
531	307	1.3
531	320	1.6
531	324	2.6
531	325	3.9
531	333	2.4
531	342	1.0
531	344	3.0
531	378	1.2
531	458	1.1
531	461	2.9
531	464	1.7
531	466	2.6
531	498	1.6
531	523	1.8
531	524	1.3
531	525	1.0
531	528	1.2
531	543	1.2
531	679	2.7
531	681	1.6
531	686	3.1
531	701	1.6
531	704	1.6
531	797	1.0
531	908	2.1
531	1042	1.3
531	1047	1.1
531	1246	1.7
531	1458	2.3
531	1679	1.4
531	1934	1.3
531	2020	5.0
531	2543	1.0
531	5149	1.3
531	7830	1.3
538	55	1.4
538	89	4.6
538	288	4.9
538	289	4.8
538	291	1.1
538	292	4.1
538	293	1.1
538	294	1.7
538	295	2.7
538	299	3.3
538	300	4.2
538	301	2.1
538	302	2.5
538	306	3.0
538	310	1.0
538	323	1.8
538	328	1.5
538	330	1.8
538	333	3.9
538	344	5.0
538	346	2.6
538	352	3.0
538	461	3.7
538	466	4.1
538	468	1.5
538	475	1.9
538	531	1.3
538	543	3.0
538	545	1.1
538	679	1.3
538	686	1.8
538	690	1.9
538	701	2.4
538	907	1.2
538	915	1.0
538	1032	1.9
538	1037	1.1
538	1042	2.3
538	1051	1.4
538	1452	1.1
538	1455	2.6
538	1456	1.8
538	1459	1.1
538	1934	1.9
538	2020	2.7
538	4565	1.3
538	5267	1.4
538	5534	1.6
538	7868	1.3
538	7869	1.2
578	209	2.1
578	290	1.6
578	300	2.4
578	321	1.9
578	324	1.1
578	325	1.7
578	344	5.0
578	458	3.1
578	461	3.9
578	464	1.2
578	466	2.0
578	470	2.6
578	471	1.4
578	488	2.3
578	498	3.1
578	536	1.8
578	540	2.2
578	681	2.9
578	685	2.2
578	686	3.5
578	687	4.3
578	688	2.1
578	693	1.7
578	726	1.2
578	793	1.8
578	816	1.3
578	1035	2.2
578	1036	1.5
578	1043	1.1
578	1183	1.3
578	1193	2.9
578	1198	1.0
578	1455	1.0
578	1458	1.2
578	1462	1.2
578	1863	2.3
578	1866	1.0
578	1934	1.6
578	2617	2.3
578	2619	2.3
578	2982	1.4
578	3057	1.0
578	3902	1.3
578	6006	1.7
578	6595	1.5
578	7831	2.3
578	8242	2.2
578	8243	2.1
578	8244	2.0
578	8245	1.1
589	89	2.7
589	161	1.8
589	283	1.0
589	288	2.4
589	289	4.3
589	290	1.7
589	292	3.3
589	295	1.6
589	300	2.2
589	318	2.1
589	325	3.5
589	327	2.4
589	344	3.0
589	355	1.5
589	455	1.1
589	456	1.3
589	458	3.1
589	461	3.1
589	466	2.8
589	475	1.8
589	498	1.6
589	523	2.2
589	544	1.9
589	646	3.9
589	686	1.8
589	701	1.2
589	787	1.1
589	790	2.4
589	797	2.2
589	802	5.0
589	1042	1.6
589	1428	1.1
589	1429	2.8
589	1430	2.8
589	1432	1.5
589	1447	1.3
589	1455	1.9
589	1775	1.4
589	2080	2.1
589	2179	1.4
589	2462	1.3
589	3060	1.2
589	3255	2.3
589	4474	1.5
589	5249	2.1
589	5746	2.5
589	5988	1.7
589	7865	1.8
589	8356	2.3
589	8357	1.2
593	157	3.2
593	230	2.0
593	288	1.8
593	295	1.6
593	300	1.4
593	302	1.5
593	304	3.4
593	306	1.4
593	321	3.1
593	333	2.9
593	344	3.3
593	355	1.6
593	456	1.3
593	458	1.2
593	461	2.4
593	466	1.7
593	468	1.3
593	484	1.3
593	498	3.2
593	681	5.0
593	685	2.5
593	686	1.3
593	691	1.6
593	701	3.0
593	793	1.1
593	797	1.2
593	908	1.2
593	1198	1.2
593	1436	1.4
593	1438	2.8
593	1698	1.0
593	2395	1.9
593	2440	2.1
593	2462	1.9
593	3073	1.9
593	3401	1.3
593	4260	1.0
593	4294	1.9
593	5249	1.6
593	8370	3.9
593	8371	2.2
593	8372	2.0
593	8373	2.0
593	8374	1.8
593	8375	1.6
593	8376	1.4
593	8377	1.3
593	8378	1.2
593	8379	1.1
593	8380	1.0
621	55	1.4
621	89	3.8
621	190	2.3
621	191	1.8
621	229	1.6
621	279	2.0
621	288	2.4
621	289	5.0
621	290	1.8
621	291	3.2
621	292	2.8
621	294	2.2
621	295	1.7
621	300	1.7
621	302	1.1
621	311	1.3
621	323	2.1
621	344	1.9
621	349	1.8
621	369	1.1
621	377	1.9
621	378	2.6
621	393	1.5
621	486	1.4
621	498	3.2
621	518	3.3
621	679	2.7
621	680	2.6
621	681	3.5
621	906	3.6
621	1383	1.0
621	1684	2.3
621	1705	2.1
621	1918	1.1
621	2035	2.5
621	2092	2.3
621	2097	1.1
621	2619	1.2
621	4487	1.0
621	4918	1.7
621	4920	1.0
621	4922	1.1
621	4923	1.8
621	5459	1.1
621	5746	1.0
621	8650	1.7
621	8651	1.5
621	8652	1.5
621	8653	1.1
621	8654	1.1
634	65	1.8
634	89	1.0
634	157	2.5
634	184	2.3
634	187	1.1
634	227	1.2
634	229	3.2
634	257	1.1
634	300	1.5
634	311	2.4
634	333	3.1
634	344	5.0
634	403	1.1
634	458	2.5
634	498	1.3
634	536	2.3
634	689	1.3
634	691	3.5
634	712	2.0
634	734	1.3
634	951	1.9
634	959	1.2
634	1122	1.3
634	1246	1.2
634	1413	2.2
634	1447	2.5
634	1459	2.9
634	1462	1.3
634	1464	1.2
634	1489	1.2
634	1689	1.2
634	1934	1.4
634	2439	1.1
634	2525	1.0
634	2982	3.3
634	3302	2.5
634	3373	1.8
634	3588	2.2
634	5267	3.5
634	8736	2.9
634	8737	2.5
634	8738	2.2
634	8739	1.6
634	8740	1.5
634	8741	1.4
634	8742	1.2
634	8743	1.2
634	8744	1.2
634	8745	1.1
634	8746	1.1
646	89	1.6
646	157	1.3
646	161	3.2
646	191	1.0
646	288	3.5
646	289	3.1
646	292	1.7
646	295	2.2
646	299	1.6
646	300	3.7
646	302	1.4
646	304	2.3
646	306	2.4
646	321	4.9
646	325	2.1
646	327	4.3
646	328	1.4
646	333	3.3
646	342	1.4
646	344	3.8
646	377	1.1
646	456	1.9
646	458	5.0
646	461	3.8
646	466	3.3
646	468	2.0
646	475	1.1
646	498	2.3
646	528	2.1
646	538	1.0
646	679	1.4
646	681	3.9
646	686	4.2
646	691	2.1
646	692	2.2
646	701	2.8
646	790	1.3
646	797	2.8
646	907	1.1
646	1032	1.4
646	1042	4.1
646	1047	2.6
646	1452	2.0
646	1455	1.8
646	1458	2.2
646	2607	2.8
646	2939	1.4
646	4562	2.6
646	4811	2.7
646	8863	1.3
669	89	4.5
669	288	3.8
669	289	3.7
669	290	2.3
669	293	2.6
669	300	1.5
669	318	2.5
669	320	2.1
669	321	1.6
669	325	1.7
669	333	4.4
669	344	1.8
669	378	2.3
669	458	2.0
669	461	3.7
669	466	4.6
669	468	1.2
669	471	2.2
669	475	2.2
669	481	1.3
669	486	2.2
669	498	4.1
669	540	1.5
669	542	2.2
669	790	2.8
669	972	3.6
669	1035	2.5
669	1045	2.6
669	1659	2.6
669	1670	1.4
669	1673	3.9
669	2025	2.0
669	2080	4.1
669	2082	2.0
669	2435	2.4
669	2498	3.8
669	2987	2.6
669	3074	2.2
669	3080	1.8
669	3187	3.6
669	3392	1.0
669	3397	5.0
669	3404	1.7
669	8364	2.7
669	9154	3.8
669	9155	2.5
669	9156	2.3
669	9157	2.0
669	9158	1.8
669	9159	1.8
682	55	2.3
682	89	2.5
682	190	1.8
682	256	1.6
682	288	2.6
682	289	2.3
682	295	1.4
682	300	3.5
682	304	2.3
682	306	2.8
682	314	2.2
682	324	2.4
682	327	1.3
682	328	2.2
682	333	1.7
682	342	3.2
682	344	5.0
682	456	1.6
682	458	1.6
682	461	2.1
682	464	2.1
682	466	3.0
682	468	1.0
682	486	2.0
682	498	2.6
682	531	1.0
682	538	2.7
682	544	2.3
682	679	2.2
682	681	1.5
682	683	2.6
682	686	1.5
682	691	2.4
682	704	2.2
682	797	1.3
682	1038	1.0
682	1198	1.5
682	1428	2.1
682	1447	1.1
682	1452	1.5
682	1470	1.1
682	2545	1.4
682	2977	1.4
682	2988	1.1
682	3378	1.2
682	5749	1.6
682	5950	1.9
682	8093	1.2
682	9249	4.1
682	9250	2.2
722	55	2.8
722	67	2.5
722	89	2.3
722	172	2.7
722	187	1.0
722	203	1.6
722	220	1.2
722	230	2.3
722	257	1.6
722	288	2.9
722	289	4.3
722	292	3.4
722	293	3.4
722	295	1.2
722	299	1.0
722	300	2.8
722	302	3.0
722	306	2.3
722	310	2.8
722	318	2.0
722	324	1.4
722	325	1.8
722	326	1.3
722	329	1.5
722	333	3.9
722	344	2.2
722	349	2.1
722	360	1.5
722	386	1.6
722	455	2.5
722	459	2.1
722	461	3.4
722	464	1.4
722	466	3.1
722	475	1.8
722	498	2.6
722	523	2.6
722	525	3.8
722	534	5.0
722	544	1.3
722	545	1.5
722	701	1.9
722	704	2.0
722	790	1.1
722	793	1.1
722	972	2.2
722	1034	1.3
722	1580	2.0
722	2523	1.5
722	5926	2.1
768	166	1.0
768	230	1.4
768	289	2.3
768	325	1.0
768	333	3.3
768	342	1.6
768	344	5.0
768	458	1.0
768	461	1.4
768	466	1.6
768	475	2.0
768	498	3.0
768	523	3.3
768	635	2.3
768	681	2.3
768	685	1.0
768	686	1.6
768	691	1.0
768	722	1.4
768	735	1.0
768	797	2.6
768	1047	2.5
768	1455	2.7
768	1458	1.8
768	1459	1.0
768	1462	1.4
768	1684	1.0
768	1874	2.6
768	2439	1.0
768	3464	1.0
768	3557	1.6
768	4260	1.0
768	4294	1.0
768	4879	1.0
768	5099	2.0
768	5267	1.6
768	5958	1.4
768	7399	2.4
768	7500	2.1
768	7704	1.0
768	8245	1.0
768	9893	1.4
768	9894	1.0
768	9895	1.0
790	89	3.8
790	190	2.1
790	230	1.9
790	288	2.7
790	289	5.0
790	291	2.6
790	292	3.1
790	300	3.8
790	305	1.0
790	318	2.3
790	321	3.7
790	323	2.2
790	325	4.2
790	344	4.8
790	349	3.8
790	362	2.3
790	377	1.4
790	461	2.0
790	481	1.8
790	498	4.8
790	525	2.9
790	635	3.0
790	681	4.7
790	686	2.1
790	691	1.3
790	701	2.2
790	912	3.0
790	951	1.7
790	1438	1.0
790	1459	4.5
790	1462	1.7
790	1475	2.2
790	1684	1.2
790	2395	2.4
790	2462	1.7
790	3063	4.5
790	3905	1.6
790	4817	1.7
790	4923	2.6
790	5266	1.9
790	5746	2.5
790	8372	3.0
790	8756	1.2
790	9654	3.2
790	10057	2.7
790	10058	2.4
790	10059	2.0
790	10060	1.7
790	10061	1.4
790	10062	1.4
797	67	1.2
797	89	3.9
797	289	1.4
797	292	2.3
797	300	1.2
797	333	3.2
797	344	5.0
797	466	1.0
797	679	1.2
797	1458	1.9
797	1679	1.6
814	89	2.6
814	182	3.2
814	228	2.6
814	229	1.9
814	230	2.5
814	288	2.4
814	300	2.6
814	318	2.1
814	321	5.0
814	325	1.7
814	327	1.7
814	333	4.0
814	412	2.6
814	455	1.8
814	461	3.6
814	471	1.1
814	475	1.0
814	498	4.3
814	528	2.1
814	540	2.8
814	646	1.4
814	681	5.0
814	683	2.3
814	687	2.3
814	693	1.2
814	704	2.9
814	1035	1.7
814	1043	1.7
814	1045	2.0
814	1047	2.5
814	1048	1.2
814	1059	1.9
814	1193	1.4
814	1239	1.9
814	1246	3.6
814	1444	1.2
814	1447	1.2
814	1453	1.2
814	2080	1.3
814	2607	1.7
814	2665	1.9
814	3079	1.5
814	3859	1.3
814	4562	1.3
814	4814	2.2
814	5958	2.5
814	6601	1.2
814	10316	1.8
814	10317	1.3
814	10318	1.1
815	89	2.0
815	251	3.2
815	257	3.2
815	288	5.0
815	289	2.9
815	291	3.0
815	292	2.9
815	293	3.0
815	294	3.3
815	295	3.2
815	300	4.1
815	302	3.1
815	306	3.5
815	310	3.5
815	311	1.1
815	316	2.7
815	318	2.1
815	320	2.7
815	324	3.0
815	325	3.7
815	326	2.0
815	330	2.1
815	333	4.3
815	344	3.6
815	349	3.0
815	352	1.8
815	355	2.9
815	458	1.5
815	464	3.6
815	465	2.4
815	466	3.7
815	498	3.3
815	523	2.5
815	525	2.5
815	538	3.4
815	680	2.7
815	691	1.5
815	701	3.6
815	907	1.4
815	908	3.1
815	1450	2.6
815	1580	2.6
815	1613	3.3
815	2020	1.6
815	2544	2.3
815	2546	2.2
815	3393	1.0
815	4512	1.1
815	8360	1.4
815	10319	1.5
851	55	2.1
851	67	1.0
851	89	3.9
851	288	3.4
851	289	2.9
851	290	2.3
851	291	3.4
851	292	1.8
851	293	2.3
851	294	2.0
851	295	1.9
851	296	2.1
851	298	1.6
851	299	3.7
851	300	3.8
851	302	2.5
851	310	2.2
851	311	1.2
851	316	1.0
851	317	1.0
851	318	5.0
851	324	2.2
851	325	3.4
851	333	2.1
851	342	2.3
851	344	3.7
851	386	1.3
851	461	2.9
851	466	1.8
851	498	3.2
851	523	3.2
851	524	1.6
851	674	1.2
851	676	1.5
851	680	1.2
851	681	1.7
851	682	1.7
851	686	2.2
851	790	2.1
851	908	1.0
851	972	3.8
851	1034	2.0
851	1441	1.1
851	1684	3.1
851	4707	2.7
851	4773	1.6
851	8171	1.3
851	10639	1.8
851	10640	1.2
851	10641	1.1
930	89	2.7
930	159	1.1
930	257	1.6
930	288	1.1
930	289	1.7
930	295	1.9
930	300	2.4
930	307	2.3
930	333	2.7
930	344	2.6
930	461	2.0
930	466	1.6
930	498	5.0
930	523	2.0
930	615	1.1
930	646	1.1
930	679	3.1
930	680	1.5
930	681	1.5
930	683	1.6
930	686	1.4
930	691	1.1
930	693	1.6
930	701	2.2
930	704	4.1
930	714	1.4
930	802	1.0
930	1045	3.4
930	1377	2.1
930	1467	2.1
930	1470	1.9
930	1934	1.8
930	2020	3.2
930	2548	1.3
930	2839	1.1
930	2840	2.1
930	3928	1.1
930	4514	1.6
930	4850	1.1
930	5749	2.7
930	6121	1.1
930	6132	1.8
930	6196	1.2
930	9079	2.1
930	9249	1.2
930	11154	2.3
930	11155	1.9
930	11156	1.4
930	11157	1.4
930	11158	1.1
995	89	5.0
995	257	1.3
995	288	4.2
995	289	3.9
995	295	1.6
995	299	1.9
995	300	4.3
995	306	2.4
995	328	2.1
995	333	3.1
995	344	3.9
995	461	3.9
995	466	4.2
995	468	2.1
995	475	1.0
995	484	2.1
995	498	2.8
995	528	1.7
995	543	3.2
995	544	2.7
995	679	2.7
995	686	4.1
995	701	2.2
995	790	1.0
995	797	2.4
995	802	1.0
995	1032	2.0
995	1428	1.0
995	1447	1.9
995	1452	2.8
995	1453	1.5
995	1455	2.5
995	1456	2.1
995	1458	2.2
995	1690	2.4
995	6590	1.9
995	11643	1.9
995	11644	1.0
998	89	1.7
998	97	1.0
998	209	1.5
998	262	1.2
998	288	1.1
998	289	1.1
998	300	1.7
998	306	1.8
998	333	5.0
998	344	2.1
998	367	1.5
998	369	1.0
998	388	1.8
998	409	1.1
998	427	1.0
998	458	1.2
998	498	1.1
998	679	1.0
998	701	1.0
998	898	1.2
998	1857	1.4
998	1904	4.7
998	1918	1.2
998	2040	1.1
998	2089	1.2
998	2106	1.1
998	2343	1.1
998	2544	1.1
998	2798	1.0
998	4923	1.3
998	5575	1.1
998	5948	1.0
998	9178	2.0
998	9199	1.5
998	11687	2.6
998	11688	2.6
998	11689	2.5
998	11690	2.1
998	11691	1.6
998	11692	1.4
998	11693	1.3
998	11694	1.3
998	11695	1.3
998	11696	1.2
998	11697	1.1
998	11698	1.1
998	11699	1.1
998	11700	1.1
998	11701	1.0
998	11702	1.0
1020	45	1.2
1020	88	1.1
1020	209	1.4
1020	227	2.9
1020	230	1.9
1020	234	2.8
1020	257	2.2
1020	291	2.3
1020	293	1.3
1020	298	1.7
1020	300	2.4
1020	325	1.0
1020	333	3.2
1020	377	2.6
1020	378	2.6
1020	403	1.1
1020	458	1.3
1020	461	2.6
1020	466	1.9
1020	470	5.0
1020	472	1.4
1020	475	1.1
1020	498	4.3
1020	500	2.3
1020	536	1.1
1020	537	3.0
1020	540	1.2
1020	680	2.7
1020	681	1.8
1020	687	1.1
1020	693	1.2
1020	704	3.7
1020	707	1.5
1020	951	1.4
1020	982	1.3
1020	1035	2.1
1020	1043	2.0
1020	1044	2.2
1020	1047	1.6
1020	1180	2.5
1020	1182	1.4
1020	1189	1.7
1020	1246	1.1
1020	1249	1.8
1020	1513	1.0
1020	1672	4.4
1020	1853	1.0
1020	2959	1.9
1020	2987	1.5
1020	5253	2.5
1056	65	2.8
1056	161	1.8
1056	257	1.7
1056	288	2.8
1056	289	3.6
1056	292	3.8
1056	295	1.6
1056	300	1.3
1056	302	2.0
1056	318	1.5
1056	321	2.0
1056	333	2.0
1056	344	3.8
1056	352	3.1
1056	360	1.2
1056	455	2.8
1056	461	3.8
1056	466	3.1
1056	479	2.7
1056	498	1.7
1056	523	2.3
1056	524	2.6
1056	544	1.5
1056	646	2.7
1056	679	4.9
1056	681	2.8
1056	686	4.0
1056	687	3.6
1056	701	2.3
1056	704	1.3
1056	793	1.1
1056	802	2.8
1056	908	2.7
1056	1428	3.2
1056	1429	1.4
1056	1430	1.6
1056	1447	1.5
1056	1461	3.4
1056	1659	1.7
1056	1672	2.2
1056	2025	1.2
1056	2091	3.7
1056	2092	1.0
1056	2523	1.6
1056	2548	5.0
1056	2977	1.3
1056	3187	2.0
1056	3393	1.1
1056	4474	2.0
1056	6528	1.6
1072	67	1.1
1072	89	1.9
1072	172	1.0
1072	257	1.5
1072	283	1.2
1072	288	2.0
1072	289	1.4
1072	291	2.4
1072	292	5.0
1072	295	2.5
1072	296	1.0
1072	298	1.7
1072	300	2.8
1072	301	1.4
1072	302	2.2
1072	306	1.4
1072	307	1.8
1072	316	1.2
1072	325	2.0
1072	333	3.3
1072	340	1.5
1072	342	1.3
1072	344	3.8
1072	349	1.1
1072	360	1.3
1072	461	3.3
1072	498	1.2
1072	542	1.9
1072	546	1.0
1072	680	2.5
1072	701	2.7
1072	708	1.3
1072	802	1.0
1072	890	1.1
1072	903	1.8
1072	907	1.1
1072	1052	1.3
1072	1459	1.1
1072	2523	1.2
1072	2801	1.4
1072	2984	1.5
1072	3173	1.6
1072	3176	1.1
1072	3205	1.5
1072	3332	1.4
1072	3931	1.1
1072	5774	1.2
1072	12108	1.8
1072	12109	1.7
1072	12110	1.2
1122	89	2.0
1122	288	2.1
1122	289	1.4
1122	300	2.3
1122	314	1.1
1122	318	1.1
1122	321	1.0
1122	324	1.9
1122	325	1.1
1122	333	1.8
1122	344	5.0
1122	458	2.9
1122	461	2.9
1122	464	1.8
1122	466	3.2
1122	498	2.2
1122	527	1.7
1122	528	2.0
1122	531	1.1
1122	548	1.7
1122	679	1.9
1122	680	1.2
1122	681	2.7
1122	683	1.2
1122	686	2.6
1122	687	1.7
1122	691	2.3
1122	699	2.1
1122	704	3.7
1122	779	1.1
1122	793	2.5
1122	1037	2.4
1122	1042	1.5
1122	1043	2.4
1122	1377	1.2
1122	2498	1.0
1122	2841	1.1
1122	3317	1.5
1122	4562	2.1
1122	5035	3.1
1122	5953	1.0
1122	6346	1.1
1122	8649	1.6
1122	11949	1.5
1122	12477	2.1
1122	12478	1.5
1122	12479	1.4
1122	12480	1.3
1122	12481	1.2
1122	12482	1.1
1128	89	3.6
1128	190	1.7
1128	217	1.1
1128	229	1.1
1128	288	3.2
1128	289	5.0
1128	291	2.1
1128	292	3.0
1128	293	2.4
1128	298	3.7
1128	300	3.2
1128	302	3.9
1128	307	2.5
1128	333	4.0
1128	344	3.5
1128	403	1.5
1128	461	1.8
1128	466	2.5
1128	486	3.3
1128	498	4.4
1128	525	2.4
1128	534	2.3
1128	536	2.8
1128	546	1.2
1128	680	3.1
1128	682	1.7
1128	693	1.7
1128	704	4.3
1128	898	1.9
1128	989	2.1
1128	1052	3.1
1128	1245	1.4
1128	1375	1.0
1128	1455	1.4
1128	1590	2.3
1128	1609	1.3
1128	2020	2.4
1128	2142	1.2
1128	2435	1.5
1128	2839	1.3
1128	3369	2.9
1128	3399	1.0
1128	4254	1.6
1128	5747	1.8
1128	5781	2.3
1128	5926	2.8
1128	5984	1.9
1128	6456	1.6
1128	7655	4.2
1128	9079	1.0
1131	89	2.9
1131	161	1.7
1131	288	2.1
1131	289	2.8
1131	291	2.8
1131	292	2.9
1131	295	1.4
1131	300	2.8
1131	306	1.7
1131	318	2.3
1131	320	2.6
1131	321	2.6
1131	324	1.6
1131	333	3.7
1131	455	1.1
1131	456	1.4
1131	458	2.3
1131	461	3.6
1131	464	3.1
1131	498	1.7
1131	523	1.1
1131	646	1.6
1131	679	2.3
1131	681	5.0
1131	686	2.6
1131	701	2.5
1131	787	1.4
1131	790	3.5
1131	795	1.4
1131	797	1.5
1131	908	1.8
1131	1054	1.2
1131	1447	1.7
1131	1453	3.8
1131	1475	1.3
1131	1597	2.2
1131	4291	1.1
1131	4480	1.2
1131	7396	1.6
1131	8378	1.7
1131	12038	3.6
1131	12553	2.8
1131	12554	2.1
1131	12555	2.0
1131	12556	1.9
1131	12557	1.8
1131	12558	1.7
1131	12559	1.4
1131	12560	1.1
1131	12561	1.0
1139	67	1.7
1139	89	2.2
1139	161	1.0
1139	173	3.4
1139	288	2.3
1139	289	5.0
1139	292	2.5
1139	293	1.7
1139	295	1.4
1139	299	1.5
1139	301	1.1
1139	333	1.4
1139	344	1.4
1139	349	1.3
1139	374	2.2
1139	375	3.7
1139	377	1.9
1139	455	1.4
1139	456	3.0
1139	458	3.2
1139	459	1.6
1139	465	1.6
1139	646	1.7
1139	701	1.3
1139	790	1.8
1139	794	1.9
1139	972	2.8
1139	1023	1.0
1139	2094	2.5
1139	3580	1.6
1139	6529	2.9
1139	6856	1.4
1139	7545	1.2
1139	10967	1.5
1139	12555	2.9
1139	12576	1.5
1139	12585	3.8
1139	12586	3.1
1139	12587	2.8
1139	12588	2.6
1139	12589	2.5
1139	12590	1.9
1139	12591	1.8
1139	12592	1.5
1139	12593	1.2
1139	12594	1.2
1139	12595	1.2
1139	12596	1.1
1139	12597	1.1
1139	12598	1.0
1145	89	2.4
1145	288	1.2
1145	289	1.6
1145	291	2.3
1145	292	3.6
1145	295	2.3
1145	298	1.8
1145	300	2.8
1145	302	1.5
1145	321	2.6
1145	325	2.5
1145	333	3.1
1145	342	2.1
1145	344	5.0
1145	456	1.1
1145	458	4.9
1145	461	3.4
1145	466	2.4
1145	471	1.6
1145	481	1.5
1145	484	1.0
1145	498	2.0
1145	528	2.5
1145	679	3.3
1145	680	2.6
1145	681	3.0
1145	685	1.5
1145	686	2.8
1145	693	1.6
1145	793	2.2
1145	797	2.1
1145	908	1.4
1145	1042	1.1
1145	1043	1.8
1145	1047	1.3
1145	1054	1.4
1145	1239	1.2
1145	1447	2.2
1145	1458	2.0
1145	1459	2.7
1145	1659	2.2
1145	1673	1.3
1145	1679	1.4
1145	1691	1.6
1145	2392	2.0
1145	2653	2.2
1145	2801	1.3
1145	5267	1.9
1145	5749	1.3
1145	6454	1.5
1150	289	1.1
1150	291	2.4
1150	344	3.7
1150	356	2.2
1150	461	2.0
1150	528	1.5
1150	681	1.2
1150	718	2.0
1150	730	1.8
1150	892	1.3
1150	906	1.0
1150	1459	4.6
1150	1489	1.0
1150	1694	2.0
1150	1696	1.5
1150	2076	1.3
1150	2436	1.2
1150	2437	1.1
1150	2439	1.9
1150	2442	2.8
1150	2449	1.2
1150	2455	1.3
1150	2467	5.0
1150	2468	2.4
1150	3127	2.0
1150	3178	2.1
1150	3583	1.6
1150	3588	2.5
1150	3593	1.4
1150	3609	1.5
1150	4520	1.7
1150	4542	2.6
1150	4543	2.7
1150	5032	2.8
1150	5266	2.5
1150	5267	3.5
1150	5767	1.2
1150	11236	1.1
1150	11769	1.5
1150	12680	3.0
1150	12681	2.6
1150	12682	1.6
1150	12683	1.6
1150	12684	1.5
1150	12685	1.5
1150	12686	1.4
1150	12687	1.3
1150	12688	1.3
1150	12689	1.2
1150	12690	1.1
1178	190	1.3
1178	207	2.3
1178	289	2.4
1178	291	1.1
1178	292	1.9
1178	297	1.0
1178	300	2.6
1178	316	1.0
1178	333	3.4
1178	344	5.0
1178	349	1.3
1178	355	1.6
1178	366	2.4
1178	424	1.8
1178	455	1.9
1178	461	1.6
1178	466	1.4
1178	475	1.5
1178	479	1.2
1178	533	1.6
1178	544	3.1
1178	679	2.3
1178	683	1.3
1178	698	1.4
1178	951	1.4
1178	1043	1.6
1178	1047	1.4
1178	1090	1.5
1178	1406	1.5
1178	1511	1.0
1178	1515	1.1
1178	1766	1.3
1178	1767	1.4
1178	1934	2.5
1178	2451	1.6
1178	2498	2.4
1178	2523	1.3
1178	2606	1.3
1178	3393	1.8
1178	4474	2.8
1178	4828	1.7
1178	5746	1.4
1178	6539	1.2
1178	6865	3.5
1178	12958	2.2
1178	12959	1.7
1178	12960	1.5
1178	12961	1.3
1178	12962	1.3
1178	12963	1.1
1272	55	2.2
1272	65	2.5
1272	67	2.0
1272	89	4.2
1272	199	1.6
1272	209	2.3
1272	227	1.5
1272	228	2.2
1272	229	2.7
1272	230	3.6
1272	288	1.8
1272	289	1.8
1272	291	2.6
1272	292	2.8
1272	298	2.8
1272	300	3.8
1272	302	2.8
1272	324	1.0
1272	333	5.0
1272	344	2.8
1272	378	2.3
1272	412	2.2
1272	464	2.2
1272	466	1.7
1272	481	2.8
1272	486	2.1
1272	498	3.9
1272	528	2.7
1272	538	2.2
1272	544	2.3
1272	646	1.5
1272	679	2.1
1272	680	2.2
1272	681	2.8
1272	686	1.5
1272	687	2.3
1272	689	2.3
1272	691	2.1
1272	701	1.0
1272	704	2.9
1272	802	1.4
1272	1034	1.0
1272	1043	2.4
1272	1047	4.0
1272	1243	1.1
1272	1246	2.7
1272	1390	2.1
1272	1400	2.1
1272	1673	1.0
1272	1934	1.4
1283	89	3.2
1283	182	1.2
1283	190	1.7
1283	191	1.0
1283	217	2.8
1283	288	1.4
1283	289	3.1
1283	290	1.1
1283	291	2.6
1283	292	1.4
1283	298	1.7
1283	300	3.0
1283	305	1.5
1283	307	2.2
1283	311	1.9
1283	318	2.7
1283	321	4.2
1283	324	3.0
1283	325	2.4
1283	326	1.8
1283	333	1.8
1283	344	5.0
1283	349	2.1
1283	362	2.9
1283	456	1.6
1283	461	2.8
1283	471	1.7
1283	498	4.0
1283	523	1.9
1283	679	4.0
1283	680	2.2
1283	681	4.0
1283	686	1.8
1283	689	1.6
1283	701	1.0
1283	908	2.0
1283	1043	2.2
1283	1054	1.8
1283	1243	2.5
1283	1459	3.9
1283	1470	2.7
1283	1590	2.0
1283	1684	3.2
1283	1685	2.1
1283	4435	1.2
1283	5032	1.1
1283	5266	1.1
1283	6527	1.0
1283	10060	1.0
1283	13645	1.0
1304	89	4.5
1304	191	1.0
1304	288	4.0
1304	289	4.4
1304	292	1.8
1304	299	1.5
1304	300	3.4
1304	302	2.3
1304	327	1.6
1304	332	1.4
1304	333	4.7
1304	342	2.4
1304	344	2.0
1304	378	1.6
1304	386	1.2
1304	458	1.4
1304	461	3.8
1304	464	1.7
1304	466	3.8
1304	469	1.4
1304	498	1.6
1304	528	2.5
1304	543	1.7
1304	646	4.8
1304	686	3.3
1304	699	1.2
1304	704	3.1
1304	790	3.0
1304	793	2.1
1304	802	2.9
1304	1428	4.6
1304	1429	2.0
1304	1430	2.3
1304	1452	1.8
1304	1458	4.4
1304	2020	4.5
1304	2082	1.7
1304	2498	1.2
1304	2548	1.0
1304	2990	1.7
1304	3073	1.6
1304	3462	1.2
1304	4562	2.4
1304	4811	5.0
1304	7340	1.0
1304	13739	3.0
1304	13740	2.5
1304	13741	2.2
1304	13742	1.6
1304	13743	1.1
1348	89	1.4
1348	191	1.4
1348	288	1.7
1348	289	3.3
1348	290	1.4
1348	291	3.4
1348	294	2.3
1348	327	1.5
1348	333	5.0
1348	342	1.1
1348	344	1.4
1348	356	1.0
1348	377	1.0
1348	386	3.4
1348	461	2.3
1348	466	3.1
1348	468	1.7
1348	475	2.9
1348	523	1.2
1348	681	1.2
1348	693	1.3
1348	701	1.6
1348	1025	1.5
1348	1043	1.5
1348	1444	2.4
1348	1447	2.4
1348	1459	3.3
1348	1684	2.0
1348	1685	1.1
1348	3078	1.5
1348	3127	2.0
1348	3489	1.7
1348	3859	2.0
1348	4562	1.0
1348	5032	1.9
1348	5267	3.0
1348	7340	2.7
1348	7756	2.9
1348	11223	1.8
1348	11890	1.4
1348	12683	1.0
1348	14035	3.2
1348	14036	2.9
1348	14037	1.5
1348	14038	1.5
1348	14039	1.3
1348	14040	1.3
1348	14041	1.3
1348	14042	1.1
1348	14043	1.0
1369	288	1.9
1369	290	1.8
1369	291	2.2
1369	298	1.9
1369	300	3.2
1369	318	1.6
1369	321	3.9
1369	324	1.4
1369	325	3.4
1369	333	2.7
1369	344	5.0
1369	377	1.1
1369	403	1.1
1369	458	1.1
1369	461	3.4
1369	464	2.6
1369	466	3.3
1369	471	1.7
1369	481	1.6
1369	486	1.1
1369	498	2.6
1369	528	2.5
1369	538	1.5
1369	679	3.9
1369	680	1.3
1369	681	4.2
1369	685	2.0
1369	686	3.4
1369	688	1.0
1369	690	1.1
1369	907	1.2
1369	1043	2.4
1369	1377	1.4
1369	1447	2.0
1369	1453	3.2
1369	1470	1.7
1369	1934	1.0
1369	2020	3.0
1369	2607	2.0
1369	4562	1.2
1369	4767	1.3
1369	4879	1.5
1369	5001	2.6
1369	7777	2.7
1369	8378	1.6
1369	11010	1.5
1369	13458	1.0
1369	13720	1.6
1369	14152	2.6
1369	14153	1.7
1388	81	1.3
1388	89	3.3
1388	173	2.1
1388	207	1.2
1388	209	1.8
1388	230	1.3
1388	288	2.4
1388	289	2.2
1388	300	5.0
1388	321	1.1
1388	324	1.2
1388	333	2.2
1388	344	1.6
1388	420	1.6
1388	425	2.1
1388	430	2.2
1388	461	2.0
1388	464	1.2
1388	466	1.4
1388	498	4.0
1388	528	1.1
1388	531	1.3
1388	543	1.3
1388	546	2.2
1388	681	2.4
1388	686	2.1
1388	704	4.6
1388	790	1.1
1388	859	1.9
1388	1032	3.3
1388	1045	1.4
1388	1048	1.0
1388	1424	1.0
1388	1452	1.4
1388	1455	1.2
1388	1456	1.6
1388	1673	1.1
1388	2020	1.1
1388	2080	1.8
1388	2084	1.1
1388	2137	1.3
1388	2277	1.6
1388	2549	1.1
1388	2788	1.5
1388	3200	1.9
1388	3373	1.1
1388	4028	1.5
1388	5149	1.7
1388	5180	1.9
1388	7834	2.0
1403	45	1.5
1403	190	1.1
1403	207	3.6
1403	209	1.3
1403	229	3.0
1403	230	1.9
1403	289	3.0
1403	291	1.0
1403	293	2.7
1403	298	2.3
1403	300	3.0
1403	329	1.2
1403	333	3.0
1403	377	2.3
1403	403	1.6
1403	412	1.7
1403	427	1.3
1403	430	2.9
1403	498	2.2
1403	501	1.7
1403	533	1.9
1403	538	1.1
1403	540	1.5
1403	546	1.8
1403	683	1.8
1403	716	1.6
1403	768	1.1
1403	903	5.0
1403	982	3.3
1403	985	1.5
1403	1043	2.3
1403	1046	1.0
1403	1047	2.9
1403	1048	1.4
1403	1182	2.0
1403	1186	1.1
1403	1201	2.8
1403	1246	1.0
1403	1513	1.3
1403	1515	1.0
1403	2196	1.4
1403	2346	1.5
1403	2521	1.6
1403	3171	1.8
1403	3749	1.5
1403	5001	1.4
1403	5948	1.9
1403	7187	2.1
1403	9160	1.1
1403	10327	1.7
1410	89	2.2
1410	190	1.8
1410	191	1.6
1410	217	1.2
1410	229	1.1
1410	237	1.1
1410	288	1.3
1410	289	2.2
1410	300	3.4
1410	329	3.5
1410	333	2.5
1410	344	5.0
1410	356	2.9
1410	377	1.1
1410	458	3.4
1410	461	4.5
1410	466	3.4
1410	498	1.2
1410	681	1.0
1410	683	1.4
1410	685	1.8
1410	686	1.8
1410	691	1.1
1410	793	3.3
1410	797	2.6
1410	912	2.9
1410	1042	1.3
1410	1043	1.5
1410	1447	1.4
1410	1459	3.4
1410	1602	1.2
1410	1609	1.4
1410	1696	1.7
1410	2436	1.1
1410	2439	2.0
1410	2446	1.9
1410	2982	1.4
1410	4575	1.2
1410	4923	2.4
1410	5266	3.1
1410	6217	2.0
1410	7276	1.0
1410	9271	1.5
1410	9849	1.8
1410	12918	1.3
1410	14386	2.9
1410	14387	2.1
1410	14388	1.9
1410	14389	1.9
1410	14390	1.3
1423	67	2.3
1423	89	2.9
1423	157	1.2
1423	257	1.2
1423	288	3.4
1423	289	5.0
1423	290	2.0
1423	291	1.1
1423	292	2.2
1423	294	2.9
1423	295	1.8
1423	300	3.3
1423	301	1.2
1423	302	3.2
1423	304	4.8
1423	310	1.7
1423	318	4.2
1423	321	2.8
1423	325	2.7
1423	327	4.3
1423	330	2.8
1423	331	2.4
1423	344	3.4
1423	352	2.8
1423	386	1.2
1423	461	3.2
1423	466	2.1
1423	468	1.5
1423	474	1.7
1423	476	2.2
1423	481	1.5
1423	484	2.6
1423	641	1.2
1423	674	3.7
1423	681	2.1
1423	686	2.7
1423	1042	4.7
1423	1047	1.0
1423	1436	1.5
1423	1444	3.9
1423	2390	1.4
1423	2645	2.0
1423	3570	1.0
1423	4562	2.4
1423	4817	1.0
1423	5535	1.2
1423	6505	1.8
1423	7340	3.9
1423	9183	2.0
1423	10608	2.1
1446	89	2.0
1446	180	1.0
1446	191	1.8
1446	220	4.5
1446	229	1.5
1446	230	2.8
1446	234	2.1
1446	288	4.0
1446	300	2.8
1446	302	1.1
1446	306	1.5
1446	321	3.6
1446	324	2.9
1446	333	4.3
1446	346	1.5
1446	461	5.0
1446	466	2.6
1446	468	1.2
1446	475	3.8
1446	486	2.3
1446	531	1.6
1446	538	2.5
1446	680	2.0
1446	681	3.7
1446	686	3.8
1446	689	1.9
1446	697	2.5
1446	704	2.6
1446	757	3.6
1446	797	1.3
1446	907	1.6
1446	912	1.2
1446	1179	1.1
1446	1375	1.9
1446	1449	2.2
1446	1456	1.4
1446	2598	1.6
1446	3966	1.2
1446	4435	3.3
1446	5041	3.2
1446	5149	1.5
1446	8163	3.3
1446	8167	1.4
1446	10295	1.4
1446	14095	1.3
1446	14366	1.2
1446	14596	1.8
1446	14597	1.7
1446	14598	1.4
1446	14599	1.4
1451	89	2.7
1451	230	1.3
1451	241	1.0
1451	251	1.2
1451	252	1.5
1451	257	1.9
1451	288	1.8
1451	289	3.2
1451	290	1.9
1451	291	3.2
1451	292	3.6
1451	294	3.1
1451	295	1.6
1451	300	3.3
1451	301	1.9
1451	302	4.1
1451	306	1.3
1451	307	1.7
1451	311	1.9
1451	313	1.9
1451	318	1.5
1451	320	1.8
1451	342	2.5
1451	344	3.8
1451	378	1.3
1451	400	1.4
1451	458	1.3
1451	461	2.3
1451	466	1.8
1451	544	1.1
1451	679	5.0
1451	691	2.6
1451	903	1.3
1451	966	1.4
1451	1596	1.4
1451	1782	1.5
1451	1934	2.3
1451	2801	2.1
1451	3081	1.3
1451	3097	1.5
1451	3488	1.3
1451	3489	2.0
1451	4941	1.2
1451	5789	1.4
1451	7160	1.7
1451	8878	2.0
1451	9277	2.3
1451	14625	3.0
1451	14626	2.0
1451	14627	1.3
1452	159	1.8
1452	190	1.4
1452	209	1.3
1452	230	1.3
1452	293	2.0
1452	294	2.8
1452	305	1.9
1452	313	2.7
1452	324	2.4
1452	325	5.0
1452	333	2.0
1452	378	2.1
1452	470	1.4
1452	481	1.0
1452	486	1.4
1452	498	3.6
1452	542	1.7
1452	680	3.3
1452	681	3.9
1452	683	2.0
1452	688	1.7
1452	689	1.4
1452	704	2.4
1452	797	2.7
1452	1034	4.7
1452	1038	1.7
1452	1043	1.0
1452	1045	2.8
1452	1047	2.5
1452	1091	1.3
1452	1183	3.4
1452	1246	1.6
1452	2435	2.4
1452	2619	2.9
1452	2977	2.8
1452	2981	1.9
1452	3319	2.7
1452	3397	2.3
1452	4489	1.5
1452	4773	1.9
1452	5065	1.4
1452	5079	1.8
1452	5749	2.2
1452	5958	2.8
1452	5978	1.8
1452	5984	1.1
1452	10683	1.1
1452	14628	1.4
1452	14629	1.4
1452	14630	1.3
1453	56	1.4
1453	67	1.7
1453	89	3.1
1453	285	1.1
1453	288	5.0
1453	289	4.7
1453	292	4.0
1453	295	2.4
1453	296	1.8
1453	299	2.1
1453	300	2.9
1453	306	1.4
1453	308	2.0
1453	314	2.2
1453	318	1.9
1453	320	1.3
1453	324	1.0
1453	325	2.7
1453	328	1.1
1453	329	2.1
1453	331	1.2
1453	332	1.9
1453	333	3.6
1453	349	2.6
1453	352	1.8
1453	386	2.4
1453	461	4.1
1453	464	1.3
1453	466	3.7
1453	523	3.0
1453	535	1.6
1453	543	3.2
1453	679	2.7
1453	681	1.8
1453	686	3.5
1453	701	2.8
1453	704	3.4
1453	793	1.9
1453	908	2.7
1453	1037	1.2
1453	1456	2.1
1453	2020	3.9
1453	2515	1.0
1453	3123	1.2
1453	3397	1.5
1453	4565	1.8
1453	4765	2.9
1453	4769	1.7
1453	4814	1.9
1453	10991	1.3
1455	67	1.3
1455	89	2.4
1455	157	1.4
1455	230	1.4
1455	288	2.4
1455	289	3.8
1455	290	1.3
1455	291	5.0
1455	292	1.3
1455	294	1.3
1455	295	1.4
1455	296	2.3
1455	300	2.0
1455	302	2.5
1455	306	1.5
1455	310	1.5
1455	311	1.4
1455	314	1.0
1455	318	1.8
1455	330	1.3
1455	333	3.8
1455	342	1.3
1455	344	1.7
1455	349	1.9
1455	377	2.3
1455	407	1.5
1455	461	2.3
1455	466	1.4
1455	475	1.7
1455	488	1.2
1455	491	1.0
1455	498	3.5
1455	536	2.5
1455	547	1.0
1455	679	2.4
1455	680	2.6
1455	908	1.1
1455	1057	1.1
1455	1459	1.0
1455	1684	1.7
1455	1687	1.0
1455	3491	1.0
1455	3575	2.0
1455	3859	1.6
1455	4574	1.8
1455	5310	3.3
1455	5684	1.2
1455	5806	1.4
1455	6201	1.0
1455	6693	1.0
1457	89	2.2
1457	198	1.0
1457	230	2.9
1457	288	3.0
1457	289	5.0
1457	291	1.9
1457	292	1.7
1457	293	4.5
1457	295	2.1
1457	299	1.1
1457	300	2.6
1457	302	2.3
1457	306	1.7
1457	309	1.4
1457	310	1.0
1457	313	1.2
1457	314	1.5
1457	317	1.5
1457	318	2.2
1457	321	1.7
1457	324	1.2
1457	325	4.0
1457	333	2.8
1457	344	2.5
1457	377	2.8
1457	458	1.7
1457	461	4.9
1457	464	1.4
1457	466	3.2
1457	475	2.8
1457	498	4.4
1457	499	1.1
1457	523	1.6
1457	528	1.4
1457	531	1.0
1457	540	1.1
1457	679	2.8
1457	681	3.0
1457	686	1.5
1457	693	1.8
1457	701	1.7
1457	704	1.0
1457	908	1.5
1457	1032	1.7
1457	1451	1.4
1457	1453	1.4
1457	1684	1.4
1457	1934	1.5
1457	2619	1.7
1457	2977	1.1
1461	89	3.8
1461	155	1.2
1461	209	2.8
1461	230	1.2
1461	288	1.1
1461	289	2.8
1461	291	4.4
1461	294	2.0
1461	298	3.1
1461	300	3.9
1461	302	1.8
1461	306	1.1
1461	318	2.7
1461	325	2.6
1461	333	4.8
1461	344	3.5
1461	377	3.4
1461	378	4.1
1461	386	1.3
1461	403	1.3
1461	412	2.2
1461	458	1.8
1461	461	1.1
1461	466	3.7
1461	471	1.7
1461	475	3.1
1461	481	3.4
1461	498	2.7
1461	525	2.3
1461	540	2.1
1461	679	5.0
1461	681	2.5
1461	687	3.1
1461	690	1.3
1461	691	1.5
1461	793	2.4
1461	959	2.8
1461	966	1.6
1461	1047	2.7
1461	2176	2.8
1461	2939	1.1
1461	3033	1.4
1461	3859	1.3
1461	4559	1.4
1461	7183	1.7
1461	7431	1.4
1461	11590	3.3
1461	12967	1.0
1461	14661	1.7
1461	14662	1.3
1511	67	1.7
1511	89	2.6
1511	190	1.8
1511	257	1.1
1511	288	2.9
1511	289	3.8
1511	291	2.2
1511	292	5.0
1511	295	2.3
1511	298	2.2
1511	299	1.0
1511	300	4.7
1511	302	3.1
1511	304	1.6
1511	306	1.5
1511	333	3.6
1511	340	1.4
1511	344	3.1
1511	349	3.6
1511	378	2.8
1511	386	2.5
1511	456	2.5
1511	461	1.9
1511	464	3.1
1511	466	3.0
1511	475	1.4
1511	486	1.5
1511	498	4.6
1511	523	1.8
1511	528	2.9
1511	538	1.1
1511	540	2.1
1511	542	3.6
1511	543	3.4
1511	544	1.0
1511	646	2.1
1511	679	3.3
1511	714	1.0
1511	797	1.2
1511	802	2.5
1511	1032	1.6
1511	1037	1.8
1511	1246	1.6
1511	1452	1.2
1511	1459	3.8
1511	2392	1.3
1511	2977	2.1
1511	3179	1.0
1511	4292	1.4
1511	11252	2.3
1525	89	3.3
1525	191	1.8
1525	288	3.6
1525	289	4.0
1525	291	3.5
1525	292	3.7
1525	293	3.7
1525	295	2.3
1525	299	1.3
1525	300	3.3
1525	310	2.7
1525	311	1.9
1525	321	3.6
1525	325	4.9
1525	326	1.0
1525	333	3.4
1525	342	3.9
1525	344	3.5
1525	346	3.2
1525	352	1.5
1525	357	1.1
1525	386	3.5
1525	458	4.4
1525	461	5.0
1525	466	4.0
1525	502	3.2
1525	544	1.2
1525	681	4.8
1525	686	4.2
1525	692	2.8
1525	701	3.4
1525	793	4.8
1525	797	4.2
1525	908	2.6
1525	1054	2.6
1525	1453	3.0
1525	1458	3.3
1525	1683	2.0
1525	1684	3.2
1525	1698	2.7
1525	4767	1.8
1525	4879	2.3
1525	7449	2.0
1525	8960	1.9
1525	10317	1.9
1525	13720	3.4
1525	15183	3.1
1525	15184	2.6
1525	15185	2.0
1525	15186	1.4
1647	65	2.5
1647	89	3.2
1647	157	1.2
1647	161	2.5
1647	190	1.4
1647	257	1.3
1647	288	2.7
1647	289	5.0
1647	292	3.7
1647	300	2.2
1647	318	1.6
1647	321	3.9
1647	325	4.1
1647	328	3.3
1647	333	1.4
1647	344	2.7
1647	349	2.6
1647	377	2.8
1647	456	2.5
1647	458	1.9
1647	461	5.0
1647	464	3.3
1647	486	2.3
1647	491	2.3
1647	493	1.3
1647	498	1.5
1647	681	1.4
1647	701	1.5
1647	793	3.1
1647	907	2.7
1647	908	2.7
1647	912	4.3
1647	966	1.7
1647	1054	2.0
1647	1075	3.8
1647	1186	2.9
1647	1388	1.5
1647	1459	1.2
1647	1597	1.1
1647	1854	1.5
1647	1975	1.7
1647	2179	1.0
1647	2801	3.8
1647	2813	1.0
1647	3171	2.6
1647	3570	1.3
1647	4923	2.1
1647	5746	1.6
1647	13147	1.1
1647	13546	4.0
1661	190	2.3
1661	199	1.7
1661	207	2.4
1661	217	2.4
1661	227	1.7
1661	228	2.7
1661	229	1.2
1661	291	2.0
1661	293	1.9
1661	298	1.6
1661	300	3.1
1661	316	2.2
1661	333	3.1
1661	344	3.7
1661	403	2.9
1661	420	1.6
1661	464	2.4
1661	498	4.3
1661	538	1.5
1661	542	1.2
1661	546	1.3
1661	548	3.0
1661	679	1.2
1661	681	5.0
1661	683	3.2
1661	687	1.4
1661	691	1.4
1661	696	1.2
1661	704	4.1
1661	1047	2.3
1661	1048	1.5
1661	1090	1.1
1661	1106	1.6
1661	1246	1.1
1661	1400	1.5
1661	1470	1.7
1661	1492	1.2
1661	1502	1.2
1661	1632	2.4
1661	1976	2.4
1661	2121	1.8
1661	2277	1.7
1661	2407	1.3
1661	2977	2.2
1661	3373	1.1
1661	3400	1.6
1661	3461	1.1
1661	3730	1.0
1661	5978	1.2
1661	9079	1.1
1717	55	1.2
1717	65	1.0
1717	67	1.8
1717	89	1.9
1717	257	1.5
1717	288	2.7
1717	289	5.0
1717	291	1.8
1717	292	2.2
1717	293	1.1
1717	294	1.8
1717	295	1.9
1717	296	2.3
1717	299	1.5
1717	300	2.4
1717	301	1.1
1717	306	1.0
1717	310	1.7
1717	311	1.1
1717	318	2.4
1717	320	1.1
1717	326	1.3
1717	329	1.2
1717	333	3.4
1717	344	2.1
1717	374	2.3
1717	375	3.9
1717	377	2.7
1717	378	2.6
1717	379	3.0
1717	456	1.3
1717	465	1.0
1717	466	1.2
1717	468	1.5
1717	474	1.0
1717	498	1.7
1717	525	2.1
1717	531	1.3
1717	538	2.5
1717	540	1.3
1717	546	1.3
1717	679	1.2
1717	906	1.8
1717	1098	1.2
1717	3081	1.5
1717	3324	1.7
1717	3466	1.1
1717	3489	1.9
1717	3495	1.0
1717	7619	2.1
1776	67	2.2
1776	89	5.0
1776	230	2.1
1776	288	1.9
1776	289	3.5
1776	291	1.4
1776	292	4.1
1776	300	2.0
1776	317	1.1
1776	318	1.6
1776	325	3.4
1776	333	3.7
1776	344	4.6
1776	352	1.6
1776	375	1.7
1776	377	3.8
1776	400	1.3
1776	461	3.4
1776	466	3.4
1776	487	2.8
1776	498	1.5
1776	528	2.1
1776	532	1.0
1776	544	2.0
1776	548	1.7
1776	635	3.5
1776	679	2.3
1776	686	3.5
1776	704	4.0
1776	790	4.0
1776	797	1.5
1776	802	1.6
1776	966	1.8
1776	1034	2.0
1776	1047	1.2
1776	1186	1.0
1776	1428	1.4
1776	1673	1.7
1776	1688	2.9
1776	1934	1.1
1776	2020	3.4
1776	2091	3.4
1776	2094	1.4
1776	2432	2.6
1776	2978	1.0
1776	3200	1.0
1776	3404	2.3
1776	4814	1.1
1776	9199	1.7
1776	16606	1.1
1829	7	2.5
1829	55	2.6
1829	67	1.2
1829	209	2.4
1829	288	2.5
1829	289	2.6
1829	291	1.7
1829	292	3.5
1829	293	2.0
1829	295	1.2
1829	298	4.2
1829	300	2.7
1829	302	1.2
1829	306	2.7
1829	316	5.0
1829	318	2.4
1829	320	1.2
1829	333	1.1
1829	340	1.0
1829	344	3.1
1829	375	2.8
1829	377	2.6
1829	378	1.9
1829	423	4.0
1829	430	2.5
1829	458	4.2
1829	461	1.8
1829	466	3.2
1829	486	3.3
1829	498	1.4
1829	528	1.4
1829	532	2.6
1829	542	1.5
1829	679	2.5
1829	682	1.4
1829	686	1.6
1829	701	2.1
1829	889	1.9
1829	903	1.2
1829	908	1.5
1829	1032	1.1
1829	1034	2.3
1829	1047	1.5
1829	1609	2.2
1829	1688	2.4
1829	2025	1.0
1829	2521	1.3
1829	2546	1.5
1829	3173	2.4
1829	3377	1.1
1834	288	1.0
1834	295	1.0
1834	310	1.5
1834	321	1.2
1834	325	3.1
1834	333	2.5
1834	344	3.5
1834	349	1.0
1834	461	3.1
1834	465	1.0
1834	528	1.2
1834	680	5.0
1834	681	3.9
1834	686	3.2
1834	692	2.2
1834	793	2.5
1834	797	1.4
1834	908	1.0
1834	1051	1.2
1834	1054	1.8
1834	1059	1.8
1834	1453	2.3
1834	1590	4.0
1834	1597	2.0
1834	1684	3.9
1834	1740	2.3
1834	2801	1.0
1834	4879	1.8
1834	6865	1.2
1834	7397	1.5
1834	9849	1.8
1834	10641	1.5
1834	11010	1.6
1834	13546	1.2
1834	16771	1.7
1834	16919	3.5
1834	16920	3.2
1834	16921	2.2
1834	16922	2.0
1834	16923	2.0
1834	16924	1.8
1834	16925	1.6
1834	16926	1.6
1834	16927	1.4
1834	16928	1.4
1834	16929	1.2
1834	16930	1.2
1834	16931	1.2
1834	16932	1.2
1834	16933	1.2
1851	89	1.4
1851	288	2.9
1851	289	4.5
1851	291	3.2
1851	292	2.8
1851	293	1.0
1851	299	2.5
1851	300	2.7
1851	302	1.0
1851	318	3.7
1851	325	3.5
1851	333	4.0
1851	344	4.8
1851	456	1.2
1851	461	4.8
1851	466	2.7
1851	475	1.5
1851	528	2.2
1851	543	2.1
1851	646	3.0
1851	679	4.3
1851	680	2.4
1851	681	3.4
1851	686	4.6
1851	692	1.0
1851	790	2.0
1851	793	1.8
1851	797	2.2
1851	802	3.2
1851	908	5.0
1851	1428	3.0
1851	1450	1.9
1851	1458	3.5
1851	1684	2.7
1851	1690	1.0
1851	1934	2.4
1851	2801	1.6
1851	3404	2.7
1851	3427	2.1
1851	4814	1.5
1851	4879	1.0
1851	16923	2.7
1851	17080	1.0
1863	89	2.6
1863	256	1.3
1863	288	3.2
1863	289	3.3
1863	291	1.7
1863	292	1.6
1863	295	1.7
1863	298	1.5
1863	300	2.6
1863	304	3.1
1863	313	1.3
1863	321	1.1
1863	325	1.6
1863	333	2.7
1863	344	1.5
1863	352	1.3
1863	458	2.0
1863	461	3.6
1863	464	1.3
1863	466	2.6
1863	498	2.4
1863	523	1.7
1863	525	1.6
1863	543	1.7
1863	544	1.3
1863	679	3.8
1863	681	1.7
1863	683	1.0
1863	686	5.0
1863	701	1.1
1863	797	2.9
1863	802	1.7
1863	908	1.9
1863	1032	3.1
1863	1034	1.3
1863	1037	1.8
1863	1428	3.5
1863	1451	1.1
1863	1453	3.9
1863	1458	2.1
1863	1690	1.1
1863	1934	1.0
1863	2020	1.0
1863	2025	2.2
1863	2545	1.0
1863	3332	2.5
1863	4814	2.0
1863	8721	2.9
1863	17205	1.2
1863	17206	1.2
1880	55	1.5
1880	67	2.8
1880	89	2.0
1880	161	3.2
1880	180	1.4
1880	190	1.8
1880	209	1.5
1880	234	2.8
1880	288	3.5
1880	289	3.4
1880	291	1.4
1880	292	3.1
1880	300	3.0
1880	302	2.0
1880	316	3.8
1880	333	3.0
1880	342	2.0
1880	344	3.1
1880	366	1.5
1880	378	2.9
1880	464	1.2
1880	466	2.2
1880	472	1.4
1880	475	1.2
1880	498	4.4
1880	543	2.2
1880	679	3.2
1880	689	3.8
1880	694	3.0
1880	704	3.4
1880	714	1.0
1880	790	2.2
1880	802	2.2
1880	903	1.9
1880	930	2.1
1880	1114	1.8
1880	1246	3.1
1880	1377	1.1
1880	1447	1.9
1880	1768	1.6
1880	1775	1.1
1880	1934	2.1
1880	2020	5.0
1880	2941	1.0
1880	3332	1.3
1880	3393	4.6
1880	4814	2.1
1880	5453	1.9
1880	7750	2.8
1880	7781	2.3
1898	65	2.1
1898	67	1.0
1898	71	1.7
1898	89	1.4
1898	265	3.0
1898	289	1.8
1898	291	2.6
1898	292	3.1
1898	294	1.7
1898	297	1.6
1898	300	1.6
1898	302	4.5
1898	310	1.1
1898	318	2.0
1898	325	2.9
1898	333	2.9
1898	344	1.3
1898	359	1.2
1898	378	1.7
1898	461	5.0
1898	466	1.0
1898	518	1.3
1898	523	1.9
1898	542	1.6
1898	544	1.4
1898	674	1.3
1898	679	1.6
1898	686	1.2
1898	697	1.8
1898	701	1.3
1898	704	2.4
1898	790	2.2
1898	802	1.4
1898	908	1.1
1898	909	4.0
1898	955	1.2
1898	972	1.2
1898	1034	2.8
1898	1428	1.2
1898	1691	1.1
1898	2392	1.0
1898	4254	1.1
1898	6456	1.2
1898	7289	3.1
1898	9567	1.7
1898	10016	3.5
1898	10017	2.0
1898	10020	2.0
1898	10640	2.4
1898	17477	1.7
1937	97	1.4
1937	159	2.7
1937	163	1.9
1937	212	1.7
1937	227	4.7
1937	234	1.6
1937	261	2.2
1937	289	1.8
1937	292	1.0
1937	377	1.3
1937	378	1.0
1937	486	3.3
1937	498	5.0
1937	499	1.4
1937	562	2.7
1937	646	1.3
1937	679	4.4
1937	680	3.0
1937	705	1.7
1937	706	2.7
1937	712	1.3
1937	739	1.5
1937	966	1.6
1937	971	1.0
1937	1041	2.4
1937	1047	2.4
1937	1048	1.3
1937	1412	3.4
1937	1438	1.4
1937	1513	2.1
1937	1775	1.5
1937	1807	2.9
1937	2176	1.9
1937	3127	1.8
1937	3308	2.0
1937	3313	1.7
1937	3384	1.0
1937	3859	1.5
1937	4818	2.4
1937	4823	1.6
1937	5745	2.4
1937	5754	2.1
1937	6472	1.8
1937	6534	2.0
1937	6794	1.3
1937	8732	1.1
1937	9187	1.5
1937	11796	2.2
1937	17740	1.6
1937	17741	1.4
1963	67	2.1
1963	89	3.8
1963	97	1.1
1963	257	1.9
1963	265	2.0
1963	288	2.2
1963	289	3.5
1963	290	2.7
1963	291	3.6
1963	292	1.8
1963	294	3.1
1963	295	2.9
1963	296	1.8
1963	298	1.9
1963	300	3.2
1963	302	1.5
1963	323	3.8
1963	344	5.0
1963	349	1.2
1963	352	1.4
1963	386	1.6
1963	389	1.7
1963	412	1.2
1963	461	4.2
1963	466	3.3
1963	525	1.4
1963	528	2.2
1963	532	1.9
1963	679	1.5
1963	680	1.4
1963	681	3.0
1963	686	2.6
1963	793	2.4
1963	892	2.4
1963	907	1.0
1963	959	1.2
1963	1121	3.0
1963	1459	3.2
1963	1464	1.2
1963	1694	2.8
1963	1705	3.2
1963	2446	2.7
1963	2626	1.2
1963	3763	1.2
1963	4917	2.7
1963	4918	1.0
1963	4923	2.8
1963	7777	2.1
1963	8422	1.0
1963	17911	1.2
2018	55	2.7
2018	67	1.0
2018	97	2.4
2018	288	2.0
2018	289	4.5
2018	291	2.9
2018	292	5.0
2018	293	3.1
2018	294	2.1
2018	296	4.8
2018	299	1.3
2018	300	1.0
2018	302	1.2
2018	304	3.3
2018	311	3.0
2018	314	1.2
2018	318	2.8
2018	323	3.9
2018	325	1.4
2018	326	2.0
2018	333	4.4
2018	344	1.8
2018	352	2.7
2018	386	2.8
2018	456	2.4
2018	461	1.9
2018	465	1.3
2018	466	2.6
2018	523	1.2
2018	528	2.7
2018	543	1.2
2018	548	1.7
2018	674	1.4
2018	679	2.0
2018	681	3.4
2018	786	1.8
2018	797	3.0
2018	800	2.7
2018	889	1.5
2018	891	2.8
2018	1047	1.9
2018	1451	2.6
2018	1453	1.7
2018	1458	3.2
2018	1934	1.4
2018	3081	1.7
2018	3319	1.7
2018	4291	1.5
2018	5533	1.9
2018	18263	2.0
2023	65	2.4
2023	89	2.6
2023	173	3.0
2023	288	1.1
2023	289	4.0
2023	292	3.9
2023	300	3.9
2023	306	1.9
2023	318	4.0
2023	321	2.9
2023	324	1.9
2023	333	3.8
2023	340	1.3
2023	344	3.3
2023	430	1.3
2023	461	1.6
2023	464	3.0
2023	498	1.4
2023	523	3.2
2023	543	1.4
2023	679	4.5
2023	680	1.4
2023	681	2.8
2023	686	2.4
2023	689	2.1
2023	704	5.0
2023	797	2.3
2023	1034	1.3
2023	1042	1.2
2023	1047	3.4
2023	1428	1.4
2023	1452	1.4
2023	1456	2.8
2023	1580	1.4
2023	1609	1.4
2023	1679	1.9
2023	1690	2.6
2023	2020	4.2
2023	5836	1.0
2023	5975	1.0
2023	6598	2.3
2023	9249	1.4
2023	14599	1.7
2023	18273	2.5
2023	18274	1.6
2023	18275	1.3
2023	18276	1.3
2023	18277	1.2
2023	18278	1.1
2023	18279	1.0
2040	55	1.5
2040	65	2.3
2040	89	3.6
2040	157	3.0
2040	172	3.7
2040	190	2.7
2040	217	1.2
2040	227	1.7
2040	228	1.9
2040	289	3.2
2040	291	1.5
2040	293	1.3
2040	300	1.6
2040	344	5.0
2040	425	1.2
2040	437	1.1
2040	461	3.5
2040	466	2.1
2040	498	2.0
2040	532	1.9
2040	538	2.1
2040	548	2.0
2040	622	1.2
2040	679	2.8
2040	680	1.3
2040	681	2.9
2040	682	1.6
2040	686	3.0
2040	689	2.1
2040	704	2.1
2040	886	1.6
2040	906	1.8
2040	962	2.1
2040	1105	2.2
2040	1375	2.5
2040	1378	2.7
2040	1470	1.1
2040	1632	1.9
2040	2977	2.2
2040	3110	2.2
2040	3206	1.1
2040	3404	1.0
2040	5035	1.4
2040	5926	1.3
2040	6298	3.3
2040	6693	1.1
2040	7194	1.3
2040	9578	1.3
2040	11155	1.2
2040	18369	2.1
2054	89	2.8
2054	288	2.6
2054	289	3.3
2054	292	2.9
2054	295	1.7
2054	299	1.4
2054	300	2.9
2054	302	1.6
2054	313	1.8
2054	318	1.4
2054	325	3.0
2054	333	3.1
2054	342	1.5
2054	344	2.9
2054	352	2.9
2054	400	1.4
2054	461	3.1
2054	466	3.1
2054	498	2.9
2054	528	2.2
2054	679	1.8
2054	680	1.0
2054	681	2.9
2054	682	1.8
2054	686	5.0
2054	693	1.2
2054	699	1.3
2054	701	2.0
2054	790	1.8
2054	793	2.0
2054	797	1.2
2054	1032	1.5
2054	1034	1.6
2054	1037	2.0
2054	1452	1.4
2054	1453	2.6
2054	1458	1.9
2054	1459	1.3
2054	1673	2.1
2054	2020	2.2
2054	2081	1.3
2054	2091	2.8
2054	2092	2.1
2054	2543	1.0
2054	2802	1.6
2054	3326	1.5
2054	4814	2.0
2054	4879	2.2
2054	7864	1.7
2054	18441	1.4
2065	89	4.1
2065	191	1.3
2065	230	3.2
2065	288	3.2
2065	289	4.1
2065	300	2.6
2065	325	2.4
2065	328	1.4
2065	333	3.7
2065	344	2.5
2065	350	2.1
2065	352	1.4
2065	367	5.0
2065	371	3.4
2065	374	1.8
2065	377	3.3
2065	378	2.2
2065	386	2.1
2065	393	1.6
2065	409	3.0
2065	461	2.1
2065	464	3.1
2065	466	3.6
2065	475	2.0
2065	518	1.0
2065	531	2.9
2065	532	1.6
2065	544	3.5
2065	545	1.6
2065	682	1.2
2065	686	1.4
2065	691	2.5
2065	701	2.8
2065	834	1.6
2065	1042	1.3
2065	1179	2.9
2065	1447	1.3
2065	1852	1.2
2065	1904	2.9
2065	2091	1.9
2065	2092	1.8
2065	2107	1.2
2065	2940	3.2
2065	3859	1.8
2065	4558	2.2
2065	4562	1.5
2065	5575	2.1
2065	8047	3.3
2065	13780	2.0
2065	18517	2.5
2072	89	1.5
2072	210	1.1
2072	257	1.2
2072	288	1.3
2072	289	5.0
2072	291	2.2
2072	293	2.4
2072	304	1.0
2072	307	1.3
2072	318	2.9
2072	325	2.9
2072	333	3.1
2072	342	1.8
2072	344	3.4
2072	386	2.0
2072	403	2.2
2072	455	1.5
2072	461	1.4
2072	498	2.2
2072	523	1.6
2072	679	1.8
2072	680	3.8
2072	786	1.8
2072	793	1.5
2072	1021	1.7
2072	1059	2.1
2072	1198	1.0
2072	1684	4.0
2072	1782	2.2
2072	1866	1.5
2072	2019	2.0
2072	2094	2.0
2072	2546	1.8
2072	3373	1.1
2072	3489	3.6
2072	3497	1.9
2072	3575	1.6
2072	5437	1.1
2072	5948	1.9
2072	7449	1.7
2072	11718	2.2
2072	13645	3.0
2072	13991	1.3
2072	18558	2.3
2072	18559	2.1
2072	18560	1.8
2072	18561	1.6
2072	18562	1.5
2072	18563	1.3
2072	18564	1.0
