userID	artistID	rating
7	55	2.6
7	67	2.5
7	89	3.2
7	257	3.1
7	288	5.0
7	289	3.8
7	290	3.3
7	291	3.1
7	292	2.9
7	293	2.9
7	294	2.7
7	295	2.6
7	296	2.4
7	297	2.2
7	298	2.1
7	299	2.1
7	300	2.1
7	301	2.0
7	302	2.0
7	303	1.9
7	304	1.9
7	305	1.8
7	306	1.8
7	307	1.8
7	308	1.7
7	309	1.6
7	310	1.6
7	311	1.6
7	312	1.6
7	313	1.5
7	314	1.5
7	315	1.5
7	316	1.4
7	317	1.4
7	318	1.4
7	319	1.4
7	320	1.3
7	321	1.3
7	322	1.3
7	323	1.2
7	324	1.2
7	325	1.2
7	326	1.2
7	327	1.1
7	328	1.1
7	329	1.1
7	330	1.1
7	331	1.0
7	332	1.0
7	333	1.0
68	65	2.3
68	67	3.4
68	89	3.7
68	239	1.4
68	257	3.4
68	283	1.4
68	285	1.8
68	288	3.3
68	289	3.3
68	290	2.1
68	292	1.8
68	294	2.9
68	295	5.0
68	299	2.5
68	300	2.1
68	301	1.6
68	302	1.9
68	306	2.5
68	308	2.1
68	314	1.4
68	317	1.0
68	320	1.1
68	322	2.1
68	327	1.7
68	328	1.5
68	329	1.6
68	330	2.0
68	332	1.0
68	349	2.9
68	366	2.7
68	465	1.3
68	466	1.6
68	468	1.5
68	484	1.2
68	527	1.9
68	531	1.5
68	543	2.4
68	701	1.8
68	913	1.9
68	1032	2.8
68	1379	1.3
68	1934	2.5
68	1935	2.3
68	1936	2.3
68	1937	2.1
68	1938	2.0
68	1939	1.7
68	1940	1.7
68	1941	1.1
68	1942	1.0
130	55	2.9
130	67	3.2
130	71	3.0
130	89	3.4
130	157	1.4
130	161	1.8
130	241	1.0
130	251	1.3
130	257	4.1
130	265	1.9
130	285	2.2
130	288	3.7
130	289	5.0
130	290	1.3
130	292	2.9
130	293	3.6
130	294	1.9
130	295	3.8
130	298	2.3
130	299	1.8
130	300	1.4
130	311	1.1
130	326	1.3
130	333	2.0
130	344	1.5
130	349	1.7
130	362	3.7
130	378	2.5
130	389	3.0
130	461	2.8
130	465	2.5
130	523	2.7
130	525	1.5
130	532	2.4
130	535	1.8
130	680	1.1
130	701	1.9
130	906	1.3
130	961	1.2
130	972	3.5
130	1034	2.5
130	1441	1.5
130	1450	1.8
130	1463	3.5
130	1580	2.3
130	2094	2.2
130	2548	1.9
130	3127	2.5
130	3128	2.3
130	3129	2.1
136	55	2.8
136	67	1.7
136	89	2.0
136	257	3.2
136	288	3.2
136	289	5.0
136	290	1.5
136	291	2.7
136	292	4.9
136	293	1.7
136	294	3.4
136	295	3.2
136	299	2.3
136	301	1.7
136	302	2.7
136	305	2.2
136	306	1.2
136	309	1.2
136	310	2.6
136	314	1.8
136	318	1.7
136	320	1.1
136	325	2.3
136	326	1.3
136	328	1.4
136	329	1.7
136	333	2.4
136	342	1.2
136	344	1.4
136	349	2.9
136	355	1.9
136	386	1.8
136	455	1.6
136	456	1.5
136	459	1.5
136	465	1.4
136	523	1.3
136	535	1.0
136	538	3.5
136	679	1.2
136	701	2.2
136	891	1.5
136	907	1.2
136	913	1.6
136	1457	1.1
136	1459	2.8
136	2022	1.0
136	2523	1.4
136	3173	2.4
136	3199	1.3
150	89	3.0
150	155	2.4
150	157	2.5
150	161	1.4
150	190	1.5
150	227	2.8
150	251	1.2
150	257	5.0
150	265	3.1
150	283	1.0
150	288	1.6
150	289	2.4
150	291	1.6
150	294	1.2
150	295	4.3
150	299	3.0
150	301	1.6
150	302	1.8
150	306	1.2
150	320	1.9
150	321	1.4
150	325	1.9
150	329	1.7
150	331	1.8
150	333	1.3
150	340	1.3
150	344	2.0
150	349	1.4
150	378	1.4
150	455	1.1
150	468	1.4
150	472	1.2
150	528	1.9
150	646	1.4
150	701	2.4
150	966	1.0
150	986	1.3
150	1244	2.9
150	1445	1.3
150	1447	3.4
150	1459	1.9
150	1601	1.4
150	2176	1.5
150	2184	2.7
150	2439	1.9
150	2545	1.2
150	2861	1.0
150	3375	1.5
150	3376	1.0
150	3377	1.0
209	55	1.2
209	67	1.7
209	209	1.2
209	257	1.2
209	288	3.3
209	289	5.0
209	290	2.1
209	291	2.9
209	292	1.7
209	294	1.2
209	295	3.1
209	299	1.7
209	300	2.1
209	302	1.1
209	306	1.1
209	310	3.0
209	311	1.0
209	318	3.7
209	320	2.9
209	321	2.2
209	325	3.1
209	326	1.9
209	329	2.7
209	332	1.8
209	333	3.7
209	342	1.3
209	349	2.1
209	377	1.7
209	378	2.3
209	456	1.9
209	461	1.8
209	486	2.7
209	498	1.0
209	523	2.0
209	525	2.0
209	538	2.2
209	646	2.1
209	793	2.7
209	908	2.8
209	1043	1.8
209	1045	1.1
209	1243	1.1
209	1740	1.5
209	2080	1.2
209	2598	1.8
209	2801	2.2
209	4291	2.4
209	4292	2.2
209	4293	1.9
209	4294	1.5
227	55	3.8
227	67	2.9
227	89	4.0
227	257	4.5
227	288	2.8
227	289	3.9
227	291	2.6
227	292	5.0
227	293	1.8
227	294	1.8
227	295	3.5
227	299	1.2
227	300	2.6
227	301	1.5
227	302	1.5
227	305	2.8
227	326	1.2
227	333	1.7
227	344	1.3
227	349	2.0
227	352	1.8
227	386	1.0
227	393	1.3
227	400	2.9
227	409	1.9
227	461	1.9
227	466	1.2
227	525	1.9
227	543	1.0
227	544	1.1
227	679	2.2
227	681	1.1
227	701	3.1
227	1451	1.7
227	1459	2.3
227	1904	4.0
227	1918	2.1
227	2089	2.1
227	2091	2.2
227	2092	3.0
227	2094	2.6
227	2097	1.9
227	2106	1.6
227	2392	1.9
227	2799	2.0
227	2803	3.2
227	2806	1.4
227	4515	1.9
227	4516	1.5
227	4517	1.4
230	55	2.1
230	67	2.0
230	89	3.2
230	257	3.9
230	288	1.7
230	289	2.7
230	291	1.6
230	292	2.7
230	294	3.2
230	299	3.1
230	300	1.6
230	301	1.0
230	302	1.1
230	304	3.9
230	306	1.1
230	318	1.8
230	321	1.5
230	324	1.4
230	333	1.3
230	344	2.0
230	349	1.1
230	355	1.5
230	374	2.3
230	375	4.9
230	378	2.0
230	394	1.4
230	456	5.0
230	461	2.7
230	465	1.2
230	466	2.1
230	518	1.1
230	544	1.7
230	701	1.6
230	793	1.1
230	908	1.1
230	1047	1.1
230	1602	2.5
230	1934	1.3
230	2086	1.8
230	2097	1.0
230	2102	4.3
230	3320	2.0
230	3324	2.7
230	3330	1.1
230	4554	2.5
230	4555	2.0
230	4556	1.4
230	4557	1.4
230	4558	1.2
230	4559	1.1
231	67	1.9
231	89	5.0
231	161	1.5
231	257	2.0
231	288	4.4
231	289	5.0
231	292	1.9
231	295	2.3
231	296	1.3
231	298	1.4
231	299	1.0
231	300	3.0
231	306	1.8
231	317	2.0
231	318	1.6
231	323	3.1
231	327	2.4
231	328	1.5
231	331	1.8
231	332	1.1
231	349	1.1
231	352	2.9
231	386	1.0
231	458	1.4
231	461	1.8
231	466	3.0
231	468	1.1
231	484	1.0
231	528	1.2
231	535	2.3
231	543	2.6
231	545	1.1
231	644	4.5
231	679	3.5
231	699	1.2
231	701	1.6
231	907	1.0
231	914	2.8
231	915	1.1
231	1037	2.7
231	1449	1.3
231	2025	2.4
231	2939	1.8
231	2990	1.6
231	3713	1.3
231	4560	2.9
231	4561	1.8
231	4562	1.7
231	4563	1.2
231	4564	1.1
232	7	2.6
232	55	1.3
232	67	1.9
232	89	3.4
232	241	1.5
232	251	2.4
232	257	3.9
232	266	1.0
232	285	5.0
232	288	3.6
232	289	4.3
232	290	1.3
232	292	3.5
232	293	1.3
232	294	4.2
232	295	2.8
232	299	3.3
232	301	2.2
232	306	2.1
232	308	2.0
232	309	3.4
232	310	1.1
232	314	1.8
232	317	2.9
232	318	1.6
232	320	1.3
232	332	1.5
232	349	1.3
232	352	1.8
232	465	2.7
232	484	1.4
232	540	1.1
232	544	1.0
232	907	2.0
232	1104	1.6
232	1180	1.6
232	1513	1.1
232	1981	1.9
232	2515	2.3
232	3237	2.9
232	4565	3.5
232	4566	3.1
232	4567	3.0
232	4568	2.3
232	4569	2.2
232	4570	1.9
232	4571	1.9
232	4572	1.6
232	4573	1.6
232	4574	1.2
236	65	2.8
236	89	2.7
236	154	2.0
236	190	4.7
236	191	2.9
236	204	1.1
236	220	1.6
236	228	1.6
236	229	1.1
236	230	1.4
236	234	2.1
236	257	2.4
236	288	4.1
236	289	1.8
236	292	3.7
236	294	3.3
236	295	5.0
236	300	2.4
236	301	3.2
236	314	2.0
236	327	2.9
236	329	2.4
236	331	1.0
236	333	1.3
236	344	1.4
236	468	2.3
236	475	1.6
236	518	1.1
236	547	2.5
236	679	2.3
236	691	1.6
236	701	1.3
236	1055	1.7
236	1243	1.3
236	1376	2.4
236	1507	1.3
236	1511	2.3
236	1613	1.5
236	1934	1.3
236	1980	1.4
236	2051	1.1
236	2176	1.7
236	2526	2.8
236	3171	1.8
236	3317	1.0
236	3371	1.5
236	4616	3.8
236	4617	3.3
236	4618	1.9
236	4619	1.1
240	55	1.4
240	67	1.3
240	89	5.0
240	190	3.6
240	227	1.6
240	288	3.0
240	289	3.4
240	292	1.9
240	295	1.5
240	300	2.7
240	302	1.5
240	306	1.8
240	328	1.8
240	333	4.3
240	344	1.9
240	346	1.5
240	378	1.8
240	386	1.4
240	455	1.8
240	458	1.8
240	464	1.9
240	466	3.6
240	475	1.9
240	481	2.3
240	486	2.0
240	498	2.2
240	502	1.5
240	540	1.1
240	544	1.4
240	701	2.5
240	726	1.0
240	1042	1.5
240	1044	1.6
240	1104	2.2
240	1186	2.3
240	1449	1.3
240	1455	1.0
240	1464	1.0
240	1571	2.9
240	1576	2.2
240	1786	1.9
240	2498	2.4
240	3859	2.3
240	4242	1.7
240	4502	3.3
240	4685	3.7
240	4686	1.3
240	4687	1.2
240	4688	1.2
240	4689	1.1
242	67	1.1
242	89	2.7
242	257	5.0
242	285	2.1
242	288	2.5
242	289	2.8
242	290	1.1
242	291	1.5
242	292	2.9
242	294	2.7
242	295	2.9
242	299	1.3
242	300	2.1
242	301	1.6
242	302	1.4
242	306	1.9
242	308	1.6
242	309	1.6
242	310	1.1
242	311	1.2
242	317	1.1
242	318	1.1
242	320	1.1
242	327	1.2
242	344	1.3
242	349	1.6
242	456	1.0
242	464	1.2
242	465	1.9
242	466	2.6
242	546	1.3
242	701	2.9
242	786	1.6
242	787	1.4
242	915	1.0
242	1037	1.4
242	1441	1.6
242	1446	1.2
242	2083	1.1
242	2176	1.3
242	2990	1.6
242	3498	1.0
242	4696	2.0
242	4697	1.7
242	4698	1.2
242	4699	1.2
242	4700	1.2
242	4701	1.0
242	4702	1.0
242	4703	1.0
286	67	1.7
286	89	5.0
286	257	4.8
286	265	2.0
286	285	1.6
286	288	3.3
286	289	3.5
286	290	1.3
286	291	2.8
286	292	1.8
286	294	1.4
286	295	2.3
286	300	2.3
286	301	2.6
286	302	1.5
286	304	1.8
286	306	1.2
286	310	1.4
286	317	1.0
286	320	2.4
286	323	2.7
286	326	2.2
286	327	3.1
286	329	1.1
286	333	1.8
286	344	4.0
286	349	3.8
286	378	3.4
286	386	1.6
286	455	4.1
286	456	1.1
286	461	1.5
286	468	1.4
286	484	1.9
286	485	1.0
286	498	2.9
286	525	2.0
286	538	1.3
286	545	1.5
286	546	1.8
286	679	2.3
286	701	1.8
286	980	1.9
286	1450	1.0
286	1556	2.1
286	2977	2.0
286	3193	1.1
286	4260	1.9
286	4817	1.2
286	5228	1.2
329	55	5.0
329	65	2.3
329	67	4.0
329	71	1.9
329	89	2.8
329	97	1.4
329	155	3.0
329	207	2.3
329	220	2.5
329	228	1.2
329	229	3.0
329	246	1.0
329	285	3.7
329	288	3.7
329	289	2.9
329	291	3.5
329	292	3.8
329	295	2.5
329	296	1.6
329	298	1.8
329	301	1.4
329	302	4.6
329	310	1.1
329	316	2.6
329	331	1.2
329	352	1.2
329	425	1.3
329	485	2.1
329	525	1.6
329	534	1.3
329	535	1.4
329	689	3.5
329	697	2.2
329	701	2.0
329	715	3.4
329	899	3.5
329	906	3.3
329	961	1.4
329	962	1.6
329	1098	1.3
329	1505	1.3
329	1772	1.8
329	1934	2.8
329	2544	1.6
329	3110	2.5
329	3466	2.9
329	3866	2.6
329	4810	1.0
329	5000	1.2
329	5745	3.0
353	89	3.4
353	257	1.2
353	258	1.8
353	285	1.2
353	288	3.1
353	289	3.2
353	292	1.4
353	295	5.0
353	298	1.4
353	300	2.4
353	306	2.8
353	314	1.9
353	325	2.1
353	327	2.1
353	331	2.0
353	332	1.0
353	333	2.7
353	349	1.4
353	378	1.4
353	461	2.9
353	466	3.4
353	468	3.0
353	481	1.0
353	484	3.3
353	498	2.8
353	528	1.4
353	542	1.9
353	547	1.2
353	681	3.1
353	686	1.2
353	701	2.7
353	913	4.3
353	1037	2.6
353	1042	2.2
353	1452	2.1
353	1453	1.8
353	1613	1.0
353	1935	1.2
353	1936	1.2
353	2939	1.9
353	3318	1.4
353	4576	1.2
353	5534	1.2
353	5986	2.4
353	5987	1.9
353	5988	1.7
353	5989	1.5
353	5990	1.4
353	5991	1.2
353	5992	1.2
354	89	2.0
354	190	2.6
354	257	1.8
354	288	2.2
354	289	5.0
354	292	2.5
354	295	3.0
354	299	3.1
354	300	1.4
354	301	2.0
354	312	2.0
354	314	1.0
354	317	1.0
354	318	1.4
354	325	2.1
354	333	3.5
354	346	1.2
354	349	2.4
354	377	3.5
354	378	1.8
354	386	2.0
354	461	1.5
354	465	1.2
354	466	2.0
354	475	1.2
354	525	1.0
354	528	2.4
354	644	2.4
354	652	1.5
354	655	1.7
354	686	1.4
354	701	3.3
354	1613	1.5
354	2507	1.5
354	2646	2.0
354	4561	2.1
354	5249	1.2
354	5993	2.5
354	5994	2.0
354	5995	1.8
354	5996	1.5
354	5997	1.5
354	5998	1.5
354	5999	1.4
354	6000	1.4
354	6001	1.2
354	6002	1.2
354	6003	1.2
354	6004	1.0
354	6005	1.0
361	55	1.8
361	67	3.0
361	89	1.9
361	257	5.0
361	279	1.8
361	283	3.0
361	285	2.3
361	288	3.2
361	289	4.5
361	290	2.5
361	291	2.7
361	292	3.3
361	293	1.1
361	294	3.5
361	295	3.2
361	299	2.4
361	302	1.7
361	304	2.1
361	305	2.5
361	308	1.6
361	309	1.6
361	310	2.4
361	318	1.5
361	320	1.3
361	322	2.2
361	333	2.0
361	340	1.7
361	342	1.1
361	344	3.3
361	349	3.2
361	360	1.2
361	461	2.6
361	511	1.0
361	523	1.5
361	525	1.7
361	538	2.0
361	542	1.4
361	641	3.7
361	646	2.1
361	701	2.4
361	790	2.9
361	913	2.3
361	1243	1.3
361	1451	1.9
361	1459	2.3
361	1772	2.2
361	3173	1.4
361	4716	1.9
361	4883	1.3
361	6119	3.3
399	89	1.6
399	209	3.0
399	257	2.4
399	288	4.7
399	289	2.9
399	290	1.7
399	291	2.7
399	292	4.5
399	294	3.2
399	295	2.3
399	299	4.1
399	300	1.1
399	301	1.3
399	302	2.0
399	310	1.7
399	311	2.6
399	314	1.1
399	318	1.6
399	326	1.1
399	330	1.1
399	333	1.9
399	342	1.0
399	344	5.0
399	352	1.9
399	405	1.3
399	456	1.6
399	461	1.1
399	465	1.1
399	466	2.1
399	481	1.6
399	525	1.2
399	542	2.7
399	686	2.6
399	701	2.3
399	915	2.8
399	972	1.6
399	1037	1.6
399	1246	1.6
399	1428	2.2
399	1458	3.1
399	1459	1.4
399	1580	1.2
399	1602	1.5
399	1690	1.5
399	2080	1.5
399	2130	2.2
399	2392	1.7
399	2990	2.1
399	3081	1.2
399	6528	2.6
417	55	1.8
417	65	1.1
417	67	2.3
417	89	4.6
417	155	1.4
417	157	2.9
417	171	1.2
417	257	3.5
417	279	1.3
417	285	2.3
417	288	3.7
417	289	5.0
417	291	1.2
417	292	4.2
417	294	4.1
417	295	4.8
417	296	1.7
417	298	3.1
417	299	3.3
417	300	1.8
417	301	2.8
417	302	3.7
417	306	2.7
417	311	1.8
417	323	1.5
417	333	1.8
417	349	2.2
417	426	1.4
417	430	2.2
417	461	2.2
417	475	2.5
417	546	1.1
417	701	1.2
417	906	2.4
417	913	1.0
417	915	1.2
417	1037	1.0
417	1051	1.7
417	1243	1.0
417	1383	1.3
417	1601	1.1
417	1718	1.3
417	1935	1.1
417	1936	1.1
417	2083	1.1
417	2544	1.6
417	3057	3.0
417	3201	2.5
417	3739	1.1
417	6677	1.6
419	63	1.2
419	89	3.7
419	157	2.1
419	161	2.1
419	241	2.5
419	257	1.0
419	279	1.2
419	285	1.2
419	288	3.1
419	289	1.9
419	295	4.0
419	299	2.3
419	306	1.8
419	308	5.0
419	309	1.6
419	314	1.4
419	317	1.8
419	320	1.4
419	327	1.4
419	331	1.0
419	332	1.8
419	349	1.8
419	466	3.3
419	468	3.0
419	531	3.1
419	544	2.5
419	644	5.0
419	722	2.7
419	907	1.2
419	913	2.3
419	968	1.0
419	1042	4.2
419	1395	2.2
419	1450	1.4
419	1596	1.4
419	1937	2.1
419	2020	1.2
419	3491	2.1
419	3794	1.2
419	4562	1.9
419	4564	2.5
419	4566	1.6
419	4814	4.3
419	6689	4.0
419	6690	3.0
419	6691	2.6
419	6692	2.1
419	6693	1.6
419	6694	1.4
419	6695	1.4
421	55	2.0
421	67	2.9
421	71	1.2
421	89	3.3
421	157	2.0
421	180	1.2
421	250	1.0
421	257	1.7
421	288	4.1
421	289	5.0
421	291	2.0
421	292	2.8
421	293	2.6
421	295	3.5
421	298	1.3
421	299	2.9
421	300	2.0
421	301	1.8
421	302	1.1
421	306	3.0
421	310	2.6
421	311	1.6
421	314	2.5
421	320	2.5
421	326	1.6
421	327	2.6
421	329	2.4
421	333	3.8
421	349	2.7
421	360	1.1
421	378	1.8
421	461	1.4
421	466	2.4
421	468	1.6
421	475	2.3
421	484	1.1
421	525	3.4
421	542	1.6
421	543	2.2
421	701	2.0
421	903	1.1
421	907	1.2
421	908	1.9
421	913	1.8
421	1505	1.1
421	1580	1.0
421	2179	1.3
421	2523	2.0
421	4069	1.4
421	6723	2.0
470	55	3.0
470	67	4.5
470	89	3.5
470	157	1.6
470	180	1.5
470	227	1.7
470	253	1.3
470	257	1.0
470	288	3.2
470	289	5.0
470	290	1.5
470	291	1.3
470	292	4.3
470	293	2.0
470	295	3.1
470	298	1.5
470	300	2.8
470	302	1.0
470	306	2.5
470	310	2.1
470	318	1.7
470	320	1.9
470	325	2.6
470	329	1.1
470	333	2.7
470	342	1.6
470	344	2.9
470	352	1.3
470	461	2.6
470	466	1.9
470	523	1.1
470	525	1.8
470	526	1.6
470	528	2.0
470	544	1.9
470	646	1.1
470	686	2.5
470	701	1.8
470	704	1.6
470	802	1.5
470	889	2.7
470	903	1.9
470	908	2.2
470	959	1.0
470	1459	2.4
470	1464	1.6
470	1580	1.5
470	2031	1.5
470	3302	1.1
470	3397	1.3
495	55	1.9
495	157	1.1
495	257	2.6
495	258	1.3
495	265	1.1
495	283	1.8
495	285	1.0
495	288	2.8
495	289	5.0
495	291	2.2
495	292	4.1
495	294	2.5
495	295	1.5
495	299	3.7
495	300	1.0
495	318	1.2
495	320	1.6
495	325	1.8
495	333	1.7
495	340	3.4
495	344	1.1
495	349	1.1
495	523	3.3
495	544	1.9
495	701	3.4
495	786	4.7
495	790	2.2
495	792	4.0
495	797	1.1
495	903	2.6
495	1051	1.1
495	1052	1.0
495	2080	1.2
495	2091	3.4
495	3074	1.9
495	3176	1.6
495	3332	1.9
495	3393	1.1
495	4350	1.2
495	4489	1.3
495	4707	2.4
495	5036	1.5
495	6647	1.3
495	6701	3.7
495	6706	2.6
495	6715	1.3
495	7450	2.4
495	7451	1.7
495	7452	1.2
495	7453	1.1
498	55	1.8
498	67	3.2
498	71	1.4
498	77	2.5
498	89	2.5
498	157	2.4
498	180	2.3
498	184	1.5
498	239	2.0
498	241	1.0
498	251	2.8
498	257	5.0
498	262	2.2
498	279	2.0
498	285	2.1
498	288	3.1
498	289	3.6
498	291	2.8
498	292	2.8
498	294	1.2
498	295	3.6
498	299	2.7
498	300	2.0
498	301	2.8
498	302	1.5
498	306	2.5
498	310	2.3
498	311	1.8
498	314	1.6
498	317	1.1
498	328	1.0
498	329	2.0
498	330	1.0
498	331	2.6
498	332	1.6
498	349	2.3
498	378	1.3
498	468	1.4
498	472	1.6
498	484	1.6
498	485	1.5
498	525	2.1
498	701	1.2
498	907	1.9
498	913	2.3
498	1052	1.0
498	2220	1.3
498	2222	1.0
498	3749	1.3
498	7462	1.7
502	55	2.3
502	89	2.6
502	97	2.5
502	157	1.3
502	161	1.6
502	191	1.0
502	251	1.3
502	257	2.8
502	265	3.0
502	288	3.9
502	289	4.3
502	291	4.2
502	292	4.2
502	294	3.9
502	295	3.7
502	296	3.4
502	298	1.8
502	299	1.7
502	300	2.3
502	302	3.1
502	306	1.6
502	323	3.4
502	326	1.8
502	340	1.1
502	349	1.4
502	352	2.4
502	378	1.7
502	466	1.8
502	528	1.5
502	543	1.0
502	544	3.7
502	679	3.1
502	798	2.1
502	903	1.2
502	906	5.0
502	915	1.4
502	1032	1.9
502	1037	1.0
502	1601	1.8
502	1602	1.5
502	1934	2.3
502	1936	3.2
502	2021	1.5
502	2022	1.7
502	2523	3.8
502	2939	1.8
502	3319	1.1
502	5533	2.4
502	6528	1.6
502	7501	1.8
555	89	3.5
555	161	3.6
555	251	1.8
555	288	3.3
555	289	4.6
555	290	1.2
555	292	1.4
555	295	4.1
555	296	3.3
555	298	1.6
555	300	2.0
555	302	1.4
555	314	3.1
555	323	4.2
555	332	2.8
555	333	1.6
555	350	3.0
555	386	1.5
555	464	1.5
555	530	2.0
555	676	1.3
555	679	3.9
555	906	1.6
555	913	1.0
555	915	1.8
555	1395	2.0
555	1449	1.3
555	1596	1.2
555	2018	2.4
555	2455	1.2
555	3491	5.0
555	3503	1.2
555	3557	2.1
555	3948	2.2
555	4705	2.0
555	4770	2.5
555	6232	3.2
555	6313	1.4
555	6429	2.9
555	6690	1.2
555	7340	3.4
555	7395	1.2
555	8017	4.7
555	8018	3.4
555	8019	2.4
555	8020	2.1
555	8021	2.0
555	8022	1.7
555	8023	1.6
555	8024	1.0
569	55	2.6
569	65	1.2
569	67	4.0
569	89	1.7
569	157	1.1
569	251	1.9
569	257	5.0
569	265	1.4
569	283	1.9
569	288	3.6
569	289	2.8
569	292	2.7
569	295	3.1
569	297	1.0
569	298	1.8
569	300	2.2
569	301	1.9
569	302	1.3
569	304	1.5
569	306	2.3
569	314	1.6
569	328	3.2
569	329	1.4
569	349	2.0
569	355	2.2
569	378	1.1
569	461	1.1
569	466	1.1
569	468	1.2
569	538	1.0
569	641	1.3
569	679	4.0
569	701	2.0
569	903	1.8
569	1475	1.0
569	1761	1.2
569	1763	3.1
569	2988	1.2
569	3074	1.9
569	3171	2.2
569	3173	1.9
569	3396	1.7
569	3859	1.2
569	4709	4.1
569	4716	3.7
569	4818	1.2
569	7499	3.1
569	8154	3.8
569	8155	1.6
569	8156	1.3
617	55	2.9
617	67	1.9
617	72	2.4
617	89	1.8
617	172	1.0
617	173	1.1
617	239	2.1
617	257	3.1
617	260	1.0
617	263	1.5
617	266	2.1
617	288	1.8
617	292	2.6
617	295	4.5
617	299	1.2
617	301	2.9
617	312	1.6
617	314	1.7
617	317	3.6
617	318	1.2
617	322	1.5
617	332	1.0
617	349	1.8
617	468	2.1
617	484	1.2
617	543	1.9
617	757	1.5
617	903	1.9
617	913	2.1
617	1451	2.3
617	1596	1.2
617	1613	2.1
617	1935	1.2
617	2220	2.8
617	3109	1.3
617	3314	2.3
617	3317	1.2
617	3318	1.1
617	3488	1.5
617	4566	5.0
617	4713	2.6
617	6226	1.2
617	6378	2.8
617	8074	1.6
617	8077	2.4
617	8602	1.9
617	8603	1.6
617	8604	1.6
617	8605	1.5
617	8606	1.2
700	89	3.9
700	161	2.1
700	191	2.1
700	228	1.0
700	257	3.7
700	288	5.0
700	289	3.4
700	290	1.5
700	291	2.8
700	294	1.1
700	295	4.3
700	300	3.7
700	304	1.0
700	306	4.4
700	324	1.8
700	325	1.7
700	327	2.9
700	328	2.0
700	329	1.1
700	330	1.9
700	331	2.1
700	333	2.3
700	344	4.0
700	349	3.2
700	355	1.3
700	377	2.1
700	458	2.0
700	461	1.6
700	464	1.7
700	466	1.8
700	468	3.6
700	474	1.3
700	475	3.7
700	527	1.5
700	531	1.9
700	538	3.6
700	545	2.1
700	691	3.1
700	907	2.2
700	1042	1.0
700	1449	1.8
700	1455	1.8
700	1602	1.4
700	1613	1.7
700	2176	2.2
700	3317	3.7
700	3318	2.4
700	3859	2.0
700	4562	2.6
700	7340	2.9
713	55	3.3
713	67	2.1
713	89	2.1
713	161	2.7
713	257	2.4
713	279	1.3
713	285	3.2
713	288	4.0
713	289	5.0
713	292	2.6
713	293	2.3
713	295	3.2
713	299	2.8
713	300	1.6
713	301	3.4
713	302	1.7
713	306	1.5
713	309	1.5
713	310	1.9
713	312	2.3
713	314	2.4
713	318	2.4
713	320	1.3
713	322	1.6
713	329	1.7
713	332	2.4
713	333	1.2
713	349	2.2
713	455	1.7
713	456	1.1
713	465	3.0
713	468	2.1
713	476	4.2
713	484	1.4
713	485	2.0
713	523	1.7
713	525	1.1
713	543	2.4
713	701	2.6
713	786	1.6
713	907	1.4
713	1451	1.2
713	1475	3.1
713	1580	1.0
713	1596	2.3
713	4292	1.5
713	4487	2.2
713	6308	1.1
713	9494	1.5
713	9495	1.2
830	65	2.1
830	67	1.5
830	89	3.4
830	257	1.5
830	283	2.3
830	288	3.4
830	289	4.8
830	295	2.0
830	300	2.4
830	302	2.1
830	306	2.3
830	327	1.3
830	328	1.7
830	329	1.0
830	333	2.0
830	349	2.8
830	377	2.3
830	439	1.6
830	455	2.7
830	458	1.1
830	459	1.2
830	461	2.8
830	466	1.2
830	484	2.6
830	498	1.1
830	533	1.0
830	542	1.1
830	646	5.0
830	701	1.9
830	714	3.0
830	802	1.5
830	1241	1.0
830	1428	3.1
830	1429	2.9
830	1430	1.0
830	1453	1.1
830	1659	2.3
830	1681	2.9
830	2523	1.2
830	2983	3.3
830	3332	2.2
830	4350	1.5
830	4466	1.3
830	4561	1.8
830	4828	4.9
830	4840	1.5
830	6120	3.1
830	6121	2.6
830	10459	1.6
830	10460	1.1
916	67	1.2
916	89	2.5
916	257	2.6
916	279	1.8
916	288	3.4
916	289	5.0
916	292	2.7
916	293	2.0
916	295	3.3
916	299	1.8
916	300	2.5
916	301	4.3
916	311	1.5
916	321	3.4
916	325	2.8
916	333	2.9
916	349	1.8
916	456	3.8
916	457	3.9
916	458	3.5
916	461	3.0
916	465	2.6
916	466	2.1
916	479	1.0
916	484	3.4
916	544	1.3
916	679	2.3
916	681	3.6
916	686	2.8
916	793	2.7
916	908	3.6
916	913	1.1
916	1054	2.1
916	1470	1.1
916	1556	1.5
916	1659	2.0
916	3173	1.1
916	4294	1.6
916	7398	1.4
916	11007	3.6
916	11008	2.8
916	11009	2.6
916	11010	2.6
916	11011	1.9
916	11012	1.7
916	11013	1.5
916	11014	1.4
916	11015	1.2
916	11016	1.2
916	11017	1.0
1027	55	5.0
1027	67	2.6
1027	89	4.9
1027	157	2.9
1027	239	2.4
1027	241	1.3
1027	251	3.9
1027	257	3.9
1027	279	3.1
1027	285	2.3
1027	288	3.8
1027	289	4.0
1027	292	1.8
1027	295	4.7
1027	301	1.6
1027	306	1.5
1027	309	1.0
1027	314	3.8
1027	317	1.8
1027	320	1.3
1027	322	1.5
1027	327	1.3
1027	331	1.8
1027	374	3.0
1027	423	1.0
1027	456	1.3
1027	466	2.7
1027	468	2.4
1027	484	2.5
1027	543	1.3
1027	601	1.2
1027	701	2.1
1027	789	1.8
1027	913	1.6
1027	1253	2.1
1027	1596	1.6
1027	2083	3.0
1027	2094	2.5
1027	2102	2.3
1027	3314	2.2
1027	3318	2.6
1027	3324	3.0
1027	3488	1.4
1027	3490	1.3
1027	4566	3.2
1027	4696	1.2
1027	6226	2.0
1027	6562	1.2
1027	11841	1.2
1027	11842	1.0
1039	89	5.0
1039	157	2.1
1039	191	1.6
1039	198	1.0
1039	288	3.3
1039	327	3.3
1039	328	1.1
1039	329	2.4
1039	331	3.5
1039	371	2.5
1039	377	3.4
1039	464	2.3
1039	466	1.1
1039	468	1.6
1039	475	4.9
1039	498	3.5
1039	500	2.8
1039	504	2.3
1039	517	1.2
1039	527	3.5
1039	547	1.4
1039	687	2.5
1039	907	1.8
1039	978	2.3
1039	1037	1.5
1039	1044	4.5
1039	1145	2.6
1039	1182	1.5
1039	1197	2.1
1039	1377	2.2
1039	1444	2.1
1039	1455	3.0
1039	1507	1.0
1039	1613	1.1
1039	1672	4.7
1039	1863	2.8
1039	2595	1.0
1039	2976	2.3
1039	3084	1.3
1039	3317	4.3
1039	4562	2.4
1039	5947	1.2
1039	5948	2.1
1039	5972	1.9
1039	5988	2.0
1039	6384	1.4
1039	6633	1.1
1039	7340	2.3
1039	9384	1.2
1039	11934	1.0
1053	55	1.8
1053	56	1.7
1053	65	2.0
1053	67	1.7
1053	89	3.1
1053	161	2.2
1053	199	1.2
1053	229	2.5
1053	288	3.3
1053	289	5.0
1053	292	2.3
1053	299	1.4
1053	300	3.0
1053	302	1.0
1053	320	1.2
1053	324	3.6
1053	325	1.5
1053	327	1.9
1053	329	1.6
1053	331	2.5
1053	333	3.4
1053	352	1.5
1053	386	1.4
1053	461	1.5
1053	464	2.5
1053	466	2.9
1053	468	3.3
1053	531	1.2
1053	533	1.1
1053	538	3.5
1053	679	1.8
1053	686	1.0
1053	691	1.5
1053	982	1.2
1053	1037	2.9
1053	1042	1.8
1053	1409	1.1
1053	1455	1.5
1053	1456	2.4
1053	2130	3.0
1053	2137	1.9
1053	2521	2.8
1053	4562	1.2
1053	4814	1.3
1053	5988	1.4
1053	7868	1.8
1053	8019	1.7
1053	10421	1.8
1053	12017	2.5
1053	12018	1.0
1057	55	3.6
1057	89	3.8
1057	189	1.7
1057	209	2.6
1057	257	1.1
1057	261	1.8
1057	265	1.6
1057	288	3.2
1057	289	3.5
1057	292	2.2
1057	295	1.6
1057	299	1.9
1057	300	1.9
1057	301	1.5
1057	302	2.1
1057	306	1.8
1057	310	1.3
1057	320	1.3
1057	330	1.7
1057	333	2.6
1057	344	1.4
1057	352	2.4
1057	360	1.4
1057	362	1.6
1057	400	1.4
1057	466	2.0
1057	518	2.1
1057	528	1.0
1057	543	2.1
1057	646	1.4
1057	701	3.6
1057	790	1.9
1057	792	5.0
1057	802	1.8
1057	914	1.0
1057	959	2.2
1057	1032	1.7
1057	1244	1.8
1057	1438	2.4
1057	1441	1.7
1057	1459	1.7
1057	1775	1.2
1057	2019	1.4
1057	2082	1.6
1057	2392	1.3
1057	2548	1.2
1057	3081	2.3
1057	3125	2.2
1057	12037	2.4
1057	12038	1.8
1080	67	3.3
1080	89	2.4
1080	157	1.2
1080	176	1.2
1080	227	2.6
1080	257	2.7
1080	288	3.5
1080	289	4.1
1080	292	3.6
1080	295	3.6
1080	300	3.0
1080	301	3.2
1080	306	1.6
1080	316	1.2
1080	318	1.8
1080	325	3.8
1080	349	2.1
1080	377	1.3
1080	439	2.0
1080	461	3.7
1080	498	3.0
1080	543	1.7
1080	635	3.9
1080	646	3.7
1080	681	3.7
1080	683	2.1
1080	686	2.0
1080	701	2.6
1080	705	1.6
1080	790	1.5
1080	793	1.1
1080	908	1.7
1080	1047	2.7
1080	1241	2.0
1080	1246	1.6
1080	1428	5.0
1080	1429	1.7
1080	1438	1.0
1080	1673	1.1
1080	1771	1.0
1080	1934	1.5
1080	2984	1.1
1080	3173	2.0
1080	3378	1.6
1080	3741	1.4
1080	3763	1.1
1080	4260	1.0
1080	4471	1.2
1080	4709	1.8
1080	6472	1.2
1109	55	2.0
1109	67	2.2
1109	71	1.9
1109	76	1.7
1109	89	2.2
1109	265	1.2
1109	285	2.0
1109	288	3.8
1109	289	5.0
1109	291	2.3
1109	292	3.6
1109	293	2.4
1109	294	1.8
1109	295	3.0
1109	299	3.6
1109	302	2.1
1109	306	1.7
1109	310	2.6
1109	311	2.3
1109	318	3.6
1109	320	2.5
1109	325	4.0
1109	326	1.8
1109	333	3.2
1109	349	2.3
1109	359	2.9
1109	378	3.0
1109	405	1.2
1109	461	1.2
1109	465	2.4
1109	485	1.8
1109	523	4.3
1109	525	2.4
1109	534	1.7
1109	646	2.8
1109	701	2.8
1109	790	2.8
1109	792	1.6
1109	802	1.6
1109	907	2.6
1109	908	2.8
1109	913	1.6
1109	972	1.7
1109	4181	1.1
1109	4560	1.7
1109	6376	1.9
1109	7846	1.4
1109	12377	1.2
1109	12378	1.1
1109	12379	1.0
1120	55	3.0
1120	67	2.7
1120	89	1.7
1120	157	1.2
1120	257	2.1
1120	279	1.2
1120	285	5.0
1120	288	4.3
1120	289	3.9
1120	292	2.3
1120	293	1.6
1120	295	3.1
1120	296	1.5
1120	299	2.8
1120	302	1.2
1120	306	1.9
1120	309	1.4
1120	310	1.1
1120	311	1.6
1120	314	2.2
1120	316	1.7
1120	318	1.7
1120	320	1.2
1120	331	1.5
1120	332	1.4
1120	349	1.5
1120	424	1.1
1120	455	1.2
1120	465	1.5
1120	485	1.5
1120	523	1.8
1120	525	1.5
1120	535	2.8
1120	701	1.5
1120	789	1.0
1120	886	2.6
1120	906	2.8
1120	911	1.0
1120	913	1.8
1120	972	1.3
1120	1409	2.0
1120	1937	1.3
1120	2083	2.2
1120	2094	1.6
1120	2220	1.1
1120	2523	2.2
1120	2548	1.0
1120	3288	1.1
1120	4566	1.0
1120	4883	1.0
1132	55	2.5
1132	65	1.6
1132	67	4.4
1132	89	4.9
1132	157	1.2
1132	257	1.8
1132	288	3.4
1132	289	5.0
1132	291	3.3
1132	292	3.8
1132	293	2.2
1132	294	1.9
1132	295	3.4
1132	298	1.6
1132	300	2.9
1132	302	3.1
1132	306	1.2
1132	311	1.6
1132	316	2.5
1132	318	1.3
1132	320	1.4
1132	324	1.3
1132	325	3.1
1132	333	3.8
1132	342	2.2
1132	344	2.0
1132	349	2.2
1132	378	1.3
1132	430	1.3
1132	461	2.5
1132	464	2.4
1132	466	1.4
1132	472	1.8
1132	498	2.9
1132	528	1.6
1132	538	1.7
1132	679	2.8
1132	680	1.5
1132	689	1.2
1132	701	2.7
1132	903	1.5
1132	908	2.2
1132	966	1.1
1132	1042	1.1
1132	1043	1.3
1132	1047	1.3
1132	1450	1.0
1132	2977	1.3
1132	3756	1.1
1132	3859	1.8
1186	55	3.0
1186	67	2.1
1186	86	2.2
1186	89	3.5
1186	97	1.3
1186	161	1.6
1186	257	2.0
1186	285	1.1
1186	288	3.8
1186	289	5.0
1186	290	1.5
1186	291	2.4
1186	292	2.1
1186	294	2.3
1186	295	2.6
1186	296	2.3
1186	298	3.0
1186	300	2.7
1186	302	2.6
1186	310	1.3
1186	311	1.6
1186	323	1.9
1186	349	1.3
1186	430	1.1
1186	466	2.6
1186	485	1.3
1186	531	1.9
1186	535	1.9
1186	544	1.4
1186	548	4.4
1186	679	4.3
1186	691	1.8
1186	701	1.7
1186	786	1.0
1186	889	1.4
1186	901	1.0
1186	903	2.2
1186	906	1.1
1186	915	1.3
1186	1243	1.1
1186	1934	3.0
1186	2521	2.7
1186	3319	1.2
1186	3617	2.2
1186	4252	2.0
1186	4707	2.1
1186	5754	1.1
1186	5767	1.0
1186	8589	1.0
1186	11728	1.1
1253	55	1.1
1253	65	2.2
1253	89	3.0
1253	161	1.5
1253	229	2.1
1253	283	1.2
1253	288	3.5
1253	289	5.0
1253	292	2.2
1253	295	2.5
1253	298	1.4
1253	299	3.5
1253	300	2.8
1253	306	2.1
1253	318	2.8
1253	325	2.1
1253	329	2.3
1253	333	3.7
1253	342	1.5
1253	349	2.7
1253	352	1.6
1253	461	1.2
1253	464	1.7
1253	466	2.2
1253	498	4.0
1253	540	1.1
1253	542	4.3
1253	543	2.0
1253	646	1.1
1253	679	2.7
1253	680	1.8
1253	687	1.0
1253	701	1.6
1253	704	1.7
1253	802	1.9
1253	903	1.6
1253	1032	1.1
1253	1042	2.0
1253	1045	3.4
1253	1047	1.0
1253	1246	1.4
1253	2080	1.4
1253	2548	1.2
1253	2984	1.5
1253	3378	1.1
1253	4474	1.7
1253	4708	1.2
1253	5594	1.0
1253	7706	1.6
1253	13497	2.1
1311	89	1.8
1311	97	2.2
1311	157	1.8
1311	247	1.7
1311	257	4.8
1311	258	2.4
1311	262	1.8
1311	266	1.5
1311	279	1.9
1311	287	2.7
1311	288	3.9
1311	292	4.0
1311	294	2.3
1311	295	4.7
1311	299	2.0
1311	301	3.4
1311	302	1.5
1311	314	2.3
1311	317	1.8
1311	322	1.7
1311	326	1.1
1311	332	5.0
1311	485	1.9
1311	701	1.6
1311	901	1.2
1311	913	3.0
1311	1934	1.5
1311	1935	1.8
1311	1936	2.4
1311	1937	3.4
1311	2393	3.9
1311	2515	1.0
1311	3500	2.8
1311	4560	2.4
1311	4566	4.2
1311	4572	1.3
1311	4574	2.6
1311	6562	2.1
1311	8188	1.8
1311	8604	1.5
1311	8765	3.0
1311	8768	1.0
1311	10988	2.8
1311	10989	2.5
1311	11082	1.6
1311	12403	2.1
1311	13446	2.3
1311	13764	1.8
1311	13765	1.4
1311	13766	1.1
1435	55	1.2
1435	67	1.0
1435	89	2.7
1435	157	1.8
1435	227	1.3
1435	251	2.5
1435	257	5.0
1435	262	1.9
1435	265	1.4
1435	285	3.0
1435	288	2.1
1435	289	2.0
1435	291	2.6
1435	292	2.3
1435	294	1.8
1435	295	2.6
1435	299	1.1
1435	301	2.6
1435	302	1.6
1435	309	2.0
1435	310	1.3
1435	318	3.0
1435	326	1.2
1435	331	1.2
1435	461	1.4
1435	523	2.1
1435	525	1.3
1435	575	1.0
1435	680	1.7
1435	790	1.3
1435	903	1.6
1435	989	1.3
1435	1052	1.4
1435	1243	1.5
1435	1580	1.3
1435	1596	2.2
1435	2019	2.2
1435	2083	1.5
1435	2390	1.9
1435	4696	1.5
1435	4701	1.6
1435	4702	2.4
1435	11081	1.3
1435	14542	3.1
1435	14543	2.0
1435	14544	1.6
1435	14545	1.6
1435	14546	1.4
1435	14547	1.1
1435	14548	1.0
1437	65	2.9
1437	89	3.5
1437	257	2.1
1437	288	3.9
1437	289	3.4
1437	295	3.7
1437	300	3.0
1437	306	2.4
1437	328	2.7
1437	349	3.3
1437	377	1.0
1437	461	3.0
1437	466	1.6
1437	468	3.4
1437	475	2.0
1437	481	3.0
1437	498	3.0
1437	542	5.0
1437	544	2.0
1437	686	2.5
1437	790	2.1
1437	802	1.8
1437	903	3.4
1437	1032	1.0
1437	1042	1.6
1437	1429	1.9
1437	1452	3.2
1437	1455	1.6
1437	1681	2.7
1437	1860	1.2
1437	2984	1.3
1437	3173	3.2
1437	3378	2.1
1437	3386	2.5
1437	4474	2.9
1437	4561	1.1
1437	4811	2.3
1437	5099	2.1
1437	8364	1.2
1437	10992	1.4
1437	14550	2.6
1437	14551	2.3
1437	14552	1.9
1437	14553	1.9
1437	14554	1.8
1437	14555	1.4
1437	14556	1.1
1437	14557	1.1
1437	14558	1.0
1437	14559	1.0
1466	55	2.7
1466	67	2.4
1466	89	2.9
1466	182	1.0
1466	257	2.0
1466	285	2.3
1466	288	3.8
1466	289	5.0
1466	291	2.3
1466	292	3.0
1466	293	3.1
1466	294	1.8
1466	295	2.0
1466	296	2.5
1466	298	1.8
1466	299	3.4
1466	300	1.5
1466	302	1.6
1466	311	1.9
1466	314	1.2
1466	318	4.9
1466	320	1.2
1466	321	3.1
1466	325	2.0
1466	326	1.7
1466	333	2.1
1466	342	1.4
1466	344	1.3
1466	349	2.7
1466	386	2.2
1466	456	1.3
1466	461	2.5
1466	465	2.4
1466	523	4.0
1466	525	2.0
1466	680	1.5
1466	681	2.1
1466	786	1.6
1466	903	2.9
1466	906	4.1
1466	908	2.9
1466	966	1.2
1466	1459	1.2
1466	1580	1.7
1466	1601	2.0
1466	1684	1.8
1466	2183	1.6
1466	2546	2.3
1466	3460	1.2
1466	4566	1.1
1515	89	1.5
1515	155	1.0
1515	157	2.5
1515	251	2.4
1515	257	4.0
1515	265	1.2
1515	288	2.0
1515	290	1.6
1515	291	1.6
1515	294	3.4
1515	295	2.5
1515	297	1.7
1515	304	3.4
1515	327	1.3
1515	344	2.2
1515	458	2.6
1515	479	3.1
1515	543	1.2
1515	679	2.7
1515	906	1.1
1515	915	2.9
1515	1602	3.4
1515	1936	1.9
1515	2939	3.7
1515	2977	2.0
1515	3319	2.1
1515	3387	1.7
1515	4350	1.0
1515	4474	1.1
1515	4491	5.0
1515	4869	1.6
1515	5425	1.3
1515	5535	2.9
1515	5752	2.5
1515	6713	1.9
1515	12958	1.6
1515	12963	1.2
1515	13741	1.3
1515	14573	1.4
1515	15144	2.5
1515	15145	2.4
1515	15146	2.3
1515	15147	2.2
1515	15148	2.2
1515	15149	2.2
1515	15150	2.0
1515	15151	1.6
1515	15152	1.5
1515	15153	1.1
1515	15154	1.1
1555	55	1.6
1555	67	1.7
1555	89	1.5
1555	257	5.0
1555	279	1.1
1555	285	1.7
1555	288	2.2
1555	289	2.7
1555	290	1.2
1555	291	1.9
1555	292	2.0
1555	294	2.3
1555	295	1.8
1555	296	2.4
1555	299	2.4
1555	300	1.8
1555	302	1.3
1555	306	1.5
1555	310	1.8
1555	311	1.3
1555	316	1.3
1555	318	1.9
1555	323	1.9
1555	328	1.5
1555	344	1.1
1555	349	1.7
1555	352	1.5
1555	374	1.3
1555	525	1.7
1555	528	1.5
1555	641	2.2
1555	680	1.5
1555	701	2.5
1555	786	1.6
1555	792	1.8
1555	800	1.4
1555	972	1.4
1555	1243	1.7
1555	1470	1.1
1555	2094	1.9
1555	2220	1.3
1555	2462	1.2
1555	2523	1.4
1555	3074	1.3
1555	3491	1.3
1555	4350	1.0
1555	4488	1.0
1555	4814	1.1
1555	5568	2.7
1555	7619	2.4
1577	67	2.3
1577	89	4.2
1577	161	2.1
1577	257	5.0
1577	288	4.3
1577	289	3.2
1577	290	2.9
1577	294	3.0
1577	295	2.6
1577	299	1.4
1577	300	1.5
1577	304	1.9
1577	330	1.9
1577	344	2.2
1577	349	1.2
1577	352	1.6
1577	377	2.6
1577	386	3.5
1577	396	3.5
1577	455	2.7
1577	459	4.2
1577	461	2.3
1577	466	2.6
1577	475	1.5
1577	479	4.2
1577	525	1.0
1577	531	1.1
1577	660	3.3
1577	663	1.7
1577	915	1.6
1577	972	3.1
1577	1673	1.5
1577	2977	2.1
1577	3080	1.9
1577	3128	1.3
1577	3576	3.0
1577	3586	1.5
1577	4257	1.0
1577	5076	3.0
1577	7340	1.3
1577	7656	2.4
1577	7868	1.4
1577	9660	1.0
1577	10992	1.3
1577	15414	2.0
1577	15415	1.2
1577	15416	1.1
1577	15417	1.0
1577	15418	1.0
1577	15419	1.0
1580	89	3.4
1580	155	2.1
1580	157	4.0
1580	279	1.4
1580	285	1.8
1580	288	2.0
1580	289	5.0
1580	290	3.6
1580	291	4.7
1580	296	1.6
1580	300	1.3
1580	302	1.7
1580	305	2.2
1580	309	1.3
1580	310	2.7
1580	311	1.4
1580	318	2.7
1580	323	4.1
1580	325	3.5
1580	326	2.6
1580	349	3.6
1580	377	1.7
1580	455	4.2
1580	461	1.6
1580	466	2.7
1580	467	1.3
1580	468	1.2
1580	528	2.4
1580	532	2.5
1580	534	1.1
1580	538	2.1
1580	680	3.7
1580	681	1.5
1580	682	2.4
1580	686	1.9
1580	786	3.0
1580	791	1.9
1580	794	1.8
1580	906	2.0
1580	908	2.6
1580	911	1.0
1580	1459	2.0
1580	1613	1.0
1580	1684	2.5
1580	1860	1.5
1580	2094	1.4
1580	2523	2.7
1580	14516	2.5
1580	15421	4.0
1580	15422	1.3
1591	56	1.0
1591	89	3.1
1591	288	5.0
1591	289	3.6
1591	290	2.6
1591	291	3.4
1591	292	2.6
1591	293	1.9
1591	294	2.5
1591	295	3.7
1591	300	1.1
1591	301	1.3
1591	302	2.1
1591	310	1.3
1591	318	2.4
1591	325	2.3
1591	327	1.0
1591	328	2.6
1591	329	1.0
1591	330	1.2
1591	333	3.3
1591	342	1.4
1591	349	3.3
1591	403	1.8
1591	461	2.0
1591	465	2.1
1591	484	2.9
1591	498	4.5
1591	523	2.0
1591	525	1.9
1591	536	1.7
1591	680	4.6
1591	701	1.5
1591	907	2.0
1591	908	1.8
1591	1043	1.3
1591	1377	1.7
1591	1441	1.9
1591	1580	1.0
1591	1613	2.0
1591	1684	1.9
1591	2801	1.5
1591	4385	1.8
1591	4716	1.5
1591	6346	1.6
1591	6567	1.7
1591	8364	1.4
1591	13292	1.1
1591	15470	1.9
1591	15471	1.1
1605	55	1.0
1605	89	2.9
1605	161	1.2
1605	199	1.4
1605	288	3.5
1605	289	1.1
1605	295	1.4
1605	298	2.3
1605	300	1.6
1605	306	2.2
1605	310	1.1
1605	317	1.0
1605	328	1.6
1605	352	1.8
1605	432	1.0
1605	466	2.0
1605	468	2.0
1605	486	1.2
1605	531	2.3
1605	546	1.5
1605	548	2.4
1605	644	1.7
1605	689	1.5
1605	690	1.1
1605	701	1.9
1605	915	1.1
1605	968	1.7
1605	1037	2.6
1605	1042	2.1
1605	1379	1.8
1605	1410	1.0
1605	1456	1.1
1605	1463	1.7
1605	1632	1.6
1605	1934	1.6
1605	2521	1.5
1605	3128	2.3
1605	4561	1.1
1605	4564	2.5
1605	4707	5.0
1605	5001	3.0
1605	5232	1.2
1605	5534	2.6
1605	5536	1.1
1605	7326	1.4
1605	7782	1.4
1605	8674	1.3
1605	9718	1.1
1605	13460	2.5
1605	15535	1.0
1693	67	1.2
1693	89	2.0
1693	288	3.1
1693	289	5.0
1693	292	1.6
1693	295	1.0
1693	299	2.3
1693	300	2.8
1693	306	1.0
1693	324	1.0
1693	325	1.7
1693	329	1.8
1693	333	2.7
1693	344	2.6
1693	349	1.2
1693	377	1.0
1693	378	1.6
1693	468	2.2
1693	484	1.2
1693	524	1.2
1693	525	1.2
1693	543	1.0
1693	544	1.8
1693	679	1.0
1693	680	2.3
1693	686	1.0
1693	701	1.3
1693	913	1.3
1693	972	1.2
1693	1042	2.0
1693	1449	1.0
1693	1451	1.0
1693	2548	1.0
1693	3404	1.6
1693	4350	3.2
1693	4486	1.2
1693	4576	2.1
1693	11247	1.0
1693	12625	1.2
1693	16069	1.7
1693	16070	1.5
1693	16071	1.4
1693	16072	1.2
1693	16073	1.2
1725	89	3.0
1725	97	2.2
1725	157	5.0
1725	228	1.6
1725	266	1.2
1725	288	3.1
1725	289	1.3
1725	291	2.1
1725	294	1.9
1725	295	3.5
1725	296	1.9
1725	300	2.2
1725	301	2.0
1725	307	1.4
1725	311	1.2
1725	314	1.4
1725	317	1.8
1725	323	2.3
1725	324	2.8
1725	325	1.2
1725	344	1.9
1725	350	1.8
1725	352	3.5
1725	355	1.2
1725	461	2.0
1725	464	1.1
1725	466	1.4
1725	476	2.4
1725	521	1.4
1725	546	1.7
1725	548	1.8
1725	679	2.3
1725	689	1.7
1725	690	1.3
1725	698	1.7
1725	699	2.2
1725	701	2.5
1725	906	3.7
1725	1051	1.1
1725	1377	1.6
1725	2020	4.1
1725	2025	1.1
1725	4704	1.0
1725	4707	1.3
1725	5278	1.6
1725	5746	1.1
1725	7288	2.5
1725	8479	1.2
1725	10640	1.0
1725	11241	2.5
1734	69	1.4
1734	89	3.8
1734	157	1.2
1734	190	1.7
1734	228	1.7
1734	257	2.8
1734	285	1.7
1734	288	4.1
1734	289	2.6
1734	292	1.6
1734	294	3.8
1734	295	5.0
1734	314	1.9
1734	321	1.0
1734	327	1.2
1734	331	2.5
1734	332	1.5
1734	349	1.2
1734	461	1.9
1734	462	4.0
1734	464	1.0
1734	467	2.6
1734	468	3.6
1734	472	2.1
1734	482	2.8
1734	488	1.6
1734	493	2.2
1734	498	1.5
1734	507	1.0
1734	537	2.0
1734	544	2.4
1734	646	1.5
1734	681	1.2
1734	686	1.3
1734	830	1.0
1734	912	2.6
1734	913	2.4
1734	1180	3.6
1734	1457	1.1
1734	1596	1.7
1734	1613	2.0
1734	1672	1.4
1734	2783	1.8
1734	2990	1.4
1734	3320	3.2
1734	5615	1.2
1734	16381	2.1
1734	16382	1.9
1734	16383	1.3
1734	16384	1.0
1765	55	3.2
1765	56	1.9
1765	65	1.7
1765	88	1.5
1765	89	4.8
1765	157	1.0
1765	159	1.1
1765	199	2.8
1765	228	3.4
1765	288	3.2
1765	289	3.1
1765	295	1.9
1765	300	1.6
1765	306	1.0
1765	331	2.0
1765	333	2.9
1765	377	1.4
1765	432	1.4
1765	441	1.3
1765	445	1.6
1765	458	2.6
1765	475	4.2
1765	548	2.1
1765	689	3.5
1765	703	2.1
1765	757	4.6
1765	857	2.0
1765	903	1.4
1765	906	2.0
1765	1032	1.6
1765	1037	5.0
1765	1090	1.7
1765	1155	1.0
1765	1375	2.5
1765	1398	1.9
1765	1409	1.3
1765	1613	2.2
1765	1934	3.6
1765	2137	3.6
1765	2242	3.7
1765	2582	1.4
1765	2829	1.0
1765	3030	4.5
1765	3201	1.4
1765	3730	1.4
1765	4181	1.4
1765	5071	1.1
1765	5547	1.3
1765	9285	3.7
1765	10615	1.2
1786	89	3.0
1786	191	2.8
1786	257	3.6
1786	288	2.2
1786	289	2.6
1786	292	1.6
1786	294	1.1
1786	300	1.8
1786	301	1.9
1786	317	1.9
1786	344	1.0
1786	374	2.8
1786	470	1.7
1786	679	3.0
1786	691	1.4
1786	693	1.2
1786	1035	2.8
1786	1037	1.5
1786	1038	2.7
1786	1042	1.5
1786	1043	2.5
1786	1239	1.2
1786	1389	2.1
1786	1447	1.2
1786	1481	2.7
1786	1680	2.3
1786	1936	2.1
1786	2068	2.2
1786	2176	1.7
1786	2607	5.0
1786	2653	1.8
1786	2939	2.0
1786	2982	2.1
1786	3404	1.0
1786	3459	1.5
1786	4741	1.8
1786	5925	1.8
1786	5958	3.0
1786	5988	1.8
1786	6769	1.9
1786	7324	1.1
1786	8674	1.2
1786	9081	2.1
1786	11731	1.8
1786	16669	2.1
1786	16670	1.7
1786	16671	1.5
1786	16672	1.4
1786	16673	1.1
1786	16674	1.0
1791	55	2.5
1791	67	1.0
1791	239	1.6
1791	241	1.6
1791	252	1.6
1791	257	5.0
1791	265	1.1
1791	279	2.2
1791	285	1.7
1791	288	3.6
1791	289	3.0
1791	291	3.5
1791	292	1.2
1791	293	3.1
1791	294	2.5
1791	295	1.5
1791	299	3.4
1791	301	1.2
1791	305	1.1
1791	308	1.1
1791	310	3.7
1791	311	1.9
1791	314	1.2
1791	318	2.6
1791	320	1.3
1791	332	2.3
1791	344	2.5
1791	349	1.1
1791	465	1.9
1791	523	1.3
1791	525	1.8
1791	534	1.3
1791	701	1.1
1791	891	2.1
1791	892	1.1
1791	913	1.6
1791	1052	2.1
1791	1459	3.1
1791	1556	1.1
1791	1934	1.6
1791	1936	1.8
1791	2220	1.6
1791	2454	1.9
1791	3460	1.8
1791	3489	2.7
1791	4566	3.1
1791	8076	2.3
1791	10677	2.2
1791	11082	1.2
1791	16693	1.9
1808	55	1.0
1808	65	1.3
1808	67	3.0
1808	89	3.1
1808	157	2.2
1808	182	1.2
1808	191	1.1
1808	257	3.9
1808	288	4.6
1808	289	5.0
1808	290	1.4
1808	291	1.6
1808	292	1.8
1808	293	1.5
1808	294	1.6
1808	295	3.8
1808	298	1.8
1808	299	1.8
1808	300	2.6
1808	302	1.9
1808	304	2.1
1808	306	4.8
1808	311	3.0
1808	314	1.6
1808	320	2.5
1808	322	1.9
1808	325	1.9
1808	327	1.9
1808	328	1.1
1808	330	2.0
1808	333	4.1
1808	342	1.1
1808	349	3.4
1808	377	1.2
1808	456	1.1
1808	461	1.5
1808	468	1.4
1808	472	2.2
1808	479	1.6
1808	538	1.5
1808	543	2.9
1808	545	2.9
1808	701	2.0
1808	908	1.0
1808	966	1.2
1808	1444	1.4
1808	1459	1.2
1808	1470	3.2
1808	2941	1.2
1808	5988	1.6
1856	7	3.6
1856	55	2.8
1856	67	4.6
1856	88	1.0
1856	157	4.6
1856	234	1.2
1856	289	4.3
1856	292	5.0
1856	296	4.3
1856	299	3.5
1856	318	2.0
1856	323	3.6
1856	325	1.8
1856	352	1.4
1856	377	1.1
1856	378	1.7
1856	405	2.6
1856	455	3.3
1856	459	2.0
1856	475	1.2
1856	523	1.9
1856	524	1.7
1856	544	3.2
1856	646	1.9
1856	701	1.4
1856	792	1.1
1856	798	1.4
1856	803	1.2
1856	906	4.4
1856	913	3.1
1856	1044	1.1
1856	2021	3.2
1856	2022	2.7
1856	2091	3.2
1856	2094	2.6
1856	2098	1.2
1856	2523	3.2
1856	2548	3.7
1856	3176	3.3
1856	3332	1.4
1856	3961	1.3
1856	4350	3.7
1856	4558	3.4
1856	5533	1.2
1856	9231	1.8
1856	17143	2.9
1856	17144	2.7
1856	17145	2.0
1856	17146	1.9
1856	17147	1.1
1871	67	1.3
1871	184	1.0
1871	204	3.1
1871	239	2.7
1871	257	1.0
1871	288	3.4
1871	289	5.0
1871	291	3.2
1871	292	3.0
1871	293	1.1
1871	295	3.0
1871	301	2.3
1871	310	2.0
1871	311	1.4
1871	318	3.3
1871	320	1.8
1871	322	1.7
1871	331	2.5
1871	332	1.9
1871	333	3.2
1871	455	1.4
1871	465	1.6
1871	475	1.1
1871	523	3.5
1871	525	2.4
1871	527	2.4
1871	534	1.5
1871	543	1.2
1871	683	1.1
1871	903	3.1
1871	907	2.7
1871	913	1.8
1871	1505	1.2
1871	1580	1.1
1871	1613	1.1
1871	2179	2.0
1871	2454	1.2
1871	3466	1.0
1871	3488	1.1
1871	3489	1.6
1871	5778	1.2
1871	8161	1.6
1871	8178	1.6
1871	9902	1.3
1871	9905	1.6
1871	9907	1.3
1871	17283	3.6
1871	17284	2.3
1871	17285	1.8
1871	17286	1.8
1873	55	1.0
1873	67	3.5
1873	89	1.3
1873	198	1.6
1873	257	1.0
1873	288	3.2
1873	289	5.0
1873	291	1.7
1873	292	1.8
1873	295	3.5
1873	299	2.7
1873	306	2.1
1873	310	2.3
1873	316	2.6
1873	317	1.2
1873	320	2.5
1873	326	1.3
1873	327	2.4
1873	329	3.8
1873	331	1.4
1873	333	3.1
1873	349	3.1
1873	377	3.3
1873	378	3.2
1873	405	2.2
1873	455	5.0
1873	459	2.1
1873	468	2.1
1873	469	2.2
1873	484	2.5
1873	491	2.2
1873	498	2.7
1873	525	1.6
1873	538	3.8
1873	540	2.5
1873	543	1.8
1873	903	3.9
1873	907	3.4
1873	913	2.5
1873	966	2.5
1873	982	2.2
1873	1246	1.2
1873	1247	1.1
1873	1397	1.3
1873	1444	1.9
1873	2598	1.3
1873	3392	2.2
1873	17291	3.2
1873	17292	1.5
1873	17293	1.1
1894	67	2.4
1894	89	3.6
1894	97	2.4
1894	184	2.8
1894	204	2.6
1894	257	2.5
1894	288	3.8
1894	289	5.0
1894	291	2.9
1894	292	3.0
1894	293	2.9
1894	294	1.5
1894	295	3.6
1894	300	2.3
1894	302	3.2
1894	309	1.0
1894	310	1.2
1894	311	1.1
1894	317	1.6
1894	329	3.0
1894	330	2.2
1894	331	2.7
1894	333	2.9
1894	349	1.7
1894	359	1.9
1894	461	1.7
1894	465	3.0
1894	468	1.9
1894	475	3.0
1894	523	3.8
1894	525	1.4
1894	527	2.6
1894	891	1.7
1894	903	2.6
1894	908	1.7
1894	974	1.8
1894	1037	3.4
1894	1451	2.8
1894	1459	1.0
1894	1934	1.5
1894	2083	1.1
1894	3489	2.0
1894	8178	1.2
1894	9902	2.0
1894	9905	1.8
1894	17283	1.8
1894	17284	2.0
1894	17285	2.7
1894	17469	2.2
1894	17470	1.1
1961	89	2.4
1961	191	2.7
1961	257	2.3
1961	288	2.1
1961	289	1.9
1961	291	1.4
1961	294	5.0
1961	300	1.4
1961	301	2.1
1961	302	1.2
1961	307	1.8
1961	314	2.3
1961	317	2.1
1961	323	2.6
1961	327	3.6
1961	344	4.3
1961	352	1.5
1961	461	1.5
1961	482	1.5
1961	498	1.1
1961	547	1.7
1961	680	2.0
1961	681	1.9
1961	686	1.7
1961	701	1.7
1961	786	1.2
1961	908	2.2
1961	915	2.8
1961	1037	2.3
1961	1059	1.7
1961	1459	2.9
1961	1596	1.0
1961	1602	1.4
1961	1613	1.8
1961	1934	1.8
1961	2977	2.3
1961	3081	1.9
1961	3317	2.1
1961	3318	3.2
1961	3322	2.0
1961	3716	1.3
1961	4487	1.9
1961	4696	1.6
1961	6389	1.8
1961	6631	2.2
1961	7340	1.6
1961	8071	2.0
1961	10608	1.8
1961	12535	1.0
1961	17899	1.9
2059	7	1.2
2059	58	1.9
2059	67	2.1
2059	89	3.2
2059	157	1.8
2059	288	3.1
2059	289	2.5
2059	291	1.1
2059	292	5.0
2059	295	1.9
2059	300	1.8
2059	301	2.8
2059	302	3.0
2059	306	1.8
2059	317	1.1
2059	323	1.7
2059	329	2.7
2059	333	3.5
2059	340	1.4
2059	349	2.1
2059	352	1.7
2059	360	3.2
2059	458	1.9
2059	459	1.5
2059	461	1.5
2059	464	1.6
2059	466	2.3
2059	475	3.4
2059	498	3.9
2059	525	2.5
2059	544	2.0
2059	690	1.8
2059	697	2.2
2059	704	1.8
2059	907	1.2
2059	915	1.6
2059	1032	1.3
2059	1037	3.2
2059	1042	1.0
2059	1052	2.3
2059	1183	1.2
2059	1455	1.1
2059	1601	1.1
2059	1620	1.9
2059	2226	1.3
2059	9384	1.3
2059	9913	1.5
2059	16891	1.6
2059	18463	1.5
2059	18464	1.0
2061	89	1.7
2061	161	1.6
2061	257	1.1
2061	265	1.1
2061	279	1.0
2061	288	4.8
2061	289	1.5
2061	291	3.8
2061	293	1.0
2061	295	3.9
2061	302	1.1
2061	308	1.4
2061	314	1.6
2061	317	2.2
2061	325	4.6
2061	326	1.1
2061	349	2.0
2061	386	5.0
2061	461	1.5
2061	465	1.0
2061	484	1.4
2061	523	1.1
2061	543	1.1
2061	674	1.2
2061	681	1.4
2061	906	1.0
2061	908	1.6
2061	1444	1.8
2061	1449	1.1
2061	1459	1.1
2061	1684	1.1
2061	2018	1.3
2061	2498	1.8
2061	2801	1.4
2061	3491	2.1
2061	3499	1.3
2061	3570	3.6
2061	3572	3.3
2061	4560	4.8
2061	4769	1.3
2061	5683	2.2
2061	6232	1.1
2061	6429	1.5
2061	6693	1.2
2061	7340	1.4
2061	7656	1.6
2061	7734	1.1
2061	8017	1.8
2061	8718	1.6
2061	18472	1.9
2076	67	1.4
2076	89	4.5
2076	190	2.6
2076	207	1.1
2076	209	1.1
2076	227	2.0
2076	283	4.2
2076	289	3.4
2076	295	1.5
2076	298	2.1
2076	300	2.1
2076	302	1.6
2076	333	3.1
2076	349	2.2
2076	378	2.8
2076	430	1.2
2076	498	5.0
2076	542	4.0
2076	701	1.7
2076	708	1.5
2076	930	2.0
2076	955	1.3
2076	972	2.1
2076	989	1.8
2076	1243	1.6
2076	1246	2.3
2076	1681	3.6
2076	1763	2.1
2076	1771	2.2
2076	1807	1.1
2076	2788	2.0
2076	2988	1.1
2076	3125	2.2
2076	3200	2.5
2076	3205	1.0
2076	3737	1.3
2076	3744	2.3
2076	4346	1.0
2076	4716	1.1
2076	5027	2.5
2076	5079	3.3
2076	5437	1.3
2076	5745	1.9
2076	6535	3.2
2076	7835	1.3
2076	10401	2.0
2076	11155	1.2
2076	14629	1.2
2076	18573	1.7
2076	18574	1.6
2087	55	2.0
2087	65	1.1
2087	67	2.0
2087	89	3.6
2087	180	2.0
2087	209	1.8
2087	257	2.9
2087	265	2.5
2087	288	3.3
2087	289	3.8
2087	291	2.2
2087	292	4.2
2087	294	1.3
2087	295	5.0
2087	299	2.7
2087	300	2.6
2087	301	1.7
2087	302	3.0
2087	305	1.0
2087	306	1.1
2087	314	1.7
2087	332	1.4
2087	333	3.0
2087	342	2.4
2087	344	2.2
2087	377	3.2
2087	378	2.9
2087	461	1.6
2087	466	1.9
2087	486	3.6
2087	498	1.9
2087	543	3.1
2087	544	2.2
2087	679	3.0
2087	701	3.0
2087	913	2.8
2087	915	2.3
2087	1032	1.2
2087	1034	2.6
2087	1042	1.1
2087	1246	1.8
2087	1379	2.4
2087	1452	1.1
2087	1456	1.5
2087	1470	1.7
2087	1934	2.2
2087	1936	1.1
2087	2977	1.9
2087	4814	2.5
2087	4920	1.3
