userID	artistID	rating
45	89	3.6
45	161	2.2
45	288	4.5
45	289	2.4
45	291	1.2
45	292	2.3
45	293	2.1
45	295	1.4
45	300	2.8
45	302	1.0
45	306	2.7
45	310	1.5
45	320	1.8
45	325	1.3
45	332	1.2
45	333	1.3
45	349	2.5
45	461	3.5
45	466	1.9
45	543	2.2
45	641	1.8
45	646	4.2
45	701	3.0
45	787	1.4
45	790	1.9
45	792	1.4
45	795	1.6
45	802	5.0
45	1428	4.2
45	1429	2.8
45	1430	2.3
45	1431	2.0
45	1432	1.9
45	1433	1.8
45	1434	1.8
45	1435	1.7
45	1436	1.7
45	1437	1.6
45	1438	1.6
45	1439	1.5
45	1440	1.5
45	1441	1.4
45	1442	1.3
45	1443	1.1
45	1444	1.1
45	1445	1.1
45	1446	1.0
45	1447	1.0
45	1448	1.0
45	1449	1.0
46	89	2.9
46	288	5.0
46	289	2.2
46	290	1.9
46	291	1.1
46	292	2.3
46	295	3.2
46	299	1.7
46	300	3.3
46	301	1.9
46	302	1.2
46	306	2.8
46	314	2.1
46	320	1.3
46	325	2.2
46	327	1.3
46	328	1.5
46	330	1.1
46	333	2.4
46	344	1.2
46	349	2.6
46	352	1.1
46	458	2.6
46	461	2.2
46	464	3.1
46	466	3.4
46	475	1.0
46	484	1.1
46	498	1.9
46	542	1.5
46	646	1.9
46	679	1.1
46	681	1.8
46	686	2.0
46	701	2.2
46	802	2.2
46	908	1.1
46	1032	1.8
46	1037	2.4
46	1042	1.5
46	1051	1.4
46	1428	2.3
46	1450	1.9
46	1451	1.9
46	1452	1.8
46	1453	1.6
46	1454	1.2
46	1455	1.2
46	1456	1.1
46	1457	1.0
53	55	1.2
53	67	1.7
53	89	4.3
53	187	1.0
53	288	4.2
53	289	2.8
53	292	3.0
53	293	2.6
53	296	3.1
53	300	5.0
53	302	1.6
53	306	2.4
53	310	1.6
53	318	1.0
53	330	1.1
53	331	1.2
53	333	1.3
53	349	1.4
53	352	1.9
53	386	1.6
53	466	3.4
53	475	2.8
53	478	3.2
53	483	2.3
53	491	1.4
53	498	1.1
53	525	1.1
53	531	1.7
53	535	2.7
53	545	1.2
53	644	1.6
53	701	2.3
53	1571	3.4
53	1572	3.3
53	1573	2.9
53	1574	2.4
53	1575	2.0
53	1576	1.9
53	1577	1.9
53	1578	1.7
53	1579	1.7
53	1580	1.5
53	1581	1.4
53	1582	1.3
53	1583	1.3
53	1584	1.1
53	1585	1.1
53	1586	1.1
53	1587	1.1
53	1588	1.1
75	55	3.1
75	67	2.6
75	89	4.1
75	157	1.5
75	161	2.2
75	209	1.7
75	230	3.2
75	288	3.7
75	289	4.3
75	292	4.3
75	295	3.5
75	298	1.1
75	299	1.1
75	300	3.5
75	302	2.9
75	306	4.3
75	329	1.8
75	333	3.8
75	344	1.5
75	352	1.7
75	377	3.7
75	378	2.2
75	412	1.0
75	464	2.0
75	466	3.1
75	475	1.4
75	481	2.7
75	498	5.0
75	531	1.3
75	538	2.2
75	543	1.8
75	544	3.2
75	646	2.8
75	679	4.6
75	687	3.6
75	701	4.4
75	972	1.1
75	1032	2.2
75	1037	3.3
75	1042	2.6
75	1246	1.6
75	1452	1.0
75	1455	1.7
75	1456	2.7
75	2080	2.9
75	2081	2.1
75	2082	1.9
75	2083	1.7
75	2084	1.6
75	2085	1.0
95	55	2.6
95	67	2.6
95	89	3.4
95	157	1.1
95	257	2.4
95	288	4.0
95	289	3.6
95	291	2.3
95	292	2.3
95	295	3.6
95	298	2.2
95	299	1.0
95	300	2.9
95	302	2.7
95	306	1.1
95	310	1.4
95	314	1.7
95	317	1.0
95	321	2.7
95	329	3.3
95	333	2.0
95	344	3.4
95	349	1.8
95	461	3.1
95	466	3.8
95	486	1.4
95	498	2.5
95	525	1.9
95	528	1.3
95	542	1.7
95	543	2.5
95	679	5.0
95	681	1.9
95	686	3.7
95	689	2.2
95	701	3.7
95	704	1.2
95	797	3.1
95	1032	1.3
95	1037	3.0
95	2137	1.2
95	2521	3.4
95	2543	3.2
95	2544	2.9
95	2545	2.6
95	2546	2.1
95	2547	2.0
95	2548	1.8
95	2549	1.4
95	2550	1.0
110	55	1.2
110	89	3.0
110	257	1.7
110	265	1.5
110	288	4.2
110	289	5.0
110	291	1.5
110	292	2.2
110	294	1.1
110	295	1.8
110	300	2.4
110	314	1.2
110	324	1.3
110	325	2.8
110	333	1.0
110	349	2.1
110	367	3.1
110	369	1.1
110	377	1.0
110	388	3.4
110	393	2.3
110	400	3.5
110	409	2.6
110	413	2.1
110	524	1.1
110	679	1.4
110	1904	1.5
110	1906	1.5
110	1918	1.4
110	2089	3.0
110	2091	3.4
110	2092	3.4
110	2094	2.1
110	2097	1.6
110	2098	2.6
110	2102	3.2
110	2106	2.0
110	2117	1.3
110	2798	2.2
110	2799	1.9
110	2800	1.8
110	2801	1.8
110	2802	1.7
110	2803	1.5
110	2804	1.4
110	2805	1.4
110	2806	1.3
110	2807	1.0
110	2808	1.0
110	2809	1.0
129	55	1.8
129	67	2.6
129	71	1.0
129	89	5.0
129	257	2.9
129	265	1.2
129	288	3.5
129	289	2.8
129	292	2.3
129	293	2.6
129	294	1.3
129	295	1.8
129	296	3.1
129	299	1.5
129	300	3.2
129	302	2.1
129	304	1.5
129	323	1.3
129	325	2.0
129	333	2.8
129	344	3.2
129	352	1.7
129	362	3.8
129	374	2.6
129	389	2.9
129	423	1.1
129	461	2.8
129	465	3.4
129	466	2.9
129	523	1.4
129	525	1.1
129	544	1.8
129	548	2.2
129	686	1.6
129	689	1.7
129	690	1.2
129	704	2.1
129	906	2.3
129	915	1.3
129	961	1.4
129	972	2.2
129	1052	1.1
129	1459	1.0
129	1463	3.5
129	1580	1.3
129	1971	1.9
129	3123	1.5
129	3124	1.2
129	3125	1.1
129	3126	1.1
132	55	3.1
132	89	3.4
132	182	3.7
132	191	2.6
132	257	1.4
132	288	4.1
132	289	2.6
132	294	1.5
132	295	3.5
132	299	1.1
132	300	3.2
132	301	2.8
132	302	1.8
132	306	2.3
132	310	5.0
132	314	1.2
132	318	2.1
132	320	1.1
132	325	2.6
132	333	2.3
132	344	1.0
132	349	2.3
132	352	1.4
132	461	3.8
132	464	1.8
132	466	2.1
132	498	2.0
132	525	1.4
132	528	1.7
132	531	1.1
132	532	1.2
132	542	1.9
132	543	1.5
132	544	1.1
132	545	1.0
132	681	2.0
132	686	3.8
132	701	2.2
132	790	4.3
132	797	2.6
132	907	2.3
132	1009	1.4
132	1455	1.0
132	1458	2.0
132	1470	1.5
132	2094	1.1
132	2176	2.2
132	2440	1.8
132	2521	1.5
132	3171	1.4
133	67	4.5
133	89	2.3
133	157	3.1
133	257	2.1
133	288	3.6
133	289	4.2
133	290	2.9
133	291	1.2
133	292	5.0
133	295	1.6
133	300	4.0
133	302	1.1
133	306	1.2
133	311	1.6
133	325	2.0
133	329	1.7
133	332	1.0
133	333	2.5
133	340	3.2
133	349	3.3
133	461	3.1
133	464	1.0
133	466	3.8
133	486	1.5
133	498	3.1
133	523	3.2
133	528	1.9
133	531	2.6
133	543	2.4
133	544	1.9
133	646	2.9
133	679	3.8
133	681	2.2
133	701	2.9
133	704	1.1
133	797	2.4
133	802	3.0
133	889	4.4
133	972	1.7
133	1042	1.4
133	1043	1.3
133	1429	1.4
133	1451	2.2
133	1459	1.2
133	2548	2.1
133	2984	3.4
133	3172	2.0
133	3173	1.8
133	3174	1.5
133	3175	1.3
144	55	2.1
144	67	2.3
144	89	3.5
144	157	5.0
144	161	1.5
144	257	3.0
144	285	3.5
144	288	4.4
144	289	4.8
144	292	4.0
144	294	1.1
144	295	4.2
144	299	1.8
144	300	3.1
144	301	2.6
144	302	2.1
144	306	1.9
144	312	1.1
144	314	2.7
144	317	1.7
144	322	1.0
144	327	1.5
144	328	1.5
144	332	1.1
144	333	1.1
144	349	2.1
144	455	1.2
144	458	1.6
144	466	3.1
144	475	1.3
144	525	1.1
144	528	1.2
144	644	1.9
144	652	1.0
144	701	2.3
144	907	1.1
144	913	2.0
144	1037	2.5
144	1444	1.4
144	1596	1.2
144	1825	2.3
144	2083	1.5
144	2094	1.5
144	2220	3.0
144	3313	1.7
144	3314	1.6
144	3315	1.3
144	3316	1.2
144	3317	1.1
144	3318	1.1
146	67	1.8
146	89	3.0
146	97	1.1
146	257	2.8
146	288	5.0
146	289	3.1
146	290	2.4
146	291	1.7
146	292	1.2
146	294	1.4
146	295	3.6
146	298	1.8
146	300	3.8
146	301	1.1
146	302	1.5
146	306	2.7
146	311	1.0
146	314	1.2
146	318	2.3
146	320	1.1
146	325	1.5
146	330	1.2
146	333	2.0
146	344	3.3
146	349	2.7
146	386	2.3
146	461	2.8
146	466	2.9
146	484	1.3
146	498	2.0
146	528	1.7
146	543	1.2
146	545	1.2
146	546	1.1
146	701	2.8
146	1444	1.0
146	1450	1.2
146	1613	1.3
146	1904	3.0
146	2091	2.4
146	2092	3.6
146	2094	3.6
146	2106	1.8
146	2799	2.2
146	2803	1.9
146	2990	3.0
146	3323	2.4
146	3324	1.9
146	3325	1.7
146	3326	1.4
226	67	1.5
226	89	3.6
226	230	1.5
226	257	1.7
226	288	5.0
226	289	1.1
226	291	1.5
226	292	2.4
226	295	2.6
226	300	3.0
226	302	3.0
226	306	1.4
226	310	2.3
226	318	1.2
226	321	1.1
226	325	2.8
226	333	2.2
226	344	1.5
226	349	2.9
226	378	1.2
226	461	2.3
226	466	2.7
226	475	1.7
226	498	1.3
226	523	2.5
226	534	1.2
226	542	2.8
226	543	1.7
226	544	1.7
226	546	1.1
226	679	2.9
226	681	1.4
226	686	2.9
226	692	1.4
226	701	3.2
226	790	1.0
226	802	1.5
226	907	1.4
226	972	1.3
226	1037	1.7
226	1453	3.0
226	1455	1.0
226	1613	1.4
226	1673	2.7
226	2990	2.8
226	3332	1.6
226	3571	2.2
226	4512	1.1
226	4513	1.1
226	4514	1.0
233	55	2.3
233	67	2.4
233	89	5.0
233	228	2.5
233	288	3.6
233	289	3.9
233	292	5.0
233	298	1.8
233	300	4.0
233	302	2.4
233	306	2.4
233	329	1.3
233	330	1.1
233	340	2.1
233	377	2.3
233	461	3.8
233	466	4.4
233	475	2.1
233	498	3.4
233	525	2.3
233	526	3.2
233	534	1.3
233	679	2.2
233	680	1.6
233	687	2.0
233	706	3.0
233	714	1.5
233	903	1.4
233	972	2.8
233	1043	1.7
233	1047	2.4
233	1249	2.9
233	1453	1.8
233	1455	3.6
233	1456	1.3
233	1934	2.9
233	2085	3.0
233	2094	2.8
233	2543	1.7
233	3198	2.7
233	3662	1.0
233	3739	3.3
233	4575	2.2
233	4576	1.8
233	4577	1.8
233	4578	1.6
233	4579	1.5
233	4580	1.2
233	4581	1.1
233	4582	1.1
248	89	3.5
248	161	2.2
248	288	4.4
248	289	3.6
248	292	4.3
248	295	2.6
248	296	1.9
248	300	2.2
248	306	4.3
248	308	2.4
248	320	1.8
248	324	2.0
248	325	1.2
248	332	2.4
248	333	2.1
248	338	2.6
248	349	1.3
248	386	4.3
248	455	3.2
248	458	1.9
248	461	2.9
248	464	5.0
248	466	4.3
248	498	1.9
248	532	1.9
248	541	1.0
248	543	3.3
248	544	2.1
248	644	2.5
248	686	2.2
248	701	2.4
248	907	1.1
248	908	1.1
248	915	2.3
248	1021	2.3
248	1071	1.4
248	1513	1.5
248	2020	2.5
248	2498	1.9
248	2543	2.2
248	3209	1.2
248	3397	1.3
248	4565	1.1
248	4765	3.1
248	4766	2.6
248	4767	2.3
248	4768	1.9
248	4769	1.4
248	4770	1.1
248	4771	1.0
252	55	3.5
252	89	3.7
252	161	1.2
252	288	3.2
252	289	2.6
252	292	2.1
252	295	1.5
252	298	3.2
252	300	5.0
252	302	1.0
252	323	4.1
252	325	2.1
252	333	2.0
252	344	3.9
252	346	2.4
252	386	3.1
252	430	1.4
252	458	2.0
252	461	3.9
252	466	2.9
252	498	1.2
252	528	2.5
252	530	1.5
252	532	1.0
252	535	2.1
252	548	2.3
252	679	3.9
252	681	2.0
252	686	2.8
252	687	1.4
252	689	3.0
252	690	2.5
252	915	1.5
252	1032	1.0
252	1409	2.2
252	1447	2.8
252	1505	3.1
252	2076	1.9
252	2546	4.4
252	2981	2.1
252	3057	1.0
252	3081	3.6
252	3489	1.3
252	4618	1.1
252	4810	2.7
252	4811	2.3
252	4812	2.2
252	4813	1.6
252	4814	1.4
252	4815	1.1
271	55	1.5
271	67	1.9
271	89	3.2
271	257	2.3
271	288	2.5
271	289	5.0
271	290	2.5
271	292	2.1
271	293	1.5
271	294	1.5
271	295	3.8
271	299	1.2
271	300	3.2
271	302	2.1
271	306	1.5
271	308	2.0
271	314	1.5
271	325	2.0
271	333	2.2
271	344	1.6
271	349	2.7
271	352	1.6
271	461	2.1
271	466	1.5
271	523	2.9
271	528	1.7
271	543	1.4
271	646	1.7
271	681	1.6
271	701	1.7
271	797	1.1
271	908	1.5
271	913	1.5
271	1051	1.3
271	1428	1.4
271	1451	1.7
271	1457	1.1
271	1459	1.6
271	1580	1.6
271	1937	1.2
271	2523	1.0
271	2548	3.6
271	4563	2.3
271	4566	1.4
271	4707	1.2
271	5032	2.1
271	5033	2.0
271	5034	1.7
271	5035	1.2
271	5036	1.1
302	55	1.7
302	89	5.0
302	265	1.0
302	288	2.2
302	289	2.5
302	292	4.2
302	299	1.2
302	300	1.0
302	302	1.4
302	306	1.0
302	308	1.1
302	311	1.5
302	333	1.2
302	340	3.0
302	352	2.0
302	360	2.9
302	466	3.1
302	518	4.1
302	524	1.1
302	532	1.4
302	543	2.5
302	669	2.7
302	679	2.9
302	701	2.5
302	704	3.5
302	930	2.0
302	1032	1.3
302	1034	3.0
302	1037	2.4
302	1114	3.8
302	1246	2.0
302	1263	1.5
302	1670	1.2
302	1934	1.1
302	2521	1.3
302	2981	2.2
302	3572	1.3
302	4137	1.7
302	4814	3.5
302	5079	1.1
302	5459	2.8
302	5460	2.6
302	5461	2.6
302	5462	1.7
302	5463	1.6
302	5464	1.5
302	5465	1.4
302	5466	1.1
302	5467	1.1
302	5468	1.0
305	55	2.0
305	65	1.0
305	89	5.0
305	161	3.3
305	228	2.0
305	288	4.3
305	289	3.6
305	292	3.1
305	294	4.9
305	295	2.6
305	299	1.9
305	300	3.8
305	302	1.9
305	306	3.8
305	310	1.2
305	311	2.0
305	327	2.3
305	328	2.0
305	329	1.2
305	331	1.5
305	333	2.1
305	344	2.1
305	352	2.5
305	377	2.1
305	386	1.6
305	461	3.6
305	464	2.1
305	466	3.1
305	475	1.1
305	484	1.3
305	486	1.9
305	538	2.3
305	543	2.1
305	544	3.3
305	679	2.1
305	686	4.0
305	701	4.0
305	704	2.6
305	802	3.3
305	1032	2.9
305	1037	4.3
305	1042	2.4
305	1443	1.0
305	1444	1.3
305	1447	3.2
305	1475	1.4
305	1672	3.5
305	1934	3.1
305	2990	2.4
305	4562	1.2
310	55	2.7
310	89	1.0
310	161	1.1
310	288	2.1
310	289	1.5
310	292	5.0
310	294	1.9
310	296	1.5
310	300	3.9
310	302	1.1
310	306	2.2
310	317	1.2
310	323	4.3
310	327	1.4
310	328	1.1
310	330	1.6
310	352	3.7
310	458	1.6
310	461	2.5
310	466	1.5
310	468	1.0
310	475	4.9
310	527	1.1
310	528	2.0
310	531	1.6
310	543	1.1
310	548	1.2
310	906	3.5
310	915	1.4
310	1037	3.6
310	1051	1.1
310	1409	3.0
310	1451	1.6
310	1455	1.2
310	1463	1.4
310	2607	1.3
310	2939	2.7
310	4491	1.3
310	4562	1.3
310	4812	1.5
310	5528	1.9
310	5529	1.9
310	5530	1.5
310	5531	1.4
310	5532	1.3
310	5533	1.3
310	5534	1.3
310	5535	1.1
310	5536	1.1
310	5537	1.0
322	89	3.9
322	288	5.0
322	289	1.6
322	292	1.7
322	295	1.8
322	300	3.2
322	306	3.3
322	317	1.7
322	327	1.5
322	328	1.2
322	331	4.6
322	458	1.5
322	461	2.3
322	464	3.4
322	466	3.3
322	468	2.0
322	475	3.0
322	486	2.0
322	527	2.9
322	547	3.8
322	548	1.7
322	701	1.6
322	797	1.0
322	808	1.5
322	907	1.7
322	1037	3.4
322	1042	1.3
322	1104	1.8
322	1410	1.3
322	1455	3.0
322	1613	1.2
322	2242	3.1
322	3036	1.5
322	3317	2.9
322	3713	1.1
322	4562	2.0
322	4564	3.0
322	5071	2.3
322	5232	1.8
322	5536	3.5
322	5674	3.7
322	5675	3.3
322	5676	3.2
322	5677	2.9
322	5678	2.8
322	5679	2.7
322	5680	2.1
322	5681	1.9
322	5682	1.3
322	5683	1.2
327	55	2.7
327	67	1.5
327	71	1.7
327	89	3.3
327	180	2.3
327	229	1.0
327	288	3.4
327	289	5.0
327	292	2.8
327	294	1.9
327	295	1.2
327	300	3.2
327	331	1.6
327	332	1.7
327	352	2.7
327	386	1.6
327	466	3.1
327	475	2.5
327	531	1.0
327	548	2.0
327	686	1.1
327	690	1.3
327	1053	2.2
327	1057	3.0
327	1059	2.0
327	1243	3.7
327	1376	2.5
327	1379	2.8
327	1413	1.3
327	1934	2.3
327	2018	2.1
327	2025	1.2
327	2130	1.9
327	2179	1.3
327	2515	2.0
327	2521	1.2
327	3319	1.1
327	3500	2.4
327	4565	3.0
327	4568	1.6
327	4572	2.4
327	4765	1.5
327	4814	2.2
327	5487	1.0
327	5724	3.2
327	5725	2.3
327	5726	1.7
327	5727	1.2
327	5728	1.1
327	5729	1.0
339	55	3.3
339	67	2.6
339	89	4.7
339	161	1.3
339	257	2.8
339	288	3.7
339	289	5.0
339	290	2.9
339	291	2.6
339	292	3.9
339	293	1.2
339	294	1.4
339	295	3.6
339	298	1.5
339	299	1.7
339	300	3.0
339	302	2.6
339	306	2.4
339	308	1.3
339	317	1.1
339	318	2.5
339	320	1.1
339	325	2.8
339	328	1.7
339	329	1.1
339	332	1.5
339	333	2.5
339	349	3.1
339	378	2.2
339	386	1.1
339	461	3.1
339	466	1.8
339	498	1.2
339	523	2.3
339	531	1.2
339	538	1.1
339	542	1.3
339	543	1.8
339	544	2.5
339	679	2.1
339	686	1.6
339	701	4.1
339	704	1.5
339	903	1.0
339	915	1.0
339	1451	1.4
339	1934	1.8
339	2020	1.1
339	2548	1.4
339	4716	1.3
340	55	1.4
340	67	2.8
340	89	3.7
340	227	1.5
340	234	2.7
340	250	4.3
340	257	4.7
340	286	1.4
340	288	2.7
340	289	2.3
340	292	2.5
340	295	2.6
340	299	1.1
340	300	3.7
340	302	1.2
340	306	1.7
340	320	1.7
340	328	1.1
340	333	2.0
340	344	1.5
340	425	1.4
340	458	5.0
340	461	2.2
340	466	2.1
340	518	1.4
340	525	1.7
340	534	1.2
340	614	1.9
340	689	2.0
340	701	2.6
340	868	2.4
340	903	3.2
340	907	1.5
340	1412	2.4
340	1503	1.4
340	1580	1.6
340	2902	1.2
340	3128	1.6
340	3464	1.2
340	3795	1.1
340	3796	1.4
340	4344	1.6
340	5474	1.1
340	5844	2.4
340	5845	2.2
340	5846	1.9
340	5847	1.6
340	5848	1.5
340	5849	1.5
340	5850	1.0
352	58	1.3
352	67	2.8
352	89	5.0
352	229	1.9
352	288	2.9
352	289	3.5
352	292	3.4
352	293	2.4
352	295	2.2
352	300	3.2
352	302	2.9
352	306	1.6
352	328	1.3
352	333	2.0
352	344	1.2
352	436	1.3
352	466	1.3
352	471	1.6
352	498	1.6
352	524	1.6
352	532	1.5
352	536	1.5
352	538	1.6
352	543	1.9
352	544	1.5
352	679	1.1
352	680	3.1
352	681	1.1
352	689	1.2
352	701	1.8
352	704	4.0
352	909	1.4
352	966	2.1
352	982	2.0
352	1032	1.5
352	1121	1.7
352	1130	1.2
352	1186	2.7
352	1459	1.2
352	2020	2.0
352	2175	1.6
352	2595	1.0
352	2659	1.1
352	3201	1.6
352	5980	3.4
352	5981	2.1
352	5982	1.7
352	5983	1.7
352	5984	1.5
352	5985	1.0
375	58	1.0
375	67	2.4
375	71	2.7
375	89	2.7
375	97	1.7
375	167	1.8
375	229	3.4
375	288	3.4
375	289	5.0
375	291	3.8
375	292	5.0
375	295	4.3
375	300	4.0
375	302	2.4
375	306	1.0
375	316	1.5
375	318	1.0
375	325	2.1
375	329	1.3
375	340	3.0
375	344	2.8
375	352	2.4
375	528	1.0
375	534	2.0
375	679	3.0
375	686	2.1
375	696	3.5
375	704	3.7
375	892	3.1
375	913	1.1
375	1037	1.0
375	1379	2.0
375	1447	2.9
375	1459	2.4
375	1556	2.1
375	1934	4.4
375	2020	1.0
375	2083	1.0
375	2089	2.2
375	2092	1.4
375	2176	1.7
375	2454	1.8
375	2521	2.3
375	2607	1.5
375	2938	1.5
375	4037	2.7
375	4707	1.5
375	5460	2.2
375	5534	1.4
375	6262	1.2
390	55	5.0
390	67	3.6
390	89	5.0
390	257	3.4
390	288	3.9
390	289	4.0
390	292	3.4
390	294	1.3
390	295	2.1
390	296	2.0
390	299	2.4
390	300	3.9
390	302	1.2
390	306	2.1
390	308	1.2
390	314	1.5
390	317	1.6
390	328	1.6
390	331	1.3
390	332	1.5
390	333	2.0
390	340	1.0
390	386	1.3
390	400	2.2
390	455	1.8
390	461	2.2
390	464	1.1
390	466	3.5
390	475	2.0
390	523	1.4
390	543	2.4
390	646	2.1
390	679	2.7
390	701	3.2
390	802	1.6
390	907	1.9
390	1032	2.2
390	1037	2.8
390	1051	1.6
390	1243	2.5
390	1444	1.0
390	1453	1.4
390	1934	2.2
390	2021	2.4
390	2523	2.5
390	6426	3.2
390	6427	2.0
390	6428	1.6
390	6429	1.4
390	6430	1.1
413	55	1.8
413	65	2.2
413	67	5.0
413	69	1.6
413	88	1.4
413	157	1.0
413	190	1.4
413	203	1.7
413	220	2.2
413	229	1.8
413	230	2.7
413	288	1.5
413	291	2.5
413	292	3.1
413	295	3.6
413	298	2.4
413	301	2.2
413	302	3.4
413	304	2.4
413	306	1.1
413	310	1.9
413	311	1.8
413	316	1.2
413	329	1.1
413	331	1.4
413	344	3.1
413	377	1.2
413	461	1.1
413	466	1.9
413	525	2.0
413	526	1.7
413	547	1.1
413	641	1.6
413	679	1.9
413	689	1.0
413	701	3.5
413	735	1.8
413	900	1.2
413	903	2.0
413	913	2.0
413	1447	1.3
413	1455	1.2
413	1458	1.6
413	1613	1.4
413	1936	1.2
413	2080	2.0
413	3460	1.5
413	3708	1.2
413	6645	1.4
413	6646	1.2
414	55	1.6
414	67	2.5
414	157	2.0
414	256	1.0
414	257	3.1
414	283	2.5
414	288	3.0
414	289	5.0
414	292	2.9
414	293	1.3
414	295	2.6
414	298	2.3
414	300	3.2
414	302	2.2
414	306	1.9
414	313	1.5
414	314	1.9
414	325	1.2
414	333	2.6
414	342	1.5
414	349	2.0
414	378	1.1
414	386	1.4
414	461	2.5
414	464	1.3
414	466	3.2
414	498	3.1
414	526	1.2
414	538	1.8
414	542	2.5
414	544	2.7
414	546	1.5
414	646	1.7
414	679	1.1
414	686	2.3
414	693	1.3
414	701	2.3
414	903	3.0
414	915	1.2
414	966	1.3
414	1032	1.7
414	1035	1.3
414	1045	1.3
414	1452	1.3
414	1771	1.1
414	2082	1.0
414	2988	1.0
414	3200	2.2
414	5934	1.8
414	6647	1.2
415	55	2.6
415	67	2.8
415	89	4.1
415	157	1.1
415	230	1.5
415	257	2.0
415	288	2.1
415	289	5.0
415	291	1.5
415	292	4.5
415	298	3.2
415	300	3.8
415	302	2.1
415	306	2.1
415	316	1.6
415	318	1.3
415	320	1.8
415	324	1.6
415	329	1.2
415	333	2.7
415	352	3.5
415	386	1.4
415	455	1.0
415	466	2.5
415	498	3.5
415	523	1.8
415	525	2.1
415	528	2.8
415	532	1.8
415	534	1.1
415	542	1.5
415	546	1.4
415	646	1.9
415	674	2.8
415	679	2.1
415	680	1.4
415	681	1.4
415	686	1.3
415	689	1.0
415	701	2.5
415	704	2.6
415	889	1.6
415	903	1.3
415	972	2.3
415	1034	2.2
415	1249	1.2
415	1451	1.5
415	1580	1.4
415	2020	3.6
415	3404	2.4
451	89	3.2
451	190	1.4
451	230	2.4
451	288	3.1
451	289	2.2
451	292	1.5
451	295	1.7
451	300	3.1
451	306	3.3
451	314	1.3
451	321	1.0
451	324	2.2
451	325	1.7
451	327	1.1
451	328	1.9
451	329	1.2
451	333	2.0
451	344	2.2
451	349	2.3
451	355	1.0
451	377	1.7
451	458	5.0
451	461	2.5
451	464	3.2
451	466	3.2
451	470	1.8
451	475	1.3
451	498	3.7
451	524	2.0
451	526	1.0
451	528	1.2
451	544	1.1
451	679	1.1
451	680	1.1
451	681	2.3
451	686	3.1
451	687	1.1
451	689	1.4
451	701	1.5
451	704	2.8
451	802	1.1
451	1043	1.5
451	1047	3.5
451	1449	1.0
451	1458	1.2
451	1678	1.2
451	2020	1.6
451	4621	1.1
451	5749	1.1
451	7061	1.4
466	67	1.4
466	89	4.4
466	288	3.1
466	289	1.5
466	292	3.0
466	295	1.1
466	298	2.1
466	300	3.0
466	302	2.1
466	306	1.7
466	328	1.1
466	333	3.1
466	349	1.3
466	378	2.7
466	386	2.1
466	389	1.0
466	453	2.2
466	461	2.1
466	466	3.7
466	504	1.5
466	518	4.6
466	526	2.1
466	542	2.9
466	544	3.4
466	641	1.2
466	679	3.4
466	680	2.3
466	690	3.7
466	704	2.5
466	915	2.9
466	930	1.8
466	972	1.8
466	1034	3.1
466	1098	3.9
466	1673	2.4
466	1775	1.1
466	1781	2.2
466	1905	1.4
466	2014	4.1
466	2022	2.0
466	2988	2.7
466	4135	1.9
466	4561	1.9
466	5459	5.0
466	6201	2.7
466	7191	4.1
466	7192	2.5
466	7193	2.3
466	7194	1.2
466	7195	1.0
472	55	2.3
472	56	2.4
472	67	1.4
472	89	5.0
472	161	2.6
472	176	1.0
472	191	1.4
472	199	3.6
472	228	4.0
472	288	4.6
472	289	3.7
472	295	1.2
472	299	2.8
472	300	3.2
472	306	2.6
472	323	1.0
472	328	1.2
472	330	1.8
472	333	3.3
472	352	1.0
472	386	1.9
472	403	2.0
472	461	1.8
472	466	4.1
472	475	2.3
472	486	2.8
472	498	2.9
472	531	1.7
472	541	1.9
472	543	4.1
472	544	1.9
472	546	2.8
472	686	2.1
472	802	2.3
472	907	1.4
472	1032	1.8
472	1379	4.9
472	1400	4.3
472	1455	2.2
472	1456	2.9
472	1613	1.7
472	1672	2.7
472	2081	1.6
472	2085	2.6
472	2990	1.5
472	4463	1.1
472	4814	1.5
472	7268	2.3
472	7269	1.7
472	7270	1.3
477	55	3.7
477	67	3.7
477	71	1.7
477	89	2.9
477	157	1.5
477	161	3.2
477	180	2.0
477	209	1.7
477	257	2.7
477	265	1.2
477	285	2.4
477	288	3.5
477	289	5.0
477	292	4.5
477	295	1.9
477	298	1.9
477	299	2.1
477	300	3.2
477	302	2.3
477	306	2.6
477	314	1.2
477	317	2.0
477	320	1.2
477	328	2.3
477	329	1.5
477	331	2.1
477	333	1.1
477	340	1.8
477	349	1.8
477	378	2.1
477	461	1.3
477	466	2.8
477	475	1.6
477	518	2.6
477	523	1.4
477	525	2.0
477	526	2.4
477	532	1.9
477	689	1.3
477	701	3.9
477	889	2.1
477	903	3.6
477	1062	1.1
477	1098	2.1
477	1580	2.0
477	1688	1.9
477	1934	2.2
477	1990	2.7
477	2083	2.8
477	6448	1.0
479	55	2.2
479	67	2.0
479	89	3.0
479	157	4.7
479	241	2.1
479	257	2.8
479	285	3.9
479	288	4.2
479	289	4.5
479	291	3.6
479	292	5.0
479	293	2.5
479	294	2.4
479	295	3.9
479	299	3.5
479	300	3.9
479	301	4.2
479	302	1.4
479	306	3.1
479	314	3.1
479	318	1.1
479	320	1.9
479	329	3.7
479	330	1.9
479	331	2.8
479	332	1.0
479	333	1.9
479	349	2.5
479	352	1.5
479	458	2.6
479	461	2.8
479	463	1.1
479	466	1.2
479	468	4.5
479	475	4.0
479	484	3.6
479	486	3.8
479	538	2.8
479	540	3.2
479	543	1.0
479	544	1.6
479	701	2.0
479	907	1.5
479	913	1.0
479	1379	1.3
479	1444	1.2
479	2179	1.5
479	2905	2.2
479	3313	1.1
479	7340	1.7
482	56	2.0
482	67	3.3
482	89	3.9
482	157	1.4
482	173	4.5
482	182	1.0
482	190	1.5
482	225	2.7
482	227	2.5
482	228	2.2
482	229	3.1
482	295	1.1
482	300	3.3
482	306	1.2
482	378	2.0
482	412	2.2
482	439	1.8
482	486	2.9
482	498	2.5
482	526	2.7
482	615	5.0
482	679	1.3
482	689	1.5
482	716	1.0
482	1104	2.2
482	1106	3.2
482	1126	1.5
482	1242	1.3
482	1243	1.0
482	1246	1.5
482	1377	2.1
482	1390	1.3
482	1400	1.0
482	1406	1.9
482	1416	2.8
482	1464	1.9
482	1492	1.1
482	1771	2.0
482	1782	1.0
482	2176	3.4
482	2607	1.6
482	2632	1.2
482	2638	2.3
482	3186	1.1
482	7324	2.5
482	7351	3.1
482	7352	2.4
482	7353	2.4
482	7354	1.5
482	7355	1.3
486	55	2.7
486	67	3.0
486	89	3.6
486	157	5.0
486	234	2.4
486	251	1.0
486	257	2.8
486	258	2.1
486	265	2.3
486	285	2.7
486	288	3.1
486	289	4.6
486	291	1.8
486	292	4.7
486	294	1.6
486	295	2.5
486	299	3.6
486	300	3.8
486	302	2.4
486	306	2.7
486	333	2.2
486	346	2.0
486	349	2.2
486	352	1.9
486	475	1.9
486	523	2.3
486	528	1.6
486	543	1.6
486	701	4.7
486	2182	3.6
486	4767	1.9
486	7390	2.4
497	55	1.7
497	67	1.2
497	71	1.6
497	89	3.2
497	97	1.7
497	257	1.7
497	288	5.0
497	289	4.6
497	292	2.1
497	295	2.4
497	298	1.8
497	300	3.7
497	302	1.7
497	306	1.2
497	310	2.9
497	314	1.1
497	325	1.4
497	326	1.7
497	333	2.4
497	352	1.2
497	362	1.2
497	378	1.0
497	464	1.7
497	466	1.9
497	475	1.5
497	498	2.7
497	526	2.5
497	528	1.6
497	532	1.5
497	542	1.1
497	646	1.1
497	679	1.2
497	680	1.2
497	701	2.7
497	704	1.4
497	790	1.6
497	802	1.7
497	903	1.7
497	1032	1.3
497	1034	2.3
497	1045	1.1
497	1392	1.2
497	1451	1.3
497	1613	1.1
497	1659	1.1
497	1934	1.5
497	2020	2.3
497	2083	1.2
497	2094	1.5
497	7461	1.3
518	55	3.2
518	67	5.0
518	89	4.6
518	257	1.0
518	265	1.1
518	288	4.0
518	289	4.7
518	292	4.2
518	295	5.0
518	298	1.1
518	300	3.3
518	306	1.3
518	320	1.4
518	321	2.1
518	333	2.6
518	344	2.8
518	349	2.1
518	378	1.0
518	461	3.8
518	466	2.1
518	475	1.6
518	498	2.1
518	523	1.7
518	524	2.0
518	531	1.4
518	543	1.9
518	679	1.9
518	686	2.5
518	701	2.3
518	790	2.3
518	793	2.3
518	797	1.5
518	802	3.4
518	903	2.7
518	908	1.9
518	913	2.1
518	1032	1.1
518	1043	1.1
518	1054	2.6
518	1447	1.4
518	1659	1.1
518	2080	1.0
518	4350	1.2
518	5749	3.0
518	6646	2.8
518	7702	1.5
518	7703	1.3
518	7704	1.2
518	7705	1.1
518	7706	1.0
534	7	3.9
534	63	2.7
534	67	3.7
534	70	2.7
534	72	5.0
534	89	3.2
534	154	2.0
534	155	1.3
534	161	2.4
534	191	1.0
534	288	4.1
534	289	4.1
534	292	4.0
534	294	2.5
534	295	3.8
534	296	1.4
534	298	2.1
534	299	3.0
534	300	1.8
534	306	3.6
534	308	1.9
534	316	2.1
534	320	1.7
534	328	3.5
534	329	2.1
534	330	1.1
534	331	3.2
534	349	2.3
534	352	2.4
534	405	3.4
534	466	1.2
534	468	1.0
534	475	3.7
534	535	2.2
534	543	2.3
534	679	3.8
534	701	3.5
534	907	1.8
534	1061	4.1
534	1072	2.4
534	1099	1.0
534	1379	2.9
534	1449	1.6
534	1451	1.3
534	1713	2.6
534	1795	1.9
534	2500	2.8
534	2595	1.1
534	2634	1.3
534	3011	1.3
537	88	1.5
537	89	2.6
537	220	1.9
537	234	2.1
537	257	2.0
537	288	4.1
537	289	3.9
537	292	3.6
537	300	2.8
537	301	1.3
537	306	1.9
537	323	1.2
537	325	2.5
537	344	1.7
537	400	2.7
537	461	3.2
537	464	3.3
537	466	2.9
537	498	1.7
537	539	1.8
537	544	1.6
537	614	1.4
537	679	5.0
537	701	2.6
537	790	4.0
537	802	4.5
537	860	1.5
537	955	2.3
537	982	2.1
537	1034	3.3
537	1037	1.5
537	1114	2.7
537	1428	1.5
537	1447	1.0
537	1458	2.9
537	1673	2.6
537	1873	1.5
537	2091	2.5
537	2092	2.8
537	2094	3.3
537	2098	1.0
537	2543	1.2
537	2799	2.8
537	3124	1.5
537	4558	2.8
537	7863	2.3
537	7864	1.5
537	7865	1.2
537	7866	1.2
537	7867	1.1
590	89	4.4
590	157	1.5
590	257	1.9
590	288	2.7
590	289	1.4
590	300	3.5
590	302	4.0
590	304	1.2
590	306	3.8
590	316	1.6
590	327	1.6
590	333	1.0
590	342	1.4
590	349	1.8
590	355	5.0
590	377	1.7
590	458	1.4
590	461	2.5
590	464	3.1
590	466	3.7
590	475	1.6
590	486	3.8
590	498	1.7
590	523	1.4
590	531	1.4
590	545	1.2
590	679	2.5
590	685	1.7
590	691	2.3
590	701	1.7
590	797	1.2
590	907	1.3
590	1458	1.3
590	1470	1.3
590	1681	3.4
590	1775	1.0
590	2548	1.9
590	2591	1.7
590	3171	3.1
590	3384	1.2
590	4291	3.9
590	5099	1.3
590	8358	2.9
590	8359	2.6
590	8360	2.3
590	8361	2.2
590	8362	1.3
590	8363	1.3
590	8364	1.1
590	8365	1.0
638	55	1.6
638	67	1.4
638	71	1.7
638	89	2.1
638	161	1.7
638	257	3.2
638	285	1.4
638	288	2.9
638	289	5.0
638	290	1.7
638	291	2.5
638	292	2.3
638	294	2.5
638	295	2.8
638	296	1.4
638	298	1.3
638	299	3.5
638	300	3.2
638	301	2.0
638	302	1.9
638	306	2.2
638	309	1.6
638	314	1.3
638	318	1.3
638	324	1.6
638	325	2.2
638	329	1.2
638	333	2.0
638	344	1.3
638	349	2.1
638	403	1.2
638	455	2.0
638	461	2.9
638	465	2.4
638	466	1.8
638	475	1.0
638	523	1.1
638	538	2.0
638	543	1.5
638	544	1.7
638	679	2.2
638	701	4.0
638	908	1.6
638	1243	2.3
638	1580	1.4
638	1601	2.2
638	1672	1.7
638	2801	1.1
638	4489	2.7
638	4565	1.4
659	55	4.4
659	67	4.6
659	154	2.4
659	207	1.4
659	257	1.3
659	285	2.4
659	288	1.5
659	289	4.5
659	291	1.3
659	292	4.9
659	293	1.2
659	299	2.8
659	311	1.2
659	314	2.4
659	316	1.1
659	322	2.0
659	349	3.6
659	354	3.1
659	360	1.1
659	374	1.0
659	375	1.7
659	389	1.0
659	456	3.1
659	465	4.3
659	467	1.8
659	486	2.1
659	523	2.0
659	543	1.1
659	646	1.6
659	787	3.5
659	790	1.2
659	794	1.3
659	891	2.4
659	906	1.2
659	1459	2.2
659	1580	1.6
659	1596	1.5
659	1918	1.5
659	1929	1.1
659	1988	3.2
659	2094	1.6
659	2102	3.9
659	2376	1.4
659	2523	1.8
659	3324	2.7
659	3570	4.5
659	5574	5.0
659	5767	2.4
659	6397	1.0
659	9013	2.0
667	67	1.6
667	89	3.9
667	157	1.8
667	257	1.8
667	288	3.3
667	289	5.0
667	291	2.1
667	292	2.3
667	293	1.2
667	295	3.6
667	300	3.1
667	302	2.3
667	306	4.0
667	309	1.5
667	314	1.7
667	318	1.8
667	320	1.0
667	324	1.8
667	325	1.1
667	328	2.2
667	330	1.9
667	333	1.3
667	344	1.4
667	349	2.9
667	461	2.9
667	464	1.9
667	466	2.6
667	468	1.5
667	484	1.6
667	498	2.6
667	511	1.5
667	525	1.3
667	531	1.6
667	538	1.0
667	540	1.4
667	545	1.9
667	546	1.8
667	701	2.8
667	793	2.2
667	907	1.8
667	1037	1.8
667	1241	1.0
667	1444	1.1
667	1449	1.1
667	1453	1.8
667	1456	1.0
667	1613	1.6
667	5947	1.7
667	7340	1.6
667	7868	1.2
684	67	3.2
684	161	1.8
684	257	2.2
684	288	4.6
684	289	5.0
684	290	1.1
684	291	1.6
684	292	4.1
684	294	1.9
684	295	3.8
684	296	2.0
684	299	2.8
684	300	3.5
684	301	1.4
684	302	2.5
684	306	1.7
684	309	1.0
684	318	1.9
684	323	2.1
684	325	1.7
684	327	1.3
684	328	1.5
684	331	1.1
684	332	1.4
684	333	2.7
684	344	2.6
684	349	2.3
684	352	2.2
684	461	3.3
684	466	2.8
684	468	1.6
684	475	1.8
684	498	1.3
684	523	2.9
684	525	1.0
684	543	2.3
684	544	1.4
684	686	1.0
684	701	1.5
684	704	1.0
684	972	1.9
684	1032	1.2
684	1037	2.8
684	1451	3.0
684	2020	1.9
684	3397	1.3
684	4814	1.4
684	9257	2.0
684	9258	1.9
684	9259	1.8
690	55	4.4
690	58	1.8
690	67	5.0
690	89	3.6
690	167	1.7
690	229	3.2
690	257	3.4
690	261	3.2
690	285	2.7
690	288	3.5
690	289	3.9
690	291	1.2
690	292	4.4
690	294	1.7
690	295	1.7
690	299	4.5
690	300	3.7
690	301	2.1
690	302	1.8
690	306	1.1
690	310	3.1
690	333	1.1
690	340	1.1
690	344	1.2
690	352	3.7
690	389	1.6
690	461	1.1
690	466	2.6
690	525	2.4
690	535	2.7
690	543	2.3
690	544	1.3
690	641	1.7
690	686	1.0
690	701	3.6
690	787	3.1
690	790	2.7
690	792	2.9
690	802	1.7
690	889	2.4
690	906	2.6
690	915	1.2
690	1037	1.9
690	1090	1.4
690	1098	3.9
690	2083	3.7
690	2521	2.9
690	4260	1.0
690	5533	1.0
690	8409	1.2
701	89	5.0
701	161	1.8
701	257	1.1
701	288	4.2
701	289	3.5
701	292	1.5
701	295	1.0
701	300	3.3
701	306	1.7
701	329	3.1
701	466	1.5
702	67	2.0
702	89	1.9
702	157	2.3
702	161	1.4
702	257	2.4
702	262	3.1
702	285	1.8
702	288	5.0
702	289	2.6
702	290	1.1
702	292	2.5
702	295	2.8
702	299	2.5
702	301	1.1
702	302	1.3
702	306	2.9
702	310	1.8
702	314	4.6
702	317	2.0
702	320	2.2
702	322	1.9
702	325	1.6
702	327	1.2
702	328	1.0
702	329	3.5
702	332	2.0
702	333	3.0
702	349	1.4
702	352	1.2
702	455	1.1
702	456	2.4
702	466	1.6
702	475	2.5
702	476	1.2
702	481	1.1
702	484	1.8
702	498	1.3
702	525	1.3
702	528	1.0
702	699	1.4
702	907	1.1
702	908	1.5
702	1457	2.2
702	2220	2.1
702	2977	2.9
702	3498	2.5
702	4560	1.6
702	5953	2.2
702	5988	2.4
702	9371	1.2
703	55	2.4
703	67	1.1
703	89	5.0
703	246	1.3
703	283	1.0
703	288	4.0
703	289	4.7
703	292	4.0
703	295	1.7
703	299	1.5
703	300	3.8
703	302	1.8
703	306	1.7
703	320	1.8
703	328	1.3
703	333	2.7
703	349	1.0
703	355	1.2
703	458	1.5
703	461	2.5
703	466	3.9
703	475	1.7
703	543	1.3
703	679	3.1
703	790	1.6
703	802	1.3
703	903	1.9
703	1032	2.1
703	1043	1.3
703	1246	1.1
703	1452	2.0
703	1455	1.6
703	2176	1.3
703	2543	2.6
703	4463	1.8
703	4464	1.4
703	4577	1.2
703	5268	1.4
703	6722	1.3
703	9169	1.7
703	9372	1.6
703	9373	1.5
703	9374	1.4
703	9375	1.3
703	9376	1.3
703	9377	1.3
703	9378	1.2
703	9379	1.1
703	9380	1.1
703	9381	1.1
723	55	1.3
723	67	1.2
723	89	2.7
723	157	1.8
723	184	1.4
723	190	1.1
723	257	1.8
723	288	3.4
723	289	3.5
723	290	1.0
723	292	4.1
723	294	1.4
723	295	2.6
723	298	1.8
723	299	1.9
723	300	2.3
723	302	1.1
723	309	1.1
723	310	1.4
723	313	2.4
723	318	1.5
723	324	1.0
723	328	1.1
723	332	1.0
723	333	2.2
723	342	2.8
723	344	3.6
723	349	1.9
723	352	1.0
723	355	2.8
723	461	1.3
723	466	2.6
723	475	1.4
723	531	1.3
723	544	3.8
723	679	1.5
723	691	1.4
723	701	5.0
723	1032	1.1
723	1459	1.4
723	1475	1.9
723	2052	1.1
723	2805	1.1
723	3173	2.0
723	4618	1.4
723	5472	1.2
723	9546	1.4
723	9547	1.2
723	9548	1.2
723	9549	1.0
757	89	3.5
757	157	4.3
757	161	4.3
757	184	1.6
757	230	1.6
757	257	2.5
757	265	2.8
757	288	4.4
757	289	4.3
757	291	2.9
757	292	3.0
757	294	1.5
757	295	4.6
757	300	3.9
757	302	2.9
757	306	4.3
757	327	3.1
757	329	3.5
757	330	2.8
757	331	1.3
757	352	2.7
757	456	2.2
757	461	4.2
757	462	3.1
757	466	4.2
757	468	3.2
757	475	4.3
757	484	1.2
757	486	2.0
757	531	2.5
757	538	2.1
757	544	1.8
757	701	5.0
757	903	1.6
757	907	3.5
757	1037	2.5
757	1042	3.3
757	1052	1.1
757	1452	2.1
757	1455	2.4
757	1613	3.1
757	4562	1.3
757	9844	3.4
757	9845	3.1
757	9846	1.8
757	9847	1.5
757	9848	1.4
757	9849	1.1
757	9850	1.1
757	9851	1.0
770	67	1.5
770	89	3.1
770	161	2.0
770	191	1.4
770	229	1.5
770	230	1.0
770	288	3.2
770	289	1.4
770	292	1.7
770	294	1.3
770	295	2.0
770	300	1.0
770	302	2.5
770	306	2.3
770	308	1.7
770	310	5.0
770	320	1.1
770	328	2.2
770	329	1.3
770	377	2.4
770	386	2.5
770	403	1.1
770	471	1.5
770	498	2.3
770	525	1.9
770	538	1.4
770	545	1.0
770	641	1.4
770	701	3.0
770	907	2.5
770	972	1.4
770	1009	1.1
770	1449	1.6
770	1678	1.2
770	1863	1.0
770	2083	1.9
770	2440	1.6
770	2498	1.7
770	3171	1.0
770	3316	1.3
770	3985	1.6
770	4024	1.7
770	4817	1.7
770	5731	1.1
770	5947	1.0
770	6309	1.2
770	6317	1.4
770	6376	1.5
770	9898	1.2
770	9899	1.1
778	7	1.0
778	55	2.3
778	67	1.7
778	89	2.5
778	209	1.6
778	251	1.2
778	257	5.0
778	265	2.2
778	279	4.6
778	285	2.7
778	288	1.6
778	289	4.8
778	290	2.3
778	291	2.4
778	292	2.9
778	293	1.5
778	299	1.7
778	300	3.1
778	302	2.8
778	304	1.4
778	311	2.2
778	314	1.7
778	318	2.1
778	325	2.0
778	326	2.6
778	342	3.4
778	344	1.9
778	349	1.4
778	355	3.0
778	461	2.5
778	464	1.3
778	466	3.4
778	485	1.5
778	498	3.2
778	523	1.8
778	538	1.8
778	548	2.0
778	602	1.7
778	679	1.1
778	682	2.8
778	691	1.6
778	701	2.6
778	3081	1.7
778	4566	3.1
778	4619	1.9
778	4710	1.9
778	5746	1.4
778	8155	1.4
778	9976	2.0
778	9977	1.4
781	89	3.2
781	257	1.2
781	288	4.3
781	289	5.0
781	290	2.5
781	291	2.6
781	292	4.9
781	294	2.4
781	295	4.0
781	296	2.7
781	299	2.8
781	300	3.6
781	301	1.9
781	302	1.1
781	306	1.5
781	308	2.3
781	317	1.5
781	320	2.4
781	323	1.5
781	325	2.0
781	327	1.5
781	328	1.2
781	329	1.5
781	333	1.3
781	344	1.8
781	349	3.8
781	352	1.1
781	386	1.2
781	458	1.5
781	466	2.7
781	468	1.2
781	484	1.8
781	528	1.9
781	538	1.3
781	543	1.5
781	679	2.8
781	680	1.1
781	681	2.9
781	686	2.8
781	699	2.0
781	701	2.1
781	797	1.9
781	913	1.2
781	1032	1.7
781	1042	1.3
781	1051	1.0
781	1458	1.3
781	2083	1.0
781	2392	1.7
781	7340	1.5
795	55	4.6
795	65	2.7
795	67	3.5
795	89	2.5
795	157	1.9
795	161	2.8
795	191	1.7
795	241	1.1
795	257	1.9
795	258	1.6
795	285	1.5
795	288	3.2
795	289	5.0
795	292	3.2
795	295	2.3
795	296	1.7
795	298	3.3
795	300	3.0
795	310	2.4
795	316	1.8
795	327	1.8
795	328	1.2
795	331	2.3
795	333	1.0
795	349	3.0
795	352	2.2
795	377	2.1
795	405	1.3
795	455	3.0
795	458	2.0
795	461	3.9
795	465	1.4
795	466	2.7
795	468	2.4
795	478	2.1
795	523	2.5
795	543	1.3
795	544	1.1
795	644	1.1
795	686	1.1
795	701	1.9
795	798	2.1
795	907	1.6
795	972	2.7
795	1573	2.4
795	1574	1.1
795	3501	1.1
795	4688	3.2
795	8002	1.0
795	8008	1.4
809	67	1.0
809	89	5.0
809	155	1.7
809	161	4.0
809	190	1.3
809	288	4.2
809	289	4.5
809	295	4.0
809	299	2.5
809	300	4.0
809	301	1.3
809	302	2.5
809	306	3.1
809	314	1.4
809	320	1.3
809	325	1.1
809	328	1.4
809	333	1.1
809	349	3.2
809	377	1.2
809	378	1.5
809	466	4.1
809	468	1.7
809	486	2.3
809	525	1.7
809	528	2.9
809	531	2.1
809	538	1.4
809	541	2.2
809	542	2.3
809	543	2.8
809	544	3.0
809	679	3.8
809	701	2.7
809	790	1.3
809	802	2.1
809	1034	1.6
809	1037	2.0
809	1052	1.4
809	1104	1.2
809	1429	3.1
809	1444	1.9
809	1452	2.6
809	1453	2.4
809	1456	3.2
809	1475	4.4
809	2025	1.3
809	3179	1.1
809	5463	2.3
809	7994	4.0
826	88	1.7
826	89	3.1
826	173	1.2
826	190	2.0
826	289	4.4
826	300	3.2
826	374	3.8
826	375	1.3
826	377	3.6
826	461	2.3
826	466	3.5
826	475	1.9
826	486	1.8
826	488	2.1
826	500	1.6
826	518	1.4
826	534	1.1
826	546	2.6
826	701	5.0
826	704	3.1
826	707	2.3
826	923	1.4
826	930	2.4
826	1081	1.3
826	1104	2.3
826	1338	2.2
826	1410	2.2
826	1452	1.8
826	1456	1.4
826	1463	2.0
826	1913	1.8
826	2009	1.5
826	2102	2.3
826	2963	1.4
826	3324	2.2
826	4575	3.0
826	5083	3.4
826	9462	2.2
826	10429	3.7
826	10430	3.4
826	10431	2.2
826	10432	2.0
826	10433	1.8
826	10434	1.8
826	10435	1.4
826	10436	1.3
826	10437	1.3
826	10438	1.3
826	10439	1.3
826	10440	1.0
836	55	2.9
836	58	1.1
836	67	2.2
836	77	1.4
836	157	3.5
836	161	2.8
836	251	1.5
836	257	4.5
836	262	2.0
836	265	1.4
836	266	1.0
836	272	1.3
836	285	1.8
836	292	5.0
836	294	2.1
836	299	2.5
836	301	3.8
836	302	3.1
836	306	1.9
836	316	1.8
836	329	2.5
836	362	2.4
836	423	1.7
836	525	2.3
836	534	3.2
836	689	2.8
836	697	2.5
836	701	4.4
836	1076	2.0
836	1475	1.7
836	1601	2.8
836	1772	1.8
836	2175	1.6
836	2220	2.6
836	3237	1.9
836	3672	1.8
836	4619	1.1
836	4704	1.1
836	4883	2.0
836	4920	1.3
836	5746	2.9
836	6317	1.0
836	6385	1.6
836	6426	1.2
836	8878	1.2
836	10510	2.2
836	10511	1.8
836	10512	1.3
836	10513	1.2
836	10514	1.2
852	55	2.8
852	67	1.2
852	71	1.0
852	89	2.4
852	230	1.4
852	257	1.3
852	288	2.4
852	289	3.6
852	290	1.5
852	291	2.2
852	292	3.8
852	294	1.1
852	295	2.2
852	296	1.8
852	298	1.0
852	300	3.3
852	301	1.6
852	306	1.2
852	311	3.2
852	317	1.5
852	318	2.7
852	323	2.9
852	325	1.6
852	333	1.0
852	349	2.5
852	352	2.0
852	374	2.3
852	375	1.5
852	455	3.4
852	461	1.9
852	466	2.3
852	479	1.1
852	525	2.8
852	528	1.7
852	543	1.3
852	686	1.3
852	689	2.2
852	906	5.0
852	908	1.7
852	1034	1.5
852	1459	1.4
852	1519	1.9
852	1684	1.9
852	1694	1.1
852	2083	1.2
852	2521	3.9
852	2607	1.2
852	3201	2.9
852	5533	1.5
852	8654	2.5
861	89	2.7
861	209	2.5
861	257	1.6
861	289	2.0
861	291	2.5
861	292	3.0
861	295	4.0
861	298	1.6
861	300	3.2
861	302	2.5
861	307	2.4
861	311	2.8
861	320	1.9
861	333	5.0
861	344	1.5
861	403	1.4
861	412	1.0
861	430	1.0
861	498	1.4
861	523	2.1
861	542	2.5
861	687	1.2
861	693	1.8
861	903	1.8
861	913	2.1
861	974	1.3
861	1052	2.2
861	1182	1.7
861	1186	1.6
861	1198	1.1
861	1243	1.6
861	1463	1.0
861	2082	1.7
861	2094	2.3
861	2546	1.8
861	2839	1.1
861	3081	1.5
861	3489	4.1
861	4436	1.7
861	4488	1.5
861	5036	1.4
861	6233	2.2
861	7448	1.1
861	7449	2.5
861	7835	1.2
861	9079	1.0
861	10677	2.8
861	10678	1.5
861	10679	1.5
861	10680	1.4
878	89	3.5
878	288	3.0
878	289	3.5
878	290	1.5
878	291	2.6
878	292	1.4
878	295	1.0
878	299	1.9
878	300	3.5
878	302	2.2
878	308	1.0
878	309	2.7
878	314	1.2
878	317	1.6
878	318	2.2
878	321	1.2
878	325	2.4
878	333	2.2
878	344	2.1
878	349	2.2
878	378	1.8
878	461	2.9
878	466	3.3
878	468	1.7
878	498	1.6
878	531	1.2
878	681	5.0
878	686	2.8
878	701	1.6
878	793	2.6
878	797	1.6
878	907	1.3
878	1021	1.0
878	1032	1.7
878	1037	1.6
878	1054	1.0
878	1198	2.0
878	1451	1.7
878	1452	1.5
878	1453	1.4
878	2247	1.5
878	2990	1.1
878	4879	2.1
878	8378	2.0
878	10778	2.4
878	10779	2.0
878	10780	1.8
878	10781	1.8
878	10782	1.7
878	10783	1.3
882	89	3.5
882	157	1.4
882	257	1.3
882	288	5.0
882	289	1.1
882	292	1.0
882	295	1.2
882	299	1.3
882	300	3.5
882	302	1.7
882	367	1.7
882	374	2.9
882	386	1.7
882	397	2.7
882	400	2.4
882	409	2.4
882	461	1.3
882	466	2.2
882	475	1.8
882	526	1.3
882	544	1.7
882	701	2.6
882	707	1.3
882	930	2.4
882	951	1.5
882	1032	3.4
882	1034	3.4
882	1037	2.2
882	1114	3.2
882	1249	3.3
882	1453	1.4
882	1613	1.3
882	1659	1.3
882	1691	1.2
882	1904	2.0
882	1910	1.8
882	1932	2.0
882	2094	3.1
882	2102	2.4
882	2502	1.7
882	3324	1.5
882	3708	1.2
882	6690	1.5
882	7160	1.2
882	8392	1.1
882	10807	2.4
882	10808	2.0
882	10809	2.0
882	10810	1.6
882	10811	1.3
905	55	1.9
905	65	3.4
905	67	2.5
905	89	5.0
905	97	2.8
905	230	1.0
905	288	4.1
905	289	4.3
905	291	1.3
905	292	3.5
905	295	4.3
905	298	4.7
905	300	4.3
905	302	1.5
905	306	2.6
905	310	1.9
905	320	2.5
905	321	1.2
905	327	1.3
905	329	4.1
905	331	4.8
905	342	1.6
905	349	1.2
905	412	1.5
905	461	2.1
905	464	3.2
905	466	4.1
905	475	1.8
905	484	1.0
905	486	1.2
905	498	1.5
905	525	1.5
905	545	2.3
905	546	3.6
905	679	3.1
905	701	2.1
905	903	4.1
905	907	1.8
905	1032	1.8
905	1037	2.6
905	1047	1.0
905	1455	1.3
905	1934	1.2
905	2544	1.6
905	2598	1.1
905	3057	2.0
905	3200	2.6
905	3378	1.2
905	4837	1.1
905	10571	1.5
910	55	5.0
910	58	2.5
910	89	2.5
910	241	1.5
910	251	1.4
910	257	2.2
910	265	1.8
910	279	1.9
910	285	1.2
910	288	2.1
910	289	2.3
910	291	1.0
910	292	3.6
910	294	2.1
910	295	3.0
910	296	3.0
910	299	2.0
910	305	1.0
910	308	2.2
910	309	1.3
910	311	1.3
910	314	2.2
910	322	1.3
910	323	2.1
910	328	1.0
910	332	1.2
910	349	3.4
910	352	1.2
910	535	2.1
910	543	2.8
910	548	1.3
910	697	1.9
910	701	3.2
910	906	1.0
910	915	2.2
910	1934	1.5
910	1936	1.3
910	1937	1.4
910	3500	1.7
910	4563	1.7
910	4566	1.7
910	4572	1.8
910	7781	1.8
910	8605	1.3
910	8765	2.0
910	10987	2.1
910	10988	1.5
910	10989	1.4
910	10990	1.4
910	10991	1.4
965	55	2.9
965	67	3.8
965	89	2.6
965	97	1.1
965	157	1.9
965	161	1.0
965	257	3.0
965	285	3.3
965	288	3.3
965	289	5.0
965	291	2.2
965	292	4.5
965	293	1.1
965	294	1.2
965	295	1.9
965	298	2.5
965	299	3.3
965	300	3.2
965	302	2.7
965	306	1.8
965	314	2.2
965	318	2.3
965	320	1.0
965	325	2.6
965	329	1.3
965	333	3.4
965	340	1.5
965	344	2.5
965	349	1.3
965	352	1.4
965	360	1.7
965	455	1.5
965	458	1.4
965	461	2.0
965	465	1.2
965	466	3.2
965	523	2.7
965	525	2.4
965	528	1.1
965	544	1.6
965	679	3.7
965	686	1.8
965	701	3.1
965	889	3.5
965	1451	1.2
965	1580	1.3
965	2020	1.6
965	2094	1.3
965	2523	1.4
965	2801	1.2
966	55	1.2
966	65	1.0
966	67	1.6
966	89	2.8
966	154	1.3
966	191	1.7
966	228	1.1
966	288	4.7
966	289	3.8
966	292	3.5
966	295	3.1
966	300	2.0
966	301	1.8
966	302	1.8
966	306	3.6
966	310	2.2
966	314	3.6
966	317	1.7
966	320	2.4
966	327	2.2
966	328	4.2
966	329	5.0
966	330	1.2
966	331	2.5
966	333	3.3
966	349	3.2
966	424	1.1
966	458	1.0
966	464	1.3
966	466	4.3
966	485	1.4
966	498	1.9
966	523	2.4
966	526	1.8
966	543	2.7
966	679	1.6
966	701	2.1
966	907	2.5
966	1378	1.6
966	1449	1.9
966	1451	2.0
966	1632	1.3
966	2020	3.4
966	2025	2.3
966	2521	2.8
966	3404	1.5
966	3756	1.8
966	4432	1.4
966	8155	1.6
966	8721	1.0
984	67	3.7
984	89	5.0
984	161	3.5
984	190	1.7
984	191	1.5
984	288	5.0
984	289	4.9
984	295	3.0
984	300	3.8
984	302	2.5
984	306	2.7
984	317	1.4
984	328	2.3
984	329	1.8
984	331	3.0
984	333	1.4
984	344	1.4
984	352	1.8
984	371	2.8
984	377	2.8
984	386	1.3
984	458	2.1
984	464	4.4
984	466	2.1
984	475	3.1
984	486	1.0
984	502	1.7
984	518	1.2
984	545	1.0
984	547	1.0
984	674	1.7
984	679	3.7
984	701	3.5
984	907	1.5
984	1441	2.6
984	1449	3.3
984	1452	3.7
984	1455	3.0
984	1470	3.5
984	1576	2.7
984	3123	1.4
984	4242	1.2
984	4688	1.0
984	4814	1.1
984	9684	2.6
984	11574	3.3
984	11575	3.2
984	11576	2.8
984	11577	2.6
984	11578	1.6
985	55	1.4
985	67	5.0
985	89	4.1
985	157	4.6
985	161	1.1
985	265	1.1
985	283	1.8
985	285	2.4
985	288	3.5
985	291	1.9
985	292	4.6
985	295	3.5
985	299	2.5
985	300	2.2
985	302	2.9
985	306	2.1
985	310	3.7
985	314	2.0
985	316	2.6
985	320	1.8
985	325	1.5
985	328	1.2
985	329	2.9
985	333	2.0
985	349	2.7
985	360	1.4
985	377	1.5
985	378	2.7
985	484	1.1
985	498	1.4
985	525	2.7
985	526	2.0
985	534	2.4
985	538	1.4
985	542	2.3
985	701	3.2
985	714	2.5
985	727	2.7
985	903	1.0
985	907	2.3
985	913	2.0
985	972	2.2
985	1032	1.2
985	1052	1.1
985	1243	2.7
985	1464	1.7
985	3313	1.0
985	3992	1.7
985	6777	1.3
985	11579	1.1
987	67	1.4
987	89	3.7
987	97	2.5
987	257	1.7
987	288	3.1
987	289	2.4
987	291	1.1
987	292	4.7
987	294	2.3
987	295	3.9
987	298	1.7
987	299	2.0
987	300	2.3
987	301	1.4
987	308	4.0
987	309	2.3
987	317	2.6
987	325	1.5
987	344	2.0
987	349	3.8
987	466	2.6
987	525	2.1
987	528	3.1
987	538	1.0
987	543	1.9
987	545	1.4
987	689	1.9
987	907	1.3
987	913	1.4
987	1032	2.2
987	1127	1.5
987	1243	1.4
987	1451	5.0
987	1452	1.8
987	1456	1.0
987	1459	2.0
987	1486	3.1
987	1934	3.3
987	1936	2.5
987	2392	1.2
987	3194	1.9
987	3397	1.7
987	3399	1.8
987	4562	1.1
987	5150	1.2
987	7393	2.6
987	8364	1.3
987	11582	2.0
987	11583	1.8
987	11584	1.3
1033	55	2.8
1033	67	5.0
1033	89	1.5
1033	97	1.8
1033	155	3.4
1033	180	2.4
1033	258	2.6
1033	265	1.2
1033	288	3.8
1033	289	1.6
1033	291	2.4
1033	292	4.2
1033	294	2.9
1033	295	1.3
1033	300	3.3
1033	301	1.7
1033	302	4.1
1033	306	2.9
1033	310	3.2
1033	329	2.3
1033	333	2.7
1033	340	4.2
1033	346	2.3
1033	349	1.3
1033	466	3.3
1033	475	3.2
1033	485	2.9
1033	690	2.4
1033	691	1.0
1033	701	2.6
1033	959	2.2
1033	1042	2.1
1033	1052	1.5
1033	1379	1.8
1033	1455	2.1
1033	1463	3.2
1033	1601	1.2
1033	1805	2.4
1033	1934	3.2
1033	2024	2.0
1033	2521	1.3
1033	3491	1.4
1033	3795	1.2
1033	4767	2.2
1033	5000	1.8
1033	7340	1.4
1033	7868	1.0
1033	11452	1.6
1033	11889	2.1
1033	11890	1.1
1042	65	2.3
1042	67	1.8
1042	89	2.8
1042	155	2.2
1042	191	1.4
1042	228	3.7
1042	289	3.2
1042	291	1.4
1042	292	1.3
1042	294	2.0
1042	295	3.1
1042	300	2.6
1042	302	1.7
1042	304	2.8
1042	318	1.1
1042	324	3.6
1042	325	1.6
1042	326	1.0
1042	328	2.2
1042	329	4.3
1042	333	1.3
1042	349	3.3
1042	403	1.5
1042	461	1.0
1042	464	2.9
1042	465	1.9
1042	466	3.5
1042	475	1.2
1042	498	1.5
1042	540	1.2
1042	686	1.3
1042	689	2.9
1042	699	2.3
1042	701	5.0
1042	703	1.4
1042	907	1.1
1042	1043	2.8
1042	1246	2.3
1042	1455	1.1
1042	1873	2.6
1042	1985	3.0
1042	3739	1.2
1042	5746	1.8
1042	6308	2.0
1042	8372	2.0
1042	9079	1.4
1042	11940	2.4
1042	11941	2.2
1042	11942	1.6
1042	11943	1.5
1046	55	1.8
1046	67	1.4
1046	89	4.5
1046	257	2.2
1046	288	3.5
1046	289	3.4
1046	292	3.7
1046	295	2.7
1046	299	1.6
1046	300	3.8
1046	301	1.3
1046	302	2.4
1046	306	2.2
1046	314	1.1
1046	317	2.2
1046	325	2.0
1046	333	2.1
1046	344	2.1
1046	349	1.9
1046	352	1.8
1046	458	3.0
1046	461	5.0
1046	464	2.1
1046	466	4.4
1046	498	1.4
1046	524	3.2
1046	528	1.8
1046	531	1.5
1046	544	1.6
1046	679	4.3
1046	681	1.6
1046	686	3.3
1046	689	1.3
1046	701	3.0
1046	790	1.4
1046	793	2.4
1046	797	1.8
1046	802	1.0
1046	1037	3.2
1046	1054	1.6
1046	1452	1.0
1046	1456	1.0
1046	1458	1.4
1046	2020	1.1
1046	2084	1.0
1046	2548	1.8
1046	2984	1.4
1046	4561	1.1
1046	4562	1.5
1046	11976	1.9
1058	89	4.1
1058	161	1.7
1058	288	3.8
1058	289	5.0
1058	290	1.7
1058	292	4.3
1058	295	3.2
1058	300	4.6
1058	302	1.0
1058	304	1.5
1058	306	3.6
1058	308	1.4
1058	321	3.1
1058	323	1.7
1058	324	1.9
1058	328	3.0
1058	332	1.7
1058	344	2.1
1058	366	1.4
1058	458	4.9
1058	461	4.6
1058	464	1.4
1058	466	2.4
1058	484	1.5
1058	544	3.8
1058	669	2.5
1058	679	2.5
1058	680	2.7
1058	681	2.8
1058	685	2.4
1058	686	1.9
1058	701	1.5
1058	793	1.0
1058	802	4.7
1058	1045	2.1
1058	1451	1.6
1058	1453	3.0
1058	1459	2.1
1058	1659	2.9
1058	2080	1.1
1058	2984	4.2
1058	3125	1.4
1058	3377	2.9
1058	3393	3.8
1058	4561	1.5
1058	5749	2.0
1058	6612	1.2
1058	7086	1.5
1058	12039	2.2
1058	12040	1.6
1071	55	2.7
1071	65	2.2
1071	67	2.8
1071	89	3.6
1071	161	1.6
1071	190	1.1
1071	228	1.6
1071	257	2.8
1071	288	3.3
1071	289	3.8
1071	291	2.2
1071	292	5.0
1071	293	1.2
1071	294	1.9
1071	295	3.1
1071	298	1.9
1071	299	1.7
1071	300	3.1
1071	301	1.5
1071	302	2.8
1071	306	3.7
1071	310	2.1
1071	311	1.4
1071	318	1.3
1071	320	3.0
1071	325	1.5
1071	328	2.5
1071	329	1.2
1071	330	1.3
1071	333	2.5
1071	349	2.8
1071	378	1.5
1071	386	1.0
1071	412	1.3
1071	461	1.7
1071	464	1.2
1071	466	2.4
1071	498	2.4
1071	525	1.3
1071	544	2.3
1071	546	1.2
1071	701	2.7
1071	903	1.8
1071	972	2.2
1071	1034	1.3
1071	1042	1.5
1071	1062	1.2
1071	1449	1.0
1071	1613	1.2
1071	9766	1.0
1106	55	1.6
1106	65	1.1
1106	67	4.0
1106	89	3.5
1106	157	1.0
1106	191	2.5
1106	251	1.9
1106	265	2.7
1106	288	2.6
1106	289	3.7
1106	290	2.6
1106	291	3.6
1106	292	2.0
1106	294	2.9
1106	295	2.4
1106	298	2.5
1106	300	3.5
1106	301	2.8
1106	302	2.8
1106	304	3.6
1106	306	1.4
1106	316	3.8
1106	356	1.3
1106	360	1.7
1106	364	3.4
1106	378	1.4
1106	455	2.2
1106	461	3.9
1106	464	3.4
1106	466	3.8
1106	475	2.2
1106	531	1.8
1106	545	1.7
1106	679	1.6
1106	701	3.6
1106	892	1.3
1106	1447	3.2
1106	1456	2.2
1106	1459	5.0
1106	1489	2.4
1106	1684	2.0
1106	1772	1.6
1106	1934	1.6
1106	2437	1.8
1106	2977	2.8
1106	3460	3.3
1106	3584	2.2
1106	5267	2.4
1106	12356	3.9
1106	12357	1.1
1135	55	2.9
1135	67	2.9
1135	89	5.0
1135	157	1.5
1135	220	1.4
1135	265	2.4
1135	288	3.1
1135	289	2.9
1135	292	3.3
1135	293	2.3
1135	295	3.0
1135	296	1.0
1135	298	1.2
1135	299	1.6
1135	300	2.9
1135	302	1.5
1135	306	1.3
1135	310	1.3
1135	325	1.5
1135	333	1.5
1135	340	2.1
1135	344	1.3
1135	461	2.2
1135	464	1.6
1135	466	3.0
1135	470	2.5
1135	498	1.1
1135	524	2.2
1135	525	2.9
1135	542	1.3
1135	544	3.2
1135	646	1.3
1135	679	1.8
1135	689	2.2
1135	701	1.0
1135	802	2.1
1135	889	2.9
1135	903	2.0
1135	1032	2.2
1135	1034	1.9
1135	1037	1.3
1135	1045	1.9
1135	1246	1.0
1135	1452	1.2
1135	1868	1.4
1135	2548	1.3
1135	4291	1.7
1135	4560	1.1
1135	6132	1.0
1135	12574	2.4
1171	7	1.0
1171	55	1.3
1171	67	2.2
1171	89	2.7
1171	157	1.9
1171	190	1.0
1171	251	1.2
1171	257	1.4
1171	288	2.8
1171	289	2.8
1171	292	3.4
1171	294	2.6
1171	295	2.3
1171	299	1.9
1171	301	1.4
1171	306	1.5
1171	498	1.1
1171	641	2.7
1171	701	3.5
1171	787	1.4
1171	792	1.0
1171	1440	1.7
1171	1475	1.1
1171	2053	1.0
1171	2390	5.0
1171	2395	1.4
1171	2523	1.3
1171	3060	1.4
1171	3063	1.9
1171	3462	1.0
1171	4702	3.3
1171	4817	2.5
1171	5249	2.4
1171	6000	1.1
1171	6505	1.1
1171	7623	1.5
1171	7837	1.6
1171	7846	2.4
1171	8409	1.4
1171	9183	1.9
1171	9777	1.8
1171	12561	2.2
1171	12920	3.8
1171	12921	2.0
1171	12922	1.9
1171	12923	1.7
1171	12924	1.5
1171	12925	1.5
1171	12926	1.2
1171	12927	1.1
1179	65	4.6
1179	89	2.9
1179	97	2.4
1179	220	3.8
1179	228	1.1
1179	288	2.5
1179	289	4.8
1179	291	1.1
1179	292	2.1
1179	295	2.1
1179	297	1.6
1179	300	5.0
1179	306	3.9
1179	308	1.2
1179	328	3.2
1179	430	1.2
1179	439	2.4
1179	461	1.6
1179	464	3.4
1179	466	4.1
1179	498	2.3
1179	530	1.4
1179	533	4.5
1179	538	2.1
1179	545	1.0
1179	546	2.5
1179	683	1.6
1179	701	1.1
1179	704	2.0
1179	1042	4.0
1179	1241	2.8
1179	1377	1.9
1179	1449	1.7
1179	1456	1.4
1179	1509	1.8
1179	1613	1.3
1179	1681	1.3
1179	1776	2.9
1179	2080	1.1
1179	3171	1.3
1179	3462	2.0
1179	4716	1.1
1179	6528	3.1
1179	7868	1.5
1179	8155	2.7
1179	8161	1.3
1179	12964	3.3
1179	12965	1.6
1179	12966	1.5
1179	12967	1.0
1188	55	4.5
1188	64	2.0
1188	89	5.0
1188	184	1.7
1188	207	1.7
1188	229	2.2
1188	288	3.5
1188	289	3.3
1188	292	2.3
1188	295	2.7
1188	298	1.0
1188	300	3.8
1188	423	1.1
1188	432	1.1
1188	526	4.3
1188	530	2.0
1188	532	4.5
1188	548	3.7
1188	690	1.3
1188	697	2.0
1188	703	1.7
1188	895	2.7
1188	1032	3.5
1188	1062	1.1
1188	1097	1.1
1188	1098	2.7
1188	1106	3.5
1188	1398	1.7
1188	1400	3.1
1188	1409	3.2
1188	1609	2.1
1188	1983	2.9
1188	2083	1.0
1188	2521	3.5
1188	3110	2.6
1188	3128	1.1
1188	3200	3.2
1188	3288	3.0
1188	3502	2.4
1188	3730	3.0
1188	4704	2.9
1188	5149	1.1
1188	5547	3.0
1188	6453	2.5
1188	6615	1.3
1188	7071	1.6
1188	7324	2.4
1188	8589	1.4
1188	13007	2.7
1188	13008	2.3
1198	55	2.6
1198	89	5.0
1198	207	2.1
1198	209	1.2
1198	227	3.1
1198	288	1.2
1198	289	3.2
1198	291	2.0
1198	292	2.8
1198	298	1.3
1198	300	3.7
1198	302	2.0
1198	306	2.4
1198	324	1.5
1198	325	1.1
1198	328	1.5
1198	333	1.1
1198	375	2.7
1198	386	1.5
1198	400	1.2
1198	461	1.3
1198	464	4.3
1198	466	3.4
1198	485	1.7
1198	498	3.4
1198	523	1.1
1198	526	2.1
1198	528	2.3
1198	532	1.6
1198	544	1.7
1198	548	2.5
1198	679	3.1
1198	686	1.5
1198	689	1.2
1198	690	1.2
1198	704	4.5
1198	903	2.5
1198	1034	2.8
1198	1400	2.6
1198	2025	1.2
1198	2083	1.8
1198	2089	1.0
1198	2091	1.1
1198	2092	2.5
1198	2094	2.3
1198	2102	2.7
1198	2137	2.2
1198	2521	2.2
1198	3324	1.0
1198	3404	1.9
1248	69	1.1
1248	97	3.5
1248	241	2.4
1248	251	4.0
1248	257	5.0
1248	261	1.1
1248	263	2.6
1248	275	1.9
1248	283	2.8
1248	291	1.0
1248	292	3.7
1248	294	1.4
1248	301	3.7
1248	302	1.3
1248	311	1.3
1248	333	2.6
1248	342	1.7
1248	498	1.2
1248	528	1.7
1248	575	2.6
1248	683	1.5
1248	691	1.1
1248	701	1.1
1248	903	2.5
1248	1377	1.1
1248	1447	2.0
1248	1556	3.0
1248	1772	3.1
1248	1775	1.3
1248	1934	3.9
1248	1936	2.6
1248	2067	2.0
1248	2220	1.2
1248	2546	1.3
1248	2988	1.7
1248	3081	2.0
1248	3110	1.8
1248	3321	1.1
1248	3488	1.8
1248	3796	1.4
1248	4616	2.3
1248	5789	1.6
1248	6914	1.6
1248	7781	2.1
1248	11240	2.5
1248	12406	1.6
1248	13446	3.7
1248	13447	1.5
1248	13448	1.3
1248	13449	1.1
1278	65	1.2
1278	89	2.0
1278	161	1.0
1278	191	1.3
1278	288	4.7
1278	295	2.1
1278	300	3.8
1278	302	1.5
1278	306	3.3
1278	312	4.7
1278	318	1.3
1278	325	1.0
1278	327	1.7
1278	328	2.9
1278	332	1.1
1278	333	3.4
1278	352	2.5
1278	464	2.3
1278	466	4.2
1278	475	3.7
1278	498	4.4
1278	528	2.1
1278	531	1.7
1278	545	4.0
1278	644	1.1
1278	680	2.1
1278	701	2.8
1278	704	2.2
1278	915	1.8
1278	1009	1.2
1278	1042	2.4
1278	1057	5.0
1278	1444	2.1
1278	1449	1.4
1278	1455	3.8
1278	1456	3.2
1278	1975	2.5
1278	2084	1.2
1278	2498	1.6
1278	2990	2.7
1278	4564	1.8
1278	4768	1.8
1278	5055	3.1
1278	5530	1.7
1278	5988	1.5
1278	7268	1.3
1278	7868	1.7
1278	8761	4.0
1278	9684	1.2
1278	10987	2.9
1305	55	2.1
1305	67	1.0
1305	89	5.0
1305	257	1.7
1305	288	4.0
1305	289	3.2
1305	291	1.1
1305	292	3.2
1305	295	2.2
1305	298	1.5
1305	299	3.1
1305	300	3.2
1305	302	1.4
1305	306	1.6
1305	308	2.3
1305	311	1.1
1305	314	2.3
1305	317	1.2
1305	331	1.0
1305	332	1.1
1305	333	2.6
1305	349	1.7
1305	352	1.6
1305	458	1.2
1305	461	1.7
1305	464	1.2
1305	466	3.0
1305	475	1.3
1305	523	1.2
1305	524	2.4
1305	543	2.7
1305	575	1.1
1305	679	3.2
1305	686	1.7
1305	689	1.5
1305	701	2.4
1305	802	1.4
1305	903	1.2
1305	915	2.2
1305	1032	1.4
1305	1037	3.5
1305	1042	1.4
1305	1452	1.8
1305	1934	2.3
1305	1936	2.2
1305	2091	1.0
1305	2548	1.8
1305	2990	2.4
1305	3179	1.9
1305	6543	1.2
1351	89	3.0
1351	157	3.8
1351	288	2.0
1351	289	1.8
1351	298	1.0
1351	299	1.2
1351	300	1.9
1351	302	2.4
1351	323	1.1
1351	325	1.1
1351	333	1.9
1351	458	2.9
1351	461	1.0
1351	464	1.5
1351	466	2.2
1351	468	1.2
1351	470	3.5
1351	486	1.4
1351	498	2.9
1351	531	1.9
1351	541	1.5
1351	542	1.1
1351	544	1.6
1351	679	3.0
1351	687	1.2
1351	714	1.1
1351	1032	1.6
1351	1034	1.1
1351	1037	1.0
1351	1042	3.1
1351	1455	1.1
1351	1672	2.8
1351	1679	1.0
1351	2020	1.1
1351	2548	1.5
1351	2549	2.8
1351	3404	1.1
1351	4582	5.0
1351	4811	1.4
1351	4814	3.0
1351	5950	1.5
1351	6124	1.8
1351	6543	2.8
1351	7269	1.6
1351	7705	1.6
1351	7868	3.3
1351	9249	1.7
1351	14054	2.1
1351	14055	1.6
1351	14056	1.4
1356	55	2.0
1356	67	2.0
1356	89	4.4
1356	161	1.1
1356	257	2.1
1356	288	3.9
1356	289	5.0
1356	291	1.5
1356	292	3.2
1356	294	2.1
1356	295	1.7
1356	298	1.8
1356	299	1.4
1356	300	2.9
1356	302	1.5
1356	308	3.9
1356	311	1.2
1356	314	1.1
1356	323	2.4
1356	325	3.3
1356	333	1.3
1356	349	1.9
1356	386	1.6
1356	400	2.0
1356	458	1.5
1356	461	3.6
1356	466	3.8
1356	498	1.8
1356	528	2.1
1356	543	1.0
1356	544	3.3
1356	670	1.1
1356	680	1.7
1356	690	1.2
1356	701	3.0
1356	793	1.6
1356	915	1.2
1356	1037	1.3
1356	1243	2.0
1356	1441	2.4
1356	1451	2.9
1356	2091	1.5
1356	2092	2.0
1356	2094	3.0
1356	3397	3.1
1356	3925	1.5
1356	4814	2.1
1356	7391	1.3
1356	13265	2.6
1356	14070	1.3
1365	55	3.0
1365	67	2.3
1365	89	2.6
1365	97	1.3
1365	257	2.3
1365	288	3.4
1365	289	5.0
1365	291	1.8
1365	292	3.2
1365	293	1.8
1365	294	2.2
1365	295	1.9
1365	300	3.0
1365	302	1.8
1365	306	2.5
1365	310	1.0
1365	311	2.1
1365	314	2.8
1365	318	1.7
1365	323	3.5
1365	325	2.3
1365	328	1.0
1365	333	1.8
1365	344	2.4
1365	352	3.9
1365	461	2.1
1365	464	1.6
1365	466	1.6
1365	485	2.1
1365	498	2.0
1365	525	1.9
1365	528	1.1
1365	543	2.8
1365	644	1.4
1365	679	3.5
1365	680	1.3
1365	686	2.8
1365	701	1.6
1365	704	1.2
1365	790	1.3
1365	908	1.1
1365	915	2.1
1365	1034	3.0
1365	1451	1.9
1365	1459	1.9
1365	2102	2.1
1365	2981	1.7
1365	2990	1.3
1365	3177	1.0
1365	5529	1.6
1399	55	2.8
1399	67	1.0
1399	89	5.0
1399	288	3.1
1399	289	3.7
1399	292	3.6
1399	295	3.5
1399	299	1.7
1399	300	2.6
1399	302	2.3
1399	318	1.2
1399	321	1.3
1399	324	1.5
1399	325	1.9
1399	333	2.7
1399	340	2.2
1399	349	1.0
1399	461	2.8
1399	464	1.5
1399	466	3.5
1399	468	1.5
1399	523	2.2
1399	528	1.0
1399	531	1.6
1399	542	1.3
1399	543	1.1
1399	679	4.3
1399	681	1.6
1399	686	4.1
1399	687	1.7
1399	692	2.8
1399	701	1.2
1399	704	3.1
1399	793	3.0
1399	797	2.1
1399	913	1.6
1399	1054	2.1
1399	1450	1.4
1399	1453	1.2
1399	1458	2.4
1399	2020	2.1
1399	2543	3.6
1399	3953	1.5
1399	4814	1.9
1399	14330	1.5
1399	14331	1.5
1399	14332	1.4
1399	14333	1.2
1399	14334	1.1
1399	14335	1.0
1413	55	3.4
1413	67	1.5
1413	89	3.8
1413	161	3.9
1413	209	1.5
1413	288	3.8
1413	289	5.0
1413	291	2.1
1413	292	3.3
1413	295	2.1
1413	299	3.4
1413	300	4.1
1413	301	1.9
1413	302	3.6
1413	306	3.8
1413	326	1.2
1413	327	1.1
1413	328	1.6
1413	330	3.2
1413	332	1.8
1413	333	2.7
1413	344	2.0
1413	377	1.0
1413	378	1.2
1413	458	1.0
1413	461	2.2
1413	466	4.0
1413	468	2.5
1413	475	2.9
1413	484	2.3
1413	525	2.6
1413	531	1.1
1413	534	2.0
1413	543	3.4
1413	544	1.6
1413	545	2.6
1413	686	2.4
1413	701	2.7
1413	889	2.0
1413	907	1.1
1413	1037	2.0
1413	1042	1.5
1413	1243	1.3
1413	1377	1.2
1413	1452	3.5
1413	1455	1.6
1413	2598	1.3
1413	4561	1.5
1413	7727	1.3
1413	14410	1.2
1458	67	4.0
1458	89	2.9
1458	161	1.0
1458	184	1.0
1458	239	1.1
1458	257	3.0
1458	288	3.1
1458	289	2.7
1458	291	2.0
1458	293	2.9
1458	295	3.9
1458	299	2.4
1458	301	1.0
1458	306	1.4
1458	316	3.5
1458	320	2.5
1458	329	2.5
1458	333	3.5
1458	342	1.6
1458	378	2.3
1458	455	1.4
1458	456	1.1
1458	461	3.8
1458	481	2.4
1458	486	3.6
1458	498	2.2
1458	536	1.5
1458	542	2.5
1458	679	2.8
1458	903	3.9
1458	1021	2.5
1458	1047	1.8
1458	1243	3.0
1458	1444	2.9
1458	1684	4.9
1458	1685	5.0
1458	1866	2.0
1458	2080	1.1
1458	2544	2.2
1458	3373	1.1
1458	3672	1.4
1458	4292	2.6
1458	4468	2.1
1458	5594	2.7
1458	6121	4.7
1458	7449	1.1
1458	8364	3.2
1458	8365	2.5
1458	14643	4.7
1458	14644	1.3
1462	7	3.7
1462	55	2.1
1462	67	1.4
1462	89	4.4
1462	157	1.0
1462	207	1.2
1462	208	1.1
1462	209	3.7
1462	227	1.1
1462	229	1.0
1462	230	1.3
1462	234	3.7
1462	256	1.7
1462	288	3.8
1462	289	3.8
1462	292	3.5
1462	295	2.6
1462	300	3.0
1462	302	2.5
1462	306	1.1
1462	333	1.5
1462	378	1.2
1462	436	3.2
1462	466	1.3
1462	470	3.5
1462	481	1.5
1462	526	1.2
1462	539	2.2
1462	540	1.6
1462	599	3.3
1462	679	3.0
1462	701	2.5
1462	704	3.8
1462	790	1.0
1462	903	1.5
1462	951	1.6
1462	959	3.5
1462	1081	1.1
1462	1246	1.0
1462	1673	3.9
1462	1904	1.5
1462	2091	1.1
1462	2988	1.2
1462	3129	2.0
1462	3186	1.8
1462	3739	5.0
1462	5984	3.0
1462	7237	1.1
1462	14663	2.0
1462	14664	2.0
1492	65	2.2
1492	89	4.5
1492	190	2.8
1492	288	3.8
1492	289	2.6
1492	292	2.0
1492	300	3.1
1492	306	2.7
1492	362	2.8
1492	378	2.5
1492	461	2.2
1492	466	4.0
1492	475	1.8
1492	486	4.4
1492	498	4.8
1492	525	1.7
1492	689	1.8
1492	693	1.5
1492	697	3.1
1492	968	3.1
1492	1009	1.5
1492	1056	3.6
1492	1057	2.7
1492	1379	2.7
1492	1456	2.5
1492	2081	2.8
1492	2085	2.1
1492	2521	1.1
1492	3404	1.2
1492	5038	5.0
1492	5044	1.1
1492	5057	3.1
1492	5475	2.2
1492	5847	2.8
1492	8047	1.4
1492	8761	1.4
1492	8887	1.0
1492	10047	2.0
1492	10429	1.2
1492	10684	1.7
1492	10992	1.4
1492	14898	2.8
1492	14899	1.9
1492	14900	1.6
1492	14901	1.6
1492	14902	1.5
1492	14903	1.4
1492	14904	1.3
1492	14905	1.2
1492	14906	1.2
1516	67	2.3
1516	89	4.6
1516	155	1.5
1516	157	1.0
1516	176	1.5
1516	184	1.2
1516	220	3.2
1516	228	1.0
1516	253	1.5
1516	288	3.8
1516	289	5.0
1516	293	1.2
1516	300	3.8
1516	306	1.0
1516	316	1.1
1516	349	1.5
1516	366	3.1
1516	465	1.2
1516	486	1.1
1516	511	1.6
1516	533	2.1
1516	679	2.1
1516	701	2.2
1516	907	1.1
1516	951	1.8
1516	1241	1.3
1516	1243	4.2
1516	2018	1.3
1516	2031	2.7
1516	2988	1.2
1516	3074	3.8
1516	3173	1.6
1516	3382	1.4
1516	3462	1.6
1516	3741	1.2
1516	3934	1.1
1516	3981	1.1
1516	5772	1.5
1516	6123	4.6
1516	6721	1.0
1516	6723	2.0
1516	7452	1.2
1516	8371	1.7
1516	8810	2.0
1516	11070	1.2
1516	11474	3.3
1516	15155	2.5
1516	15156	1.1
1516	15157	1.0
1516	15158	1.0
1521	161	1.5
1521	191	1.0
1521	288	3.5
1521	289	2.7
1521	291	1.8
1521	292	1.6
1521	293	1.2
1521	295	1.9
1521	299	2.6
1521	300	3.5
1521	304	1.0
1521	306	1.6
1521	311	1.2
1521	321	1.5
1521	333	5.0
1521	344	2.6
1521	352	2.3
1521	458	1.1
1521	461	2.0
1521	466	2.6
1521	470	2.6
1521	498	2.3
1521	524	1.5
1521	528	2.3
1521	544	2.8
1521	669	2.5
1521	679	3.1
1521	680	1.3
1521	681	1.7
1521	691	1.1
1521	701	2.6
1521	704	2.4
1521	966	1.7
1521	1032	2.1
1521	1042	2.1
1521	1377	1.4
1521	1447	1.7
1521	1456	1.9
1521	1458	1.1
1521	1470	3.3
1521	1673	1.5
1521	1680	1.6
1521	2020	1.7
1521	3078	1.1
1521	3871	1.0
1521	4814	3.7
1521	10808	1.2
1521	15166	1.7
1521	15167	1.7
1521	15168	1.0
1528	55	3.3
1528	67	1.9
1528	89	3.1
1528	161	2.0
1528	207	1.0
1528	288	3.7
1528	289	4.6
1528	292	4.8
1528	295	4.0
1528	299	2.3
1528	300	3.4
1528	306	2.8
1528	314	4.4
1528	317	2.7
1528	318	1.3
1528	327	1.7
1528	332	2.0
1528	333	2.1
1528	349	4.1
1528	461	2.2
1528	466	3.9
1528	468	2.5
1528	485	1.2
1528	524	2.1
1528	528	2.2
1528	531	1.0
1528	542	1.7
1528	543	5.0
1528	544	2.4
1528	646	1.5
1528	686	1.9
1528	701	3.8
1528	790	1.7
1528	797	2.3
1528	802	3.1
1528	903	1.4
1528	1032	1.5
1528	1034	2.0
1528	1243	2.0
1528	1429	1.1
1528	1451	2.5
1528	1452	2.3
1528	1456	1.7
1528	2094	1.2
1528	2521	2.6
1528	2543	2.1
1528	2548	4.0
1528	2990	1.0
1528	11252	2.3
1528	15196	1.3
1560	67	4.6
1560	89	4.3
1560	157	2.9
1560	251	1.0
1560	256	2.7
1560	288	3.6
1560	289	5.0
1560	292	3.2
1560	295	2.7
1560	300	3.8
1560	306	4.0
1560	321	1.8
1560	329	2.1
1560	355	1.5
1560	439	1.7
1560	458	2.4
1560	466	2.8
1560	468	2.7
1560	481	3.1
1560	531	2.7
1560	542	1.8
1560	545	2.0
1560	622	4.0
1560	679	3.2
1560	701	2.9
1560	708	2.5
1560	725	2.3
1560	889	2.3
1560	903	1.4
1560	907	3.5
1560	1045	2.8
1560	1247	3.0
1560	1444	3.0
1560	1455	2.2
1560	1464	3.6
1560	1832	1.0
1560	2025	3.2
1560	2080	3.5
1560	3080	4.6
1560	3231	3.9
1560	3317	4.3
1560	3332	1.3
1560	3743	3.2
1560	3769	2.4
1560	7340	4.8
1560	8364	2.6
1560	8707	2.0
1560	15322	1.8
1560	15323	1.8
1560	15324	1.7
1568	89	5.0
1568	161	1.9
1568	209	1.0
1568	227	2.3
1568	230	3.0
1568	288	2.8
1568	289	2.8
1568	292	2.3
1568	295	3.6
1568	300	3.3
1568	306	1.9
1568	325	1.2
1568	333	2.2
1568	378	1.0
1568	458	3.3
1568	461	2.0
1568	466	3.6
1568	470	2.7
1568	486	2.6
1568	498	2.1
1568	542	1.8
1568	646	1.8
1568	701	1.2
1568	704	2.4
1568	1032	2.2
1568	1034	1.9
1568	1037	1.1
1568	1039	1.3
1568	1043	1.5
1568	1045	1.5
1568	1430	1.2
1568	1475	2.8
1568	2025	3.2
1568	2080	1.7
1568	2984	1.3
1568	3373	1.0
1568	3378	2.9
1568	4309	1.7
1568	4350	1.0
1568	4471	1.2
1568	4474	2.4
1568	5314	1.6
1568	5749	4.4
1568	5750	1.2
1568	7088	2.6
1568	7091	1.5
1568	7706	1.6
1568	15355	1.9
1568	15356	1.3
1568	15357	1.1
1578	67	2.3
1578	89	2.8
1578	279	1.4
1578	288	4.5
1578	289	2.8
1578	290	2.5
1578	291	1.2
1578	292	3.3
1578	294	2.3
1578	295	5.0
1578	296	2.1
1578	299	3.6
1578	300	2.7
1578	301	1.9
1578	306	3.7
1578	308	1.7
1578	314	2.6
1578	323	4.1
1578	332	2.0
1578	349	1.0
1578	352	4.4
1578	386	1.8
1578	461	2.0
1578	466	1.8
1578	528	2.1
1578	535	2.8
1578	543	2.7
1578	544	1.7
1578	690	1.4
1578	699	1.7
1578	701	1.8
1578	906	1.8
1578	913	3.2
1578	915	3.4
1578	1042	1.5
1578	1051	2.6
1578	1601	1.6
1578	1602	3.2
1578	1604	1.6
1578	1934	1.3
1578	1935	1.3
1578	1936	2.5
1578	2018	1.9
1578	2607	2.0
1578	2939	3.4
1578	3491	1.0
1578	4562	1.6
1578	4812	2.2
1578	5534	3.6
1578	11067	2.1
1628	55	2.0
1628	89	2.8
1628	288	3.5
1628	289	4.6
1628	291	1.0
1628	292	3.4
1628	299	2.4
1628	300	2.9
1628	302	1.7
1628	306	1.9
1628	314	1.7
1628	317	1.7
1628	323	1.6
1628	327	2.1
1628	328	1.1
1628	333	2.1
1628	344	2.2
1628	349	2.0
1628	352	1.3
1628	458	1.0
1628	461	2.4
1628	464	1.6
1628	466	3.4
1628	485	1.5
1628	543	5.0
1628	548	2.2
1628	679	1.8
1628	686	1.7
1628	690	1.5
1628	697	1.3
1628	701	1.2
1628	704	1.6
1628	797	1.7
1628	1032	1.3
1628	1034	1.6
1628	1037	2.0
1628	1458	2.2
1628	1461	4.2
1628	1934	1.6
1628	2083	1.5
1628	2521	2.5
1628	2543	1.9
1628	3319	1.9
1628	3404	1.6
1628	4814	1.2
1628	5032	1.3
1628	5149	1.3
1628	7781	1.1
1628	11572	1.4
1628	15696	2.5
1632	89	4.2
1632	161	4.8
1632	265	1.7
1632	288	3.8
1632	289	2.9
1632	290	2.7
1632	300	3.4
1632	304	3.5
1632	306	1.9
1632	308	1.2
1632	325	1.6
1632	327	2.5
1632	328	1.3
1632	333	1.2
1632	386	1.6
1632	388	3.0
1632	455	1.7
1632	458	5.0
1632	461	4.3
1632	466	3.4
1632	468	1.1
1632	531	1.1
1632	543	2.2
1632	802	3.4
1632	1042	3.6
1632	1045	3.6
1632	1429	2.7
1632	1455	1.1
1632	1659	3.2
1632	2080	3.2
1632	2545	1.5
1632	2548	2.0
1632	2939	4.3
1632	3378	2.0
1632	4474	2.1
1632	4562	4.2
1632	4811	1.0
1632	4850	2.3
1632	5749	1.8
1632	5988	2.1
1632	6308	2.2
1632	9165	2.2
1632	9169	3.7
1632	11249	1.1
1632	11890	2.4
1632	15737	2.0
1632	15738	1.9
1632	15739	1.7
1632	15740	1.6
1632	15741	1.1
1649	7	2.9
1649	89	3.6
1649	173	1.6
1649	189	2.2
1649	288	1.9
1649	289	2.2
1649	291	1.6
1649	292	2.5
1649	294	1.6
1649	295	2.9
1649	300	3.8
1649	302	3.5
1649	310	2.1
1649	326	1.4
1649	352	1.1
1649	377	1.5
1649	378	4.4
1649	405	1.7
1649	466	2.8
1649	486	5.0
1649	488	2.3
1649	497	1.2
1649	498	1.5
1649	499	1.2
1649	500	2.3
1649	504	2.4
1649	518	1.3
1649	544	3.3
1649	680	2.4
1649	701	1.0
1649	704	2.4
1649	779	1.1
1649	1032	2.1
1649	1034	2.0
1649	1042	1.1
1649	1185	1.6
1649	1186	1.3
1649	1189	1.3
1649	1678	2.8
1649	1854	3.1
1649	2956	1.0
1649	8356	1.1
1649	10733	1.7
1649	10735	3.6
1649	15831	2.4
1649	15832	1.5
1649	15833	1.5
1649	15834	1.5
1649	15835	1.3
1649	15836	1.1
1666	55	2.9
1666	67	1.5
1666	89	2.5
1666	161	1.6
1666	257	1.9
1666	288	3.4
1666	289	5.0
1666	290	1.1
1666	291	2.4
1666	292	2.2
1666	293	4.0
1666	294	1.3
1666	296	2.5
1666	297	2.2
1666	298	2.8
1666	299	2.0
1666	300	2.8
1666	305	1.3
1666	306	1.0
1666	307	1.4
1666	308	1.6
1666	311	1.2
1666	318	2.0
1666	320	1.9
1666	321	1.2
1666	323	2.2
1666	324	1.1
1666	325	1.0
1666	326	1.6
1666	332	1.0
1666	333	2.1
1666	349	1.2
1666	403	1.3
1666	461	2.1
1666	462	1.7
1666	466	3.4
1666	471	1.3
1666	498	2.1
1666	525	1.5
1666	528	1.0
1666	536	1.1
1666	540	1.2
1666	543	1.1
1666	701	1.5
1666	908	1.9
1666	1059	1.0
1666	1246	4.1
1666	1684	2.0
1666	3319	1.1
1666	3320	2.0
1687	89	3.3
1687	161	1.2
1687	288	5.0
1687	289	2.2
1687	292	3.4
1687	295	1.4
1687	300	4.0
1687	302	2.0
1687	306	2.2
1687	328	1.9
1687	331	2.0
1687	333	1.4
1687	344	1.6
1687	349	1.7
1687	355	1.2
1687	438	1.7
1687	439	1.6
1687	458	1.3
1687	461	2.0
1687	464	2.1
1687	466	3.8
1687	475	2.8
1687	498	1.8
1687	528	2.6
1687	531	1.3
1687	540	1.4
1687	544	1.0
1687	546	2.3
1687	680	1.4
1687	689	1.4
1687	701	1.8
1687	907	2.0
1687	1032	1.9
1687	1246	1.7
1687	1441	1.0
1687	1452	1.7
1687	1455	1.9
1687	1456	1.1
1687	1613	1.4
1687	1681	1.0
1687	1934	1.6
1687	3378	2.1
1687	3392	1.3
1687	4466	1.1
1687	4474	1.5
1687	4512	1.2
1687	5685	1.1
1687	6121	2.0
1687	6483	1.6
1687	11326	1.1
1769	97	2.3
1769	209	4.5
1769	230	1.8
1769	234	2.3
1769	288	1.4
1769	289	5.0
1769	291	2.2
1769	292	4.6
1769	293	2.4
1769	298	3.3
1769	300	4.4
1769	302	1.8
1769	333	1.4
1769	349	1.7
1769	377	1.9
1769	378	2.4
1769	412	3.3
1769	424	1.1
1769	461	2.5
1769	466	2.2
1769	497	2.3
1769	498	2.7
1769	523	2.4
1769	528	3.5
1769	532	2.2
1769	540	1.5
1769	646	2.8
1769	679	1.3
1769	680	1.2
1769	704	2.7
1769	709	1.3
1769	790	1.9
1769	802	2.5
1769	966	1.3
1769	972	2.2
1769	1034	1.0
1769	1047	4.5
1769	1246	2.4
1769	1673	4.8
1769	1814	3.0
1769	2546	1.0
1769	3200	2.1
1769	5149	1.3
1769	9684	2.1
1769	14601	2.0
1769	15821	1.7
1769	16565	2.8
1769	16566	2.6
1769	16567	1.2
1769	16568	1.0
1773	55	3.0
1773	89	3.0
1773	288	3.0
1773	292	3.0
1773	310	3.0
1773	318	3.0
1773	328	3.0
1773	405	3.0
1773	523	3.0
1773	538	3.0
1780	55	1.6
1780	67	1.7
1780	89	5.0
1780	257	1.9
1780	288	3.4
1780	289	4.2
1780	290	1.5
1780	291	1.9
1780	292	3.9
1780	295	2.9
1780	299	1.6
1780	300	2.9
1780	302	2.1
1780	306	2.0
1780	317	1.8
1780	318	2.1
1780	323	3.7
1780	325	4.2
1780	333	1.5
1780	344	3.0
1780	349	2.5
1780	352	2.0
1780	461	2.9
1780	466	3.6
1780	485	2.6
1780	498	3.0
1780	499	1.0
1780	523	1.9
1780	524	2.1
1780	528	2.6
1780	532	1.3
1780	543	2.3
1780	544	3.1
1780	679	3.1
1780	680	2.0
1780	681	3.9
1780	686	3.1
1780	693	2.6
1780	701	1.0
1780	797	1.2
1780	908	1.7
1780	1037	2.1
1780	1450	2.6
1780	1684	3.1
1780	2094	2.0
1780	2102	3.0
1780	2392	1.6
1780	2521	1.4
1780	2801	2.1
1780	3397	2.8
1788	89	4.1
1788	288	3.5
1788	289	5.0
1788	291	2.9
1788	292	1.7
1788	293	1.6
1788	295	2.0
1788	299	1.5
1788	300	3.7
1788	306	2.3
1788	318	2.6
1788	325	2.4
1788	333	3.0
1788	344	2.4
1788	349	1.3
1788	458	2.5
1788	461	3.9
1788	464	1.6
1788	466	3.1
1788	481	1.1
1788	486	1.4
1788	498	2.0
1788	523	2.4
1788	528	1.6
1788	544	2.9
1788	646	3.1
1788	679	4.7
1788	680	1.7
1788	681	2.3
1788	686	1.8
1788	701	2.9
1788	704	1.3
1788	790	1.2
1788	802	3.1
1788	972	2.7
1788	1043	1.5
1788	1045	1.0
1788	1047	2.2
1788	1428	1.5
1788	1453	1.3
1788	1934	1.4
1788	2020	2.1
1788	2080	1.8
1788	2548	1.7
1788	2801	1.7
1788	4350	1.7
1788	4474	1.2
1788	4870	1.8
1788	5749	2.8
1788	5752	2.4
1795	55	2.5
1795	65	3.4
1795	67	4.6
1795	89	2.9
1795	97	1.3
1795	154	5.0
1795	155	2.8
1795	157	4.4
1795	190	1.7
1795	199	3.4
1795	229	2.6
1795	257	1.6
1795	265	1.8
1795	285	3.2
1795	288	3.6
1795	289	4.4
1795	292	1.9
1795	295	1.5
1795	296	2.5
1795	298	2.1
1795	299	1.4
1795	300	3.1
1795	301	2.0
1795	302	3.2
1795	306	1.4
1795	310	1.8
1795	352	2.4
1795	377	1.7
1795	389	2.1
1795	418	3.1
1795	458	1.0
1795	461	1.8
1795	465	2.2
1795	466	2.2
1795	468	1.1
1795	475	2.3
1795	485	2.8
1795	532	2.5
1795	548	1.6
1795	686	2.0
1795	689	1.7
1795	690	1.1
1795	906	3.7
1795	1098	4.3
1795	1390	1.9
1795	1400	3.2
1795	2083	2.6
1795	2521	1.7
1795	4566	1.5
1795	4710	1.8
1799	55	1.0
1799	89	3.5
1799	157	2.3
1799	239	1.0
1799	251	1.1
1799	257	5.0
1799	262	1.5
1799	285	3.3
1799	288	4.6
1799	289	3.7
1799	290	2.6
1799	292	3.2
1799	294	2.0
1799	295	2.5
1799	299	2.4
1799	300	2.2
1799	306	3.8
1799	308	2.4
1799	314	3.6
1799	317	2.3
1799	327	1.3
1799	328	2.2
1799	349	1.6
1799	367	1.7
1799	400	2.4
1799	466	3.3
1799	468	2.8
1799	485	1.4
1799	531	1.5
1799	545	1.0
1799	1037	2.9
1799	1449	1.3
1799	2083	1.1
1799	2091	1.4
1799	2092	1.6
1799	3318	1.4
1799	3330	1.7
1799	4562	1.2
1799	5947	1.7
1799	6562	1.5
1799	16670	2.8
1799	16723	2.0
1799	16724	1.0
1810	89	2.8
1810	268	1.0
1810	288	5.0
1810	289	1.6
1810	300	3.9
1810	306	1.0
1810	330	1.0
1810	349	1.0
1810	355	1.0
1810	466	1.6
1810	475	3.2
1810	701	2.8
1810	891	2.8
1810	907	1.0
1810	913	1.0
1810	1441	1.2
1810	1760	1.8
1810	2047	1.0
1810	3461	1.0
1810	5790	1.0
1810	9417	1.0
1810	16804	1.0
1813	55	2.4
1813	65	1.6
1813	67	2.0
1813	89	4.1
1813	288	3.9
1813	289	2.5
1813	291	2.4
1813	292	5.0
1813	295	2.7
1813	298	1.7
1813	300	5.0
1813	301	1.1
1813	302	2.7
1813	323	1.5
1813	332	1.8
1813	333	2.3
1813	344	2.9
1813	349	1.3
1813	352	3.4
1813	386	1.4
1813	461	2.5
1813	464	1.9
1813	523	1.5
1813	528	2.8
1813	532	1.3
1813	543	1.0
1813	544	3.3
1813	548	2.1
1813	679	4.0
1813	681	1.1
1813	686	2.3
1813	689	3.3
1813	697	1.6
1813	802	1.7
1813	1098	1.4
1813	1243	2.5
1813	1400	1.2
1813	1451	1.2
1813	1455	2.0
1813	1464	2.4
1813	1684	1.1
1813	1934	2.6
1813	2543	2.0
1813	2657	1.7
1813	2981	1.2
1813	2990	2.4
1813	3171	1.4
1813	5150	2.8
1813	5472	1.7
1813	16832	1.3
1820	55	1.7
1820	67	1.4
1820	89	3.1
1820	157	2.7
1820	161	1.5
1820	227	2.1
1820	234	1.0
1820	257	1.3
1820	288	2.9
1820	289	5.0
1820	291	1.8
1820	292	3.3
1820	295	2.0
1820	298	1.7
1820	299	1.6
1820	300	3.4
1820	302	2.3
1820	306	3.0
1820	316	1.6
1820	324	1.3
1820	327	2.3
1820	328	2.0
1820	329	1.1
1820	333	3.8
1820	342	1.3
1820	344	1.1
1820	352	2.2
1820	458	1.0
1820	461	1.5
1820	466	3.1
1820	468	2.0
1820	475	1.8
1820	526	2.1
1820	528	1.1
1820	531	2.6
1820	544	1.2
1820	545	1.3
1820	674	2.3
1820	679	2.6
1820	691	1.6
1820	701	2.4
1820	706	1.7
1820	903	1.7
1820	1042	2.3
1820	1244	2.0
1820	1249	3.0
1820	1456	1.0
1820	2346	1.8
1820	3397	2.2
1820	3713	1.9
1821	55	2.9
1821	67	2.5
1821	89	3.3
1821	161	1.4
1821	257	1.9
1821	288	3.3
1821	289	5.0
1821	291	1.1
1821	292	4.0
1821	295	1.9
1821	298	2.4
1821	299	1.3
1821	300	3.4
1821	302	2.4
1821	306	1.2
1821	318	3.2
1821	323	1.5
1821	324	1.2
1821	325	1.4
1821	328	2.3
1821	333	2.0
1821	344	1.6
1821	352	3.0
1821	360	1.4
1821	458	1.3
1821	461	2.5
1821	464	2.6
1821	466	2.9
1821	475	1.6
1821	498	2.1
1821	528	4.0
1821	531	1.1
1821	532	2.5
1821	535	3.1
1821	544	2.6
1821	679	4.2
1821	686	1.8
1821	701	3.1
1821	704	1.0
1821	903	1.5
1821	972	2.1
1821	1032	2.1
1821	1090	1.3
1821	1243	2.9
1821	1441	1.0
1821	2020	1.8
1821	2025	2.3
1821	2091	1.3
1821	2498	1.2
1821	8589	2.4
1826	72	2.6
1826	89	3.6
1826	97	2.7
1826	167	1.2
1826	173	3.5
1826	228	2.1
1826	229	3.2
1826	233	2.7
1826	288	2.8
1826	289	3.1
1826	300	3.3
1826	425	1.6
1826	439	1.4
1826	453	2.4
1826	466	1.9
1826	486	2.8
1826	498	2.3
1826	504	5.0
1826	506	3.8
1826	518	1.7
1826	525	1.6
1826	539	1.2
1826	542	1.1
1826	599	1.1
1826	680	1.5
1826	903	1.2
1826	918	1.7
1826	930	1.8
1826	1097	4.4
1826	1098	1.3
1826	1116	2.0
1826	1167	3.5
1826	1243	1.3
1826	1246	2.9
1826	1295	1.2
1826	1400	2.3
1826	1988	1.0
1826	2660	2.0
1826	3186	2.1
1826	3198	1.3
1826	3200	3.6
1826	3205	1.2
1826	3769	2.3
1826	5441	1.5
1826	5735	2.9
1826	6539	1.4
1826	8592	1.4
1826	11812	1.0
1826	12295	1.5
1826	16896	2.0
1833	71	1.3
1833	86	1.1
1833	89	3.2
1833	161	3.1
1833	184	1.1
1833	252	1.4
1833	288	1.8
1833	289	2.3
1833	292	2.6
1833	295	3.1
1833	299	2.1
1833	308	1.9
1833	311	1.2
1833	320	1.1
1833	326	1.1
1833	328	1.0
1833	349	1.6
1833	352	1.3
1833	430	1.3
1833	468	1.2
1833	525	1.3
1833	528	1.7
1833	543	1.1
1833	701	5.0
1833	907	1.8
1833	981	1.9
1833	1037	1.0
1833	1433	1.0
1833	1440	2.2
1833	1443	2.6
1833	1448	1.5
1833	1449	2.6
1833	1450	1.2
1833	1475	2.9
1833	1500	1.7
1833	1596	1.7
1833	2023	1.5
1833	2051	1.3
1833	2074	1.3
1833	2395	3.5
1833	4252	2.6
1833	5249	2.0
1833	6317	1.5
1833	7290	1.2
1833	7869	1.6
1833	10600	1.0
1833	11085	2.3
1833	16916	2.6
1833	16917	1.5
1833	16918	1.0
1895	55	2.4
1895	65	1.1
1895	67	1.8
1895	89	3.5
1895	229	2.4
1895	257	2.3
1895	285	1.2
1895	288	3.0
1895	289	2.7
1895	292	2.6
1895	293	1.2
1895	295	5.0
1895	299	1.7
1895	300	1.7
1895	301	1.9
1895	302	1.7
1895	306	1.8
1895	310	2.5
1895	314	2.4
1895	317	1.2
1895	320	1.7
1895	329	1.8
1895	331	1.8
1895	332	2.8
1895	349	2.1
1895	410	1.2
1895	455	1.0
1895	468	2.4
1895	475	1.3
1895	498	1.2
1895	525	1.4
1895	538	2.0
1895	546	1.2
1895	701	3.1
1895	903	1.6
1895	907	1.6
1895	908	1.5
1895	913	3.5
1895	1400	1.0
1895	1935	1.4
1895	1937	1.6
1895	2089	2.0
1895	2091	1.4
1895	2092	2.8
1895	2521	2.2
1895	2523	1.6
1895	3200	1.0
1895	4566	1.9
1895	17471	1.6
1895	17472	1.5
1954	65	2.8
1954	207	2.0
1954	230	2.4
1954	257	2.0
1954	278	1.6
1954	288	2.2
1954	290	1.2
1954	292	5.0
1954	295	3.4
1954	298	2.7
1954	300	2.1
1954	301	1.5
1954	302	1.8
1954	312	1.3
1954	317	1.2
1954	320	1.7
1954	327	2.4
1954	328	1.2
1954	330	3.2
1954	331	3.7
1954	377	3.4
1954	466	1.9
1954	468	2.2
1954	475	2.2
1954	482	1.5
1954	485	2.5
1954	491	2.5
1954	525	1.5
1954	528	1.5
1954	547	4.5
1954	701	3.8
1954	735	1.2
1954	841	1.0
1954	1037	1.0
1954	1044	2.4
1954	1145	2.1
1954	1243	1.3
1954	1402	1.3
1954	1613	3.2
1954	1860	1.0
1954	2083	1.9
1954	2226	1.7
1954	2978	1.0
1954	3317	1.1
1954	3318	3.2
1954	3712	1.7
1954	5678	1.7
1954	6226	1.1
1954	9684	1.6
1954	14278	1.8
1959	55	1.9
1959	89	5.0
1959	161	3.0
1959	209	2.9
1959	288	2.9
1959	289	3.3
1959	292	3.4
1959	295	2.5
1959	300	3.0
1959	302	2.3
1959	304	1.3
1959	306	1.3
1959	321	2.1
1959	325	2.0
1959	333	2.1
1959	344	2.4
1959	458	4.2
1959	464	3.2
1959	466	3.8
1959	471	1.6
1959	498	1.5
1959	524	3.0
1959	526	2.8
1959	541	2.1
1959	544	1.6
1959	646	3.0
1959	679	4.0
1959	680	1.0
1959	681	3.8
1959	686	1.3
1959	689	3.2
1959	692	2.3
1959	704	2.6
1959	903	2.3
1959	1037	1.6
1959	1042	1.6
1959	1045	1.1
1959	1047	2.2
1959	1054	2.7
1959	1243	4.0
1959	1429	1.2
1959	1475	1.2
1959	1698	1.7
1959	2801	2.2
1959	3200	2.4
1959	7434	2.3
1959	8360	2.4
1959	13743	1.9
1959	17891	2.3
1959	17892	1.0
1979	55	4.1
1979	58	1.2
1979	67	5.0
1979	89	3.8
1979	97	3.3
1979	157	3.3
1979	192	2.9
1979	257	2.6
1979	258	1.3
1979	288	3.2
1979	289	3.8
1979	292	3.4
1979	295	2.1
1979	298	2.1
1979	300	3.4
1979	301	1.8
1979	306	1.1
1979	310	1.7
1979	320	1.3
1979	333	2.2
1979	340	4.0
1979	386	1.2
1979	461	1.5
1979	475	1.2
1979	523	1.7
1979	525	1.3
1979	534	1.1
1979	548	2.1
1979	679	1.9
1979	689	1.1
1979	697	1.0
1979	704	1.5
1979	889	3.6
1979	903	2.7
1979	985	2.2
1979	1081	2.0
1979	1098	1.4
1979	1379	1.5
1979	1463	2.1
1979	1464	2.3
1979	1580	1.9
1979	1934	4.6
1979	2521	1.9
1979	3129	1.7
1979	3322	2.8
1979	3404	2.1
1979	5149	1.4
1979	6710	1.5
1979	7348	2.1
1979	17993	1.1
1988	55	1.6
1988	89	3.4
1988	190	2.3
1988	238	1.1
1988	288	3.3
1988	289	4.5
1988	292	2.9
1988	298	1.5
1988	300	3.0
1988	306	1.0
1988	328	1.3
1988	333	1.4
1988	355	1.8
1988	461	1.9
1988	466	3.6
1988	471	1.6
1988	544	1.6
1988	679	1.4
1988	686	2.0
1988	701	3.6
1988	787	1.0
1988	788	3.2
1988	790	5.0
1988	792	1.4
1988	795	1.6
1988	802	2.9
1988	903	1.1
1988	1034	1.2
1988	1400	1.7
1988	1428	1.8
1988	1431	1.3
1988	1432	1.5
1988	2596	2.6
1988	3187	2.0
1988	3193	2.4
1988	3404	1.7
1988	3905	1.2
1988	4254	1.5
1988	4703	1.4
1988	4817	1.9
1988	6529	2.2
1988	7395	1.2
1988	9157	2.9
1988	9158	1.3
1988	10967	1.8
1988	11221	1.7
1988	13603	1.2
1988	15696	1.5
1988	15900	1.4
1988	18026	1.8
2020	7	1.2
2020	89	4.2
2020	157	1.7
2020	190	4.3
2020	198	1.4
2020	207	4.0
2020	208	1.5
2020	228	3.2
2020	234	3.5
2020	288	4.0
2020	295	4.6
2020	300	3.8
2020	331	1.7
2020	333	1.4
2020	420	1.8
2020	423	1.6
2020	425	3.4
2020	440	1.1
2020	441	1.7
2020	486	2.5
2020	498	5.0
2020	526	1.4
2020	539	3.7
2020	547	2.2
2020	548	2.0
2020	599	2.8
2020	689	4.3
2020	703	1.6
2020	704	2.7
2020	709	2.0
2020	779	1.3
2020	969	1.6
2020	982	1.2
2020	1098	2.2
2020	1390	1.3
2020	1400	2.5
2020	1512	1.0
2020	1609	1.5
2020	1807	4.6
2020	1814	1.6
2020	1978	2.1
2020	1990	2.2
2020	2083	1.9
2020	2128	1.2
2020	2351	1.0
2020	2788	1.4
2020	2821	3.4
2020	5149	1.1
2020	7660	2.6
2020	12013	1.6
2021	55	3.0
2021	89	4.9
2021	257	1.8
2021	288	5.0
2021	289	4.6
2021	290	1.3
2021	291	1.8
2021	292	2.6
2021	294	1.1
2021	295	2.5
2021	296	2.3
2021	299	2.7
2021	300	5.0
2021	302	1.0
2021	306	1.7
2021	310	1.4
2021	323	2.8
2021	325	1.1
2021	326	1.3
2021	328	2.5
2021	333	3.0
2021	344	3.4
2021	352	2.0
2021	386	1.0
2021	458	1.7
2021	461	3.3
2021	464	1.2
2021	466	4.6
2021	523	1.9
2021	528	1.4
2021	548	2.6
2021	644	2.2
2021	679	4.4
2021	680	1.4
2021	681	1.4
2021	686	3.1
2021	691	1.8
2021	701	3.5
2021	790	1.1
2021	907	1.3
2021	915	1.4
2021	1032	2.1
2021	1450	1.0
2021	1451	1.4
2021	1459	1.9
2021	2020	1.0
2021	3319	1.7
2021	3404	1.8
2021	7781	1.8
2021	18270	1.7
2033	55	1.8
2033	58	1.1
2033	89	5.0
2033	97	1.0
2033	227	2.9
2033	228	2.9
2033	229	2.4
2033	288	4.7
2033	289	4.9
2033	292	3.3
2033	295	2.2
2033	298	2.3
2033	300	3.2
2033	302	1.2
2033	306	1.4
2033	324	1.1
2033	333	2.9
2033	424	2.0
2033	466	1.5
2033	498	3.7
2033	526	2.3
2033	530	2.4
2033	538	1.5
2033	548	1.1
2033	599	1.3
2033	689	1.3
2033	690	2.6
2033	703	1.4
2033	704	1.9
2033	889	1.8
2033	901	1.4
2033	903	2.8
2033	980	1.7
2033	985	1.0
2033	1246	1.6
2033	1379	3.5
2033	1632	2.8
2033	1934	2.9
2033	2137	1.3
2033	2521	3.2
2033	2602	1.3
2033	3200	1.2
2033	3404	2.3
2033	4814	2.8
2033	5147	1.5
2033	5149	1.9
2033	5926	1.4
2033	7781	1.7
2033	7787	1.2
2033	8589	1.4
2037	67	5.0
2037	69	3.0
2037	97	3.8
2037	155	1.9
2037	157	1.3
2037	190	1.5
2037	241	1.7
2037	257	3.9
2037	262	4.0
2037	285	2.7
2037	288	4.2
2037	292	3.2
2037	294	2.8
2037	295	3.0
2037	296	2.0
2037	298	1.6
2037	299	4.1
2037	300	3.8
2037	301	1.9
2037	302	3.5
2037	306	2.1
2037	308	1.2
2037	310	2.5
2037	314	1.8
2037	317	1.3
2037	331	2.3
2037	332	1.2
2037	344	1.4
2037	352	2.3
2037	466	1.8
2037	468	1.3
2037	475	1.9
2037	525	2.2
2037	535	2.9
2037	543	2.1
2037	701	3.0
2037	900	1.9
2037	903	1.2
2037	1032	2.2
2037	1037	2.5
2037	1379	2.9
2037	1452	1.5
2037	1601	3.0
2037	1613	1.0
2037	1934	4.5
2037	1936	1.7
2037	3046	1.0
2037	3502	1.0
2037	4814	2.1
2037	6226	1.2
2038	56	4.0
2038	89	4.2
2038	190	1.0
2038	228	1.6
2038	229	1.5
2038	230	1.5
2038	234	1.9
2038	288	4.2
2038	289	2.7
2038	292	1.8
2038	295	1.6
2038	298	2.0
2038	300	5.0
2038	302	2.2
2038	306	1.1
2038	310	1.4
2038	328	1.0
2038	333	2.5
2038	352	1.3
2038	430	1.5
2038	461	1.9
2038	464	2.2
2038	466	2.8
2038	470	3.8
2038	498	3.5
2038	526	1.8
2038	528	2.4
2038	539	1.1
2038	544	1.6
2038	679	4.5
2038	689	2.9
2038	691	1.2
2038	701	2.2
2038	703	2.5
2038	704	1.9
2038	706	1.0
2038	757	1.4
2038	1032	2.7
2038	1042	1.6
2038	1243	1.0
2038	1246	2.8
2038	1390	1.7
2038	1398	1.0
2038	1400	1.8
2038	1470	2.0
2038	1518	1.3
2038	1556	1.3
2038	1934	1.0
2038	1976	1.8
2038	2025	1.7
