User	Movie	Rating
59	123	5.0
59	241	3.0
59	346	3.0
59	348	4.0
59	387	3.0
59	483	3.0
59	561	2.0
59	637	4.0
59	699	5.0
59	810	2.0
59	818	3.0
59	831	3.0
59	887	3.0
59	913	4.0
59	1050	3.0
59	1077	5.0
59	1193	4.0
59	1338	5.0
59	1482	2.0
59	1503	5.0
59	1565	4.0
59	1587	3.0
59	1728	5.0
59	1745	5.0
59	1774	3.0
59	1805	3.0
59	2015	4.0
59	2017	3.0
59	2028	3.0
59	2125	3.0
59	2188	4.0
59	2248	3.0
59	2462	5.0
59	2534	3.0
59	2763	3.0
59	2787	3.0
59	2900	4.0
59	3268	4.0
59	3427	3.0
59	3921	3.0
59	4350	4.0
59	4426	5.0
59	4673	5.0
59	5015	5.0
59	5124	4.0
59	5194	4.0
59	5199	3.0
59	5386	5.0
59	5417	3.0
59	5440	3.0
59	5646	3.0
59	6066	4.0
59	6286	3.0
59	6350	4.0
59	6368	4.0
59	6370	4.0
59	6416	2.0
59	6571	4.0
59	6578	3.0
59	6609	3.0
59	6691	5.0
59	6776	4.0
59	6799	4.0
59	6908	5.0
59	6955	5.0
104	192	4.0
104	613	4.0
104	656	4.0
104	858	3.0
104	1030	3.0
104	1145	4.0
104	1607	4.0
104	1681	4.0
104	1808	4.0
104	1999	4.0
104	2325	5.0
104	2462	4.0
104	3056	4.0
104	3060	4.0
104	3615	3.0
104	3690	4.0
104	3777	5.0
104	3828	4.0
104	4097	4.0
104	4161	4.0
104	4180	2.0
104	4206	4.0
104	4928	3.0
104	5049	4.0
104	5124	3.0
104	5572	5.0
104	5686	2.0
104	5936	4.0
104	6578	3.0
116	170	4.0
116	243	3.0
116	525	3.0
116	1204	3.0
116	1377	3.0
116	1588	1.0
116	1941	4.0
116	2017	2.0
116	2287	3.0
116	2606	2.0
116	2823	3.0
116	2938	3.0
116	3024	5.0
116	3091	3.0
116	3255	3.0
116	3777	4.0
116	4001	4.0
116	4094	4.0
116	4230	3.0
116	4407	3.0
116	4487	3.0
116	4928	4.0
116	5262	3.0
116	5407	5.0
116	6340	3.0
178	528	5.0
178	605	5.0
178	994	4.0
178	1030	4.0
178	1257	5.0
178	1281	4.0
178	1782	3.0
178	2794	4.0
178	3378	3.0
178	3419	5.0
178	4037	4.0
178	4083	5.0
178	4236	4.0
178	4311	5.0
178	4684	5.0
178	4927	5.0
178	5044	5.0
178	5566	5.0
178	5582	4.0
178	5686	3.0
178	6196	5.0
178	6283	5.0
275	136	4.0
275	223	5.0
275	399	4.0
275	537	3.0
275	553	4.0
275	770	4.0
275	808	3.0
275	828	3.0
275	912	4.0
275	985	4.0
275	1012	3.0
275	1070	4.0
275	1125	4.0
275	1650	3.0
275	1740	4.0
275	1774	3.0
275	1779	4.0
275	1834	4.0
275	1871	3.0
275	2509	4.0
275	2901	4.0
275	2931	5.0
275	3089	4.0
275	3110	4.0
275	3124	4.0
275	3436	3.0
275	3492	4.0
275	3670	4.0
275	3690	4.0
275	3781	5.0
275	3796	4.0
275	3798	4.0
275	3873	3.0
275	3910	4.0
275	4031	4.0
275	4296	4.0
275	4421	4.0
275	4428	4.0
275	4506	4.0
275	4658	4.0
275	4685	4.0
275	4799	4.0
275	4857	5.0
275	4922	3.0
275	5059	4.0
275	5319	3.0
275	5394	4.0
275	5401	4.0
275	5496	4.0
275	5663	4.0
275	5664	4.0
275	5684	4.0
275	5792	3.0
275	5936	4.0
275	6066	3.0
275	6538	3.0
275	6881	4.0
335	30	4.0
335	72	2.0
335	514	4.0
335	629	5.0
335	1077	5.0
335	1355	5.0
335	1521	5.0
335	1617	5.0
335	1779	5.0
335	1782	4.0
335	2017	3.0
335	2320	4.0
335	2340	3.0
335	3084	3.0
335	3309	5.0
335	4037	5.0
335	4148	5.0
335	4339	5.0
335	4495	5.0
335	4638	3.0
335	4645	4.0
335	4857	4.0
335	4928	4.0
335	5124	4.0
335	5401	5.0
335	5557	1.0
335	5569	1.0
335	5686	4.0
335	5698	4.0
335	5719	4.0
335	5910	4.0
335	5998	4.0
335	6107	3.0
335	6214	5.0
335	6232	5.0
335	6350	5.0
335	6659	5.0
335	6963	4.0
336	211	3.0
336	223	5.0
336	243	5.0
336	275	3.0
336	438	3.0
336	469	2.0
336	561	3.0
336	578	2.0
336	706	3.0
336	923	3.0
336	936	3.0
336	1076	3.0
336	1300	3.0
336	1432	4.0
336	1600	2.0
336	1608	3.0
336	1941	4.0
336	2135	4.0
336	2167	3.0
336	2283	3.0
336	2350	4.0
336	2609	2.0
336	2850	4.0
336	3309	2.0
336	3331	4.0
336	3371	5.0
336	3993	3.0
336	4037	4.0
336	4135	3.0
336	4164	4.0
336	4309	3.0
336	4390	2.0
336	4799	3.0
336	4928	3.0
336	5445	5.0
336	5884	3.0
336	5928	4.0
336	5936	4.0
336	6009	3.0
336	6300	2.0
340	82	4.0
340	353	4.0
340	528	4.0
340	812	4.0
340	832	5.0
340	1770	4.0
340	2278	4.0
340	2462	4.0
340	2938	2.0
340	3025	4.0
340	3102	5.0
340	3196	3.0
340	3309	4.0
340	3623	4.0
340	3866	5.0
340	3953	3.0
340	3964	4.0
340	4037	5.0
340	4236	3.0
340	4365	3.0
340	4392	4.0
340	4487	2.0
340	4926	4.0
340	5257	4.0
340	5344	3.0
340	5572	4.0
340	5582	5.0
340	5763	4.0
340	5910	3.0
340	5956	4.0
340	6491	3.0
340	6523	4.0
422	921	4.0
422	934	3.0
422	1072	5.0
422	1294	5.0
422	1432	5.0
422	1591	3.0
422	1713	4.0
422	1850	3.0
422	2028	4.0
422	2323	3.0
422	2421	4.0
422	2431	4.0
422	2443	4.0
422	2564	5.0
422	3378	4.0
422	3387	5.0
422	3661	4.0
422	4018	3.0
422	4202	4.0
422	4927	5.0
422	4928	5.0
422	4993	4.0
422	5193	1.0
422	5389	4.0
422	5582	3.0
422	5583	3.0
422	5597	5.0
422	5622	4.0
422	5884	4.0
422	6394	4.0
422	6561	4.0
422	6578	5.0
422	6878	4.0
422	6881	5.0
472	190	3.0
472	225	3.0
472	278	3.0
472	346	3.0
472	537	2.0
472	613	3.0
472	847	4.0
472	938	3.0
472	1782	2.0
472	1847	5.0
472	1872	3.0
472	1881	3.0
472	1999	3.0
472	2052	3.0
472	2268	4.0
472	2407	2.0
472	2517	2.0
472	2522	4.0
472	2841	3.0
472	3026	4.0
472	3124	4.0
472	3163	3.0
472	3317	4.0
472	3371	4.0
472	3427	2.0
472	3468	3.0
472	3683	4.0
472	3777	5.0
472	3778	3.0
472	3785	2.0
472	3970	2.0
472	4056	2.0
472	4180	3.0
472	4390	3.0
472	4791	3.0
472	4852	4.0
472	5154	4.0
472	5508	3.0
472	5534	3.0
472	5941	4.0
472	6082	3.0
472	6888	3.0
474	220	5.0
474	223	5.0
474	709	3.0
474	1030	4.0
474	1226	5.0
474	1451	5.0
474	1534	4.0
474	1647	5.0
474	1941	4.0
474	2159	2.0
474	2162	4.0
474	2456	5.0
474	2461	3.0
474	2498	5.0
474	2627	5.0
474	2806	3.0
474	2818	5.0
474	2901	4.0
474	3024	5.0
474	3052	4.0
474	3095	3.0
474	3520	4.0
474	3563	5.0
474	3613	4.0
474	4135	4.0
474	4194	4.0
474	4487	4.0
474	4638	4.0
474	4922	3.0
474	4924	5.0
474	4928	4.0
474	5005	4.0
474	5150	4.0
474	5154	3.0
474	5262	3.0
474	5294	4.0
474	5998	4.0
474	6208	4.0
474	6370	4.0
474	6455	4.0
545	112	4.0
545	257	5.0
545	656	4.0
545	913	4.0
545	1846	5.0
545	1888	4.0
545	2196	5.0
545	2425	4.0
545	2462	5.0
545	2721	4.0
545	2859	5.0
545	3025	5.0
545	3099	4.0
545	3158	5.0
545	3309	4.0
545	3378	3.0
545	4186	4.0
545	4237	5.0
545	4260	4.0
545	4463	5.0
545	4477	5.0
545	4926	4.0
545	4953	3.0
545	4982	5.0
545	5445	5.0
545	5572	5.0
545	5791	4.0
545	5792	4.0
545	6199	2.0
545	6913	5.0
545	6953	5.0
564	223	5.0
564	351	5.0
564	440	3.0
564	513	3.0
564	604	3.0
564	770	4.0
564	858	4.0
564	896	5.0
564	1054	4.0
564	1204	3.0
564	1491	3.0
564	1506	3.0
564	1617	5.0
564	1805	4.0
564	1882	4.0
564	2725	4.0
564	2959	4.0
564	3025	5.0
564	3409	4.0
564	3517	5.0
564	3650	5.0
564	4135	4.0
564	4309	5.0
564	4388	3.0
564	4922	5.0
564	5049	4.0
564	5258	4.0
564	5293	4.0
564	5302	4.0
564	5323	4.0
564	5582	4.0
564	5934	3.0
564	6169	5.0
564	6193	5.0
564	6931	5.0
602	551	5.0
602	711	5.0
602	782	4.0
602	1072	4.0
602	1622	3.0
602	1760	5.0
602	1782	4.0
602	1799	5.0
602	1813	5.0
602	2017	4.0
602	2300	3.0
602	2421	4.0
602	3089	3.0
602	3111	4.0
602	3277	4.0
602	3378	4.0
602	3630	3.0
602	3690	4.0
602	3871	4.0
602	3991	4.0
602	4172	4.0
602	4559	2.0
602	4927	5.0
602	5389	5.0
602	5686	3.0
602	5793	5.0
602	5873	5.0
602	6084	2.0
602	6656	4.0
602	6852	5.0
652	173	4.0
652	832	5.0
652	1300	4.0
652	1347	5.0
652	1361	4.0
652	1853	4.0
652	2032	5.0
652	2181	5.0
652	2756	4.0
652	2825	4.0
652	3025	4.0
652	3060	5.0
652	3277	4.0
652	3564	4.0
652	3650	4.0
652	3825	4.0
652	3911	4.0
652	4011	3.0
652	4117	4.0
652	4135	3.0
652	4295	3.0
652	4487	5.0
652	4729	5.0
652	5575	4.0
652	6193	4.0
652	6214	4.0
652	6370	5.0
652	6491	5.0
652	6671	4.0
652	6685	5.0
670	605	4.0
670	652	3.0
670	912	4.0
670	1030	2.0
670	1070	3.0
670	1125	3.0
670	1377	3.0
670	1431	3.0
670	1503	3.0
670	1740	3.0
670	1770	4.0
670	2029	4.0
670	2249	2.0
670	2519	4.0
670	2520	3.0
670	2627	4.0
670	2908	4.0
670	2923	4.0
670	2959	3.0
670	3570	3.0
670	4117	3.0
670	4187	4.0
670	4457	5.0
670	4791	4.0
670	4846	3.0
670	4924	3.0
670	5936	4.0
670	6426	3.0
670	6637	3.0
670	6708	4.0
670	6956	4.0
730	821	3.0
730	884	3.0
730	1116	4.0
730	1194	5.0
730	1483	5.0
730	1613	5.0
730	1859	5.0
730	2025	4.0
730	2240	4.0
730	2279	4.0
730	2787	3.0
730	3268	4.0
730	3371	5.0
730	3407	3.0
730	3753	5.0
730	3905	3.0
730	4053	4.0
730	4309	2.0
730	4596	3.0
730	4628	3.0
730	4729	3.0
730	4885	4.0
730	5304	4.0
730	5408	3.0
730	5472	3.0
730	5572	4.0
730	5973	3.0
730	6327	5.0
730	6395	3.0
730	6691	5.0
761	1	3.0
761	391	3.0
761	535	4.0
761	817	5.0
761	1071	4.0
761	1438	1.0
761	1462	2.0
761	1476	1.0
761	1617	3.0
761	1682	4.0
761	1770	5.0
761	1772	3.0
761	1859	3.0
761	2069	4.0
761	2122	3.0
761	2123	5.0
761	2197	3.0
761	2217	3.0
761	2221	3.0
761	2461	3.0
761	2850	3.0
761	3099	3.0
761	3268	3.0
761	3753	4.0
761	4188	4.0
761	4206	5.0
761	4421	4.0
761	4598	2.0
761	4665	3.0
761	4915	3.0
761	5241	3.0
761	5258	3.0
761	5621	4.0
761	6232	3.0
761	6327	3.0
761	6370	4.0
761	6584	3.0
824	126	2.0
824	386	4.0
824	421	3.0
824	789	3.0
824	821	4.0
824	845	3.0
824	855	3.0
824	858	3.0
824	936	3.0
824	1001	3.0
824	1054	3.0
824	1065	4.0
824	1195	3.0
824	1394	4.0
824	1396	3.0
824	1732	4.0
824	1903	4.0
824	1963	3.0
824	2250	4.0
824	2262	4.0
824	2431	2.0
824	2586	5.0
824	2609	4.0
824	2628	3.0
824	2787	3.0
824	2823	4.0
824	2824	4.0
824	2886	2.0
824	3045	3.0
824	3102	4.0
824	3129	4.0
824	3130	4.0
824	3309	4.0
824	3386	4.0
824	3463	3.0
824	3471	4.0
824	3739	4.0
824	3794	4.0
824	3921	3.0
824	3993	3.0
824	4053	4.0
824	4166	3.0
824	4171	3.0
824	4312	4.0
824	4392	4.0
824	4398	3.0
824	4511	4.0
824	4779	3.0
824	5082	3.0
824	5150	3.0
824	5262	3.0
824	5293	3.0
824	5294	5.0
824	5566	3.0
824	5572	4.0
824	5646	2.0
824	5763	4.0
824	5939	4.0
824	6138	3.0
824	6182	4.0
824	6232	4.0
824	6656	3.0
824	6683	4.0
930	412	3.0
930	529	5.0
930	551	5.0
930	557	5.0
930	583	3.0
930	832	5.0
930	860	3.0
930	912	4.0
930	1072	4.0
930	1355	3.0
930	1830	2.0
930	1876	5.0
930	2135	5.0
930	2628	1.0
930	2859	4.0
930	3024	5.0
930	3050	5.0
930	3423	3.0
930	4559	2.0
930	5049	4.0
930	5066	3.0
930	5386	5.0
930	5781	5.0
930	6332	3.0
938	817	4.0
938	821	4.0
938	964	4.0
938	1483	5.0
938	2135	4.0
938	2462	4.0
938	2522	2.0
938	2797	3.0
938	3024	5.0
938	3268	4.0
938	3269	2.0
938	3407	3.0
938	3690	3.0
938	4039	4.0
938	4169	4.0
938	4187	4.0
938	4457	4.0
938	4511	3.0
938	4628	3.0
938	4703	3.0
938	4934	5.0
938	5049	4.0
938	5100	2.0
938	5262	4.0
938	5386	5.0
938	5440	3.0
938	5875	3.0
938	6138	4.0
938	6223	3.0
938	6770	3.0
938	6925	5.0
944	112	3.0
944	513	3.0
944	547	4.0
944	596	4.0
944	858	4.0
944	1145	3.0
944	1180	4.0
944	1441	3.0
944	1513	5.0
944	1682	3.0
944	1753	5.0
944	2003	3.0
944	2196	3.0
944	2394	5.0
944	2609	4.0
944	2799	3.0
944	2859	5.0
944	3309	4.0
944	3419	4.0
944	3613	3.0
944	4172	3.0
944	4313	3.0
944	5057	4.0
944	5109	3.0
944	5294	4.0
944	5389	4.0
944	5572	5.0
944	5684	4.0
944	5962	3.0
944	6106	3.0
944	6217	5.0
944	6571	4.0
988	220	4.0
988	276	5.0
988	448	3.0
988	729	4.0
988	1361	4.0
988	1881	3.0
988	1959	5.0
988	2089	5.0
988	2302	5.0
988	2606	3.0
988	2825	4.0
988	3192	3.0
988	3196	3.0
988	3564	5.0
988	4094	3.0
988	4117	4.0
988	4215	4.0
988	4421	5.0
988	4635	3.0
988	4638	3.0
988	4706	4.0
988	4725	4.0
988	4934	4.0
988	5294	4.0
988	5791	3.0
988	5928	3.0
988	5934	2.0
988	5979	3.0
988	6072	4.0
988	6214	3.0
988	6852	4.0
1018	117	4.0
1018	190	4.0
1018	323	4.0
1018	422	4.0
1018	557	4.0
1018	770	3.0
1018	817	5.0
1018	824	4.0
1018	919	4.0
1018	1483	5.0
1018	1527	4.0
1018	1734	5.0
1018	2214	4.0
1018	2274	5.0
1018	2565	3.0
1018	2628	3.0
1018	2686	5.0
1018	2921	5.0
1018	2971	4.0
1018	3024	5.0
1018	3268	4.0
1018	3560	4.0
1018	3707	2.0
1018	3781	4.0
1018	3847	3.0
1018	4169	5.0
1018	4180	3.0
1018	4345	4.0
1018	4453	4.0
1018	4673	3.0
1018	4924	5.0
1018	5236	4.0
1018	5732	3.0
1018	5875	4.0
1018	6235	4.0
1018	6530	3.0
1018	6609	4.0
1018	6679	3.0
1018	6792	3.0
1019	170	5.0
1019	220	5.0
1019	300	5.0
1019	375	5.0
1019	557	5.0
1019	629	2.0
1019	649	4.0
1019	832	5.0
1019	1061	5.0
1019	1248	5.0
1019	1355	4.0
1019	1361	5.0
1019	1479	4.0
1019	1488	4.0
1019	1740	3.0
1019	1770	5.0
1019	1779	3.0
1019	1834	3.0
1019	1881	3.0
1019	1999	4.0
1019	2069	4.0
1019	2079	4.0
1019	2717	5.0
1019	2743	3.0
1019	2931	4.0
1019	3025	4.0
1019	3028	5.0
1019	3103	4.0
1019	3196	2.0
1019	3309	4.0
1019	3690	4.0
1019	3873	5.0
1019	4527	4.0
1019	4857	5.0
1019	5257	3.0
1019	5386	4.0
1019	5407	4.0
1019	5581	3.0
1019	5582	5.0
1019	5664	3.0
1019	5725	4.0
1019	6084	4.0
1019	6182	4.0
1019	6566	4.0
1019	6881	4.0
1091	192	3.0
1091	243	3.0
1091	343	2.0
1091	350	4.0
1091	419	3.0
1091	421	3.0
1091	469	3.0
1091	603	2.0
1091	768	4.0
1091	817	4.0
1091	821	3.0
1091	936	3.0
1091	1001	3.0
1091	1030	4.0
1091	1131	4.0
1091	1300	4.0
1091	1521	3.0
1091	1876	5.0
1091	2028	3.0
1091	2462	4.0
1091	2591	3.0
1091	2842	3.0
1091	2989	2.0
1091	3129	3.0
1091	3153	5.0
1091	3192	5.0
1091	3268	3.0
1091	3595	3.0
1091	3630	3.0
1091	3921	4.0
1091	3993	3.0
1091	4037	3.0
1091	4151	3.0
1091	4206	3.0
1091	4309	4.0
1091	4392	3.0
1091	4469	4.0
1091	4555	3.0
1091	4639	3.0
1091	4712	3.0
1091	4791	4.0
1091	4922	3.0
1091	5124	4.0
1091	5251	3.0
1091	5566	5.0
1091	5582	3.0
1091	5595	3.0
1091	5662	3.0
1091	5709	4.0
1091	5712	4.0
1091	5928	4.0
1091	6310	3.0
1091	6472	3.0
1091	6538	2.0
1091	6671	3.0
1091	6762	3.0
1091	6956	3.0
1173	220	5.0
1173	1175	5.0
1173	1422	1.0
1173	1743	4.0
1173	1770	4.0
1173	1772	4.0
1173	1881	4.0
1173	2263	5.0
1173	2549	4.0
1173	3093	3.0
1173	3192	5.0
1173	3196	4.0
1173	3239	3.0
1173	3326	5.0
1173	3519	4.0
1173	3528	4.0
1173	3649	3.0
1173	3739	4.0
1173	3777	5.0
1173	4039	4.0
1173	4117	3.0
1173	4439	4.0
1173	4512	1.0
1173	4645	3.0
1173	4761	4.0
1173	4926	4.0
1173	5498	5.0
1173	5578	4.0
1173	5791	3.0
1173	6066	3.0
1173	6160	3.0
1173	6175	3.0
1173	6393	3.0
1173	6931	4.0
1173	6953	5.0
1198	233	4.0
1198	465	4.0
1198	509	5.0
1198	745	4.0
1198	921	4.0
1198	1125	3.0
1198	1339	4.0
1198	1488	5.0
1198	1517	4.0
1198	1617	5.0
1198	1650	5.0
1198	2028	4.0
1198	2196	5.0
1198	2324	5.0
1198	2340	4.0
1198	2725	5.0
1198	2825	5.0
1198	2959	5.0
1198	3144	4.0
1198	3224	5.0
1198	3250	4.0
1198	3361	4.0
1198	3568	3.0
1198	3690	4.0
1198	4033	3.0
1198	4180	3.0
1198	4189	5.0
1198	4194	5.0
1198	4463	5.0
1198	4523	5.0
1198	4791	5.0
1198	4852	4.0
1198	5052	4.0
1198	5084	4.0
1198	5204	5.0
1198	5210	4.0
1198	5251	4.0
1198	5297	3.0
1198	5312	4.0
1198	5539	5.0
1198	6109	5.0
1198	6123	5.0
1198	6232	5.0
1198	6578	4.0
1198	6677	4.0
1198	6770	4.0
1198	6772	4.0
1215	625	4.0
1215	817	4.0
1215	921	4.0
1215	958	4.0
1215	1008	3.0
1215	1071	4.0
1215	1159	4.0
1215	1177	5.0
1215	1204	4.0
1215	2217	3.0
1215	2886	4.0
1215	3268	4.0
1215	3307	4.0
1215	3707	5.0
1215	4187	4.0
1215	4206	5.0
1215	4511	5.0
1215	4580	4.0
1215	4687	4.0
1215	4894	4.0
1215	5251	4.0
1215	5386	4.0
1215	5572	4.0
1215	5582	4.0
1215	5646	4.0
1215	5698	4.0
1215	5873	4.0
1215	6223	4.0
1215	6310	4.0
1215	6335	4.0
1215	6886	5.0
1215	6925	5.0
1278	176	2.0
1278	194	4.0
1278	217	4.0
1278	223	5.0
1278	243	4.0
1278	341	3.0
1278	358	5.0
1278	453	5.0
1278	681	4.0
1278	706	4.0
1278	755	5.0
1278	808	3.0
1278	817	5.0
1278	838	5.0
1278	912	4.0
1278	919	5.0
1278	1030	5.0
1278	1061	4.0
1278	1159	4.0
1278	1180	5.0
1278	1187	4.0
1278	1441	4.0
1278	1472	3.0
1278	1506	3.0
1278	1521	4.0
1278	1532	3.0
1278	1617	3.0
1278	1741	2.0
1278	1767	5.0
1278	1780	5.0
1278	1782	2.0
1278	1793	4.0
1278	1799	3.0
1278	1813	5.0
1278	1933	5.0
1278	1959	5.0
1278	2018	4.0
1278	2169	4.0
1278	2221	4.0
1278	2252	4.0
1278	2325	5.0
1278	2430	4.0
1278	2462	5.0
1278	2717	5.0
1278	2823	5.0
1278	2839	5.0
1278	2901	4.0
1278	3028	5.0
1278	3052	5.0
1278	3065	5.0
1278	3102	5.0
1278	3396	3.0
1278	3418	5.0
1278	3528	5.0
1278	3538	5.0
1278	3619	4.0
1278	3670	4.0
1278	3676	4.0
1278	3779	4.0
1278	3791	5.0
1278	3796	5.0
1278	3873	4.0
1278	4200	5.0
1278	4202	4.0
1278	4206	5.0
1278	4293	5.0
1278	4312	5.0
1278	4501	3.0
1278	4622	4.0
1278	4658	5.0
1278	4675	4.0
1278	4684	5.0
1278	4857	5.0
1278	4889	5.0
1278	4915	5.0
1278	4923	5.0
1278	4951	3.0
1278	5037	4.0
1278	5053	3.0
1278	5054	4.0
1278	5086	5.0
1278	5100	5.0
1278	5187	5.0
1278	5211	4.0
1278	5247	5.0
1278	5251	3.0
1278	5265	5.0
1278	5293	4.0
1278	5385	3.0
1278	5386	5.0
1278	5424	3.0
1278	5437	3.0
1278	5566	5.0
1278	5572	4.0
1278	5592	2.0
1278	5597	5.0
1278	5655	5.0
1278	5656	4.0
1278	5745	5.0
1278	5868	5.0
1278	5928	3.0
1278	5991	5.0
1278	6010	5.0
1278	6123	3.0
1278	6143	4.0
1278	6169	4.0
1278	6178	5.0
1278	6232	5.0
1278	6286	3.0
1278	6368	5.0
1278	6442	4.0
1278	6583	5.0
1278	6655	3.0
1278	6876	4.0
1278	6914	3.0
1278	6954	5.0
1278	6962	5.0
1278	6969	4.0
1341	269	3.0
1341	755	4.0
1341	832	5.0
1341	921	3.0
1341	1074	4.0
1341	1488	4.0
1341	1808	3.0
1341	2135	4.0
1341	2221	4.0
1341	2242	4.0
1341	2825	3.0
1341	3056	3.0
1341	3486	4.0
1341	4171	5.0
1341	4230	3.0
1341	4791	4.0
1341	4928	4.0
1341	4993	3.0
1341	5507	4.0
1341	5686	3.0
1341	5934	3.0
1341	6084	3.0
1341	6169	4.0
1341	6370	5.0
1341	6577	4.0
1341	6578	3.0
1341	6772	4.0
1344	56	4.0
1344	190	4.0
1344	386	5.0
1344	412	4.0
1344	413	4.0
1344	817	5.0
1344	832	5.0
1344	857	3.0
1344	1004	5.0
1344	1282	4.0
1344	1336	5.0
1344	1455	4.0
1344	1630	5.0
1344	1770	3.0
1344	1799	3.0
1344	1952	4.0
1344	2357	3.0
1344	2483	4.0
1344	2982	3.0
1344	3141	3.0
1344	3144	3.0
1344	3417	3.0
1344	3630	3.0
1344	3650	4.0
1344	3866	5.0
1344	4042	4.0
1344	4169	4.0
1344	4487	4.0
1344	4527	4.0
1344	4596	4.0
1344	4684	4.0
1344	4893	3.0
1344	4947	4.0
1344	4953	3.0
1344	5154	3.0
1344	5445	3.0
1344	5781	4.0
1344	6253	5.0
1344	6433	3.0
1344	6533	4.0
1344	6558	3.0
1344	6700	4.0
1344	6931	4.0
1344	6955	5.0
1371	76	3.0
1371	375	4.0
1371	709	3.0
1371	770	4.0
1371	831	4.0
1371	861	3.0
1371	913	4.0
1371	1377	4.0
1371	1421	3.0
1371	1591	3.0
1371	1679	5.0
1371	1740	4.0
1371	1758	3.0
1371	1782	3.0
1371	2250	4.0
1371	2825	3.0
1371	2900	4.0
1371	3056	3.0
1371	3224	3.0
1371	3661	4.0
1371	3921	4.0
1371	4161	4.0
1371	4480	3.0
1371	4487	4.0
1371	4617	3.0
1371	4706	4.0
1371	4907	2.0
1371	5015	5.0
1371	5262	3.0
1371	6084	3.0
1371	6169	4.0
1371	6469	3.0
1371	6545	4.0
1371	6578	3.0
1373	105	3.0
1373	178	3.0
1373	217	3.0
1373	219	4.0
1373	243	5.0
1373	272	3.0
1373	281	5.0
1373	347	3.0
1373	500	4.0
1373	681	5.0
1373	817	4.0
1373	821	5.0
1373	827	4.0
1373	939	5.0
1373	1071	3.0
1373	1441	4.0
1373	1503	4.0
1373	1617	5.0
1373	1722	5.0
1373	1728	4.0
1373	1760	4.0
1373	1813	4.0
1373	2221	4.0
1373	2489	5.0
1373	2599	3.0
1373	2786	3.0
1373	2823	5.0
1373	2900	4.0
1373	2901	4.0
1373	3268	5.0
1373	3270	4.0
1373	3533	5.0
1373	3592	3.0
1373	3727	3.0
1373	3753	4.0
1373	3796	4.0
1373	4073	5.0
1373	4094	4.0
1373	4206	5.0
1373	4477	5.0
1373	4699	4.0
1373	4826	4.0
1373	4857	5.0
1373	4934	3.0
1373	4939	4.0
1373	5057	5.0
1373	5274	5.0
1373	5293	3.0
1373	5304	4.0
1373	5394	5.0
1373	5410	4.0
1373	5443	4.0
1373	5534	3.0
1373	5572	5.0
1373	5663	4.0
1373	5725	4.0
1373	5768	4.0
1373	5879	3.0
1373	6214	3.0
1373	6370	5.0
1373	6395	3.0
1373	6584	4.0
1373	6672	4.0
1373	6706	3.0
1373	6878	4.0
1373	6881	5.0
1373	6923	5.0
1373	6948	4.0
1373	6955	4.0
1373	6969	4.0
1540	76	3.0
1540	223	5.0
1540	328	3.0
1540	370	3.0
1540	483	2.0
1540	1177	3.0
1540	1195	5.0
1540	1506	5.0
1540	2462	4.0
1540	2698	5.0
1540	2901	3.0
1540	3093	3.0
1540	3407	4.0
1540	3422	4.0
1540	3707	4.0
1540	4135	3.0
1540	4182	4.0
1540	4559	3.0
1540	4767	4.0
1540	4779	4.0
1540	4919	3.0
1540	5294	4.0
1540	5582	3.0
1540	6232	4.0
1540	6370	5.0
1596	180	3.0
1596	304	4.0
1596	341	3.0
1596	347	3.0
1596	514	5.0
1596	518	4.0
1596	629	4.0
1596	747	4.0
1596	1125	3.0
1596	1491	4.0
1596	1770	4.0
1596	1821	3.0
1596	2151	3.0
1596	2169	3.0
1596	2431	3.0
1596	2730	4.0
1596	2842	5.0
1596	2908	3.0
1596	3378	3.0
1596	3406	3.0
1596	3513	4.0
1596	3794	4.0
1596	3828	4.0
1596	4135	3.0
1596	4181	4.0
1596	4915	4.0
1596	4926	3.0
1596	4927	5.0
1596	4982	3.0
1596	5046	4.0
1596	5053	4.0
1596	5207	4.0
1596	5591	3.0
1596	6179	3.0
1596	6203	3.0
1596	6691	5.0
1596	6957	4.0
1663	1	3.0
1663	341	3.0
1663	421	3.0
1663	512	5.0
1663	1125	2.0
1663	1334	3.0
1663	1770	5.0
1663	2125	2.0
1663	2132	4.0
1663	2188	3.0
1663	2197	4.0
1663	2322	2.0
1663	2384	3.0
1663	2611	4.0
1663	3268	3.0
1663	3427	1.0
1663	3630	3.0
1663	3876	5.0
1663	4073	4.0
1663	4840	4.0
1663	4892	3.0
1663	4924	5.0
1663	5284	4.0
1663	5389	4.0
1663	5427	3.0
1663	5481	4.0
1663	5515	4.0
1663	6084	1.0
1663	6208	5.0
1663	6300	1.0
1663	6370	5.0
1663	6876	3.0
1717	124	4.0
1717	170	4.0
1717	281	3.0
1717	294	5.0
1717	305	4.0
1717	832	4.0
1717	998	4.0
1717	1180	4.0
1717	1181	3.0
1717	1263	3.0
1717	1617	5.0
1717	1808	4.0
1717	1881	3.0
1717	2087	4.0
1717	2135	2.0
1717	2208	3.0
1717	2324	3.0
1717	2462	4.0
1717	2772	4.0
1717	2845	4.0
1717	2858	4.0
1717	3023	5.0
1717	3025	5.0
1717	3192	4.0
1717	3233	4.0
1717	3406	4.0
1717	3563	3.0
1717	3649	4.0
1717	3852	4.0
1717	3866	4.0
1717	3939	4.0
1717	3964	3.0
1717	4054	4.0
1717	4127	4.0
1717	4169	3.0
1717	4390	3.0
1717	4392	4.0
1717	4493	4.0
1717	4652	5.0
1717	4708	3.0
1717	4724	3.0
1717	4781	3.0
1717	4857	4.0
1717	4874	3.0
1717	4997	3.0
1717	5055	5.0
1717	5089	3.0
1717	5531	4.0
1717	5631	4.0
1717	5639	2.0
1717	5844	4.0
1717	5910	3.0
1717	6029	4.0
1717	6121	2.0
1717	6136	3.0
1717	6182	4.0
1717	6682	4.0
1717	6878	3.0
1737	223	5.0
1737	613	5.0
1737	629	5.0
1737	946	5.0
1737	1056	5.0
1737	1843	5.0
1737	1951	4.0
1737	2028	5.0
1737	2242	5.0
1737	2421	5.0
1737	2886	5.0
1737	2910	5.0
1737	2971	4.0
1737	3315	2.0
1737	3613	3.0
1737	3877	2.0
1737	3905	5.0
1737	4158	5.0
1737	4206	5.0
1737	4272	4.0
1737	4312	5.0
1737	4394	4.0
1737	4517	3.0
1737	4927	5.0
1737	5057	5.0
1737	5071	2.0
1737	5373	4.0
1737	5884	5.0
1737	6198	4.0
1737	6370	5.0
1737	6578	5.0
1737	6922	2.0
1878	178	3.0
1878	190	5.0
1878	404	3.0
1878	653	4.0
1878	680	3.0
1878	711	4.0
1878	747	5.0
1878	817	4.0
1878	818	3.0
1878	912	4.0
1878	1001	3.0
1878	1071	4.0
1878	1617	4.0
1878	1679	4.0
1878	1701	4.0
1878	1770	4.0
1878	1772	4.0
1878	1774	4.0
1878	1782	3.0
1878	1875	4.0
1878	1964	5.0
1878	2017	4.0
1878	2069	3.0
1878	2268	5.0
1878	2373	4.0
1878	2374	4.0
1878	2375	4.0
1878	2462	5.0
1878	2528	4.0
1878	2799	3.0
1878	2824	4.0
1878	2886	3.0
1878	2997	3.0
1878	3017	4.0
1878	3268	3.0
1878	3269	3.0
1878	3707	3.0
1878	3732	5.0
1878	3753	5.0
1878	3783	3.0
1878	3796	4.0
1878	3831	5.0
1878	3863	3.0
1878	3910	4.0
1878	3984	5.0
1878	4040	3.0
1878	4054	4.0
1878	4284	4.0
1878	4477	4.0
1878	4638	4.0
1878	4926	4.0
1878	5049	3.0
1878	5236	4.0
1878	5394	3.0
1878	5400	4.0
1878	5538	2.0
1878	5582	4.0
1878	5595	5.0
1878	5771	5.0
1878	6138	4.0
1878	6199	3.0
1878	6210	3.0
1878	6370	5.0
1878	6491	4.0
1878	6687	3.0
1878	6695	4.0
1878	6899	3.0
1878	6922	3.0
1878	6940	4.0
1878	6955	5.0
1883	167	4.0
1883	194	4.0
1883	341	5.0
1883	629	3.0
1883	1137	5.0
1883	1488	5.0
1883	1740	5.0
1883	1770	5.0
1883	1986	5.0
1883	2220	5.0
1883	2384	4.0
1883	2908	4.0
1883	2925	5.0
1883	2939	5.0
1883	3079	5.0
1883	3222	5.0
1883	3406	4.0
1883	3509	5.0
1883	3991	5.0
1883	4187	5.0
1883	4305	5.0
1883	4483	3.0
1883	4658	5.0
1883	4684	5.0
1883	4771	4.0
1883	4791	5.0
1883	5005	4.0
1883	5053	4.0
1883	5178	4.0
1883	5577	5.0
1883	6327	4.0
1883	6449	4.0
1883	6685	4.0
1883	6956	5.0
2004	49	3.0
2004	120	3.0
2004	258	3.0
2004	500	3.0
2004	1077	4.0
2004	1271	3.0
2004	1488	4.0
2004	1503	5.0
2004	1532	4.0
2004	1536	4.0
2004	1613	3.0
2004	1743	4.0
2004	1808	4.0
2004	1996	3.0
2004	2135	4.0
2004	2197	3.0
2004	2246	4.0
2004	2462	4.0
2004	2702	4.0
2004	3124	4.0
2004	3141	3.0
2004	3186	2.0
2004	3570	5.0
2004	3670	4.0
2004	3713	4.0
2004	3794	5.0
2004	3877	3.0
2004	4034	2.0
2004	4115	4.0
2004	4206	5.0
2004	4230	3.0
2004	4390	4.0
2004	4517	3.0
2004	4673	4.0
2004	4851	2.0
2004	4857	3.0
2004	4885	4.0
2004	4923	5.0
2004	5015	3.0
2004	5049	4.0
2004	5052	3.0
2004	5053	4.0
2004	5055	3.0
2004	5067	3.0
2004	5236	4.0
2004	5408	4.0
2004	5410	4.0
2004	5531	5.0
2004	5581	3.0
2004	5595	4.0
2004	5659	4.0
2004	6156	2.0
2004	6175	3.0
2004	6182	3.0
2004	6229	5.0
2004	6232	5.0
2004	6265	4.0
2004	6331	3.0
2004	6395	4.0
2004	6695	4.0
2004	6922	3.0
2004	6925	5.0
2053	221	5.0
2053	483	3.0
2053	789	4.0
2053	821	5.0
2053	1074	3.0
2053	1647	4.0
2053	2127	5.0
2053	2461	4.0
2053	2462	3.0
2053	2901	3.0
2053	3024	5.0
2053	3110	5.0
2053	3268	5.0
2053	3463	5.0
2053	3527	3.0
2053	3679	3.0
2053	3753	4.0
2053	3778	4.0
2053	3794	5.0
2053	3847	3.0
2053	4040	3.0
2053	4189	3.0
2053	4416	3.0
2053	4928	3.0
2053	5386	5.0
2053	5662	4.0
2053	5992	5.0
2053	6395	4.0
2053	6634	3.0
2091	31	3.0
2091	179	4.0
2091	346	3.0
2091	353	4.0
2091	437	3.0
2091	604	3.0
2091	649	5.0
2091	789	4.0
2091	1174	3.0
2091	2072	1.0
2091	2535	4.0
2091	2628	3.0
2091	2846	4.0
2091	2901	3.0
2091	2991	4.0
2091	3110	4.0
2091	3463	3.0
2091	3691	3.0
2091	3692	3.0
2091	4200	5.0
2091	4212	5.0
2091	4305	4.0
2091	4416	4.0
2091	4513	1.0
2091	4527	3.0
2091	4831	3.0
2091	5319	3.0
2091	5861	4.0
2091	6028	3.0
2091	6190	3.0
2091	6637	4.0
2091	6770	4.0
2091	6875	3.0
2117	20	5.0
2117	256	2.0
2117	483	3.0
2117	500	4.0
2117	818	5.0
2117	821	4.0
2117	1226	3.0
2117	1346	3.0
2117	1607	3.0
2117	1702	5.0
2117	1826	4.0
2117	2159	2.0
2117	2571	4.0
2117	2585	4.0
2117	2901	3.0
2117	3045	2.0
2117	3266	5.0
2117	3423	4.0
2117	3794	4.0
2117	4048	4.0
2117	4649	2.0
2117	4706	4.0
2117	4927	5.0
2117	5236	3.0
2117	5567	3.0
2117	5582	3.0
2117	5593	4.0
2117	6262	4.0
2117	6393	4.0
2117	6396	4.0
2117	6849	3.0
2117	6855	4.0
2117	6878	5.0
2176	1	3.0
2176	220	5.0
2176	243	4.0
2176	353	5.0
2176	528	4.0
2176	596	5.0
2176	913	5.0
2176	959	4.0
2176	1159	3.0
2176	1377	4.0
2176	1770	5.0
2176	2278	4.0
2176	2324	4.0
2176	2939	5.0
2176	3017	4.0
2176	3060	5.0
2176	3661	4.0
2176	3821	4.0
2176	3910	3.0
2176	4206	5.0
2176	4592	4.0
2176	4926	3.0
2176	5258	3.0
2176	5323	5.0
2176	5394	3.0
2176	6175	4.0
2176	6200	3.0
2176	6849	3.0
2176	6953	4.0
2196	97	3.0
2196	178	3.0
2196	185	4.0
2196	220	5.0
2196	676	3.0
2196	1432	3.0
2196	1760	3.0
2196	1813	3.0
2196	1957	2.0
2196	1999	4.0
2196	2025	5.0
2196	2611	4.0
2196	2739	5.0
2196	2786	5.0
2196	2806	3.0
2196	3060	3.0
2196	3147	4.0
2196	3198	4.0
2196	3431	5.0
2196	3440	4.0
2196	3486	2.0
2196	3497	5.0
2196	3753	4.0
2196	3754	4.0
2196	3781	5.0
2196	4135	3.0
2196	4201	4.0
2196	4309	4.0
2196	4520	3.0
2196	4711	3.0
2196	5057	4.0
2196	5100	3.0
2196	5154	4.0
2196	5386	5.0
2196	5714	5.0
2196	6397	5.0
2196	6510	3.0
2196	6739	3.0
2196	6770	3.0
2345	72	2.0
2345	236	2.0
2345	324	3.0
2345	624	2.0
2345	921	4.0
2345	931	5.0
2345	1030	4.0
2345	2021	4.0
2345	2072	2.0
2345	2135	4.0
2345	2421	4.0
2345	2522	3.0
2345	2564	4.0
2345	2762	4.0
2345	2806	2.0
2345	3056	3.0
2345	3193	5.0
2345	3407	4.0
2345	3690	3.0
2345	3766	3.0
2345	3834	3.0
2345	4135	2.0
2345	4180	2.0
2345	4381	4.0
2345	4485	3.0
2345	4628	4.0
2345	4993	4.0
2345	5049	4.0
2345	5154	3.0
2345	5572	4.0
2345	6036	3.0
2345	6578	3.0
2345	6770	4.0
2377	421	1.0
2377	500	3.0
2377	812	1.0
2377	818	4.0
2377	1065	2.0
2377	1074	2.0
2377	1077	4.0
2377	1294	5.0
2377	1300	2.0
2377	1301	4.0
2377	1488	4.0
2377	1503	5.0
2377	1591	1.0
2377	1774	3.0
2377	1779	5.0
2377	1871	1.0
2377	1999	3.0
2377	2135	4.0
2377	2199	2.0
2377	2462	5.0
2377	2609	5.0
2377	2874	2.0
2377	2960	1.0
2377	3018	1.0
2377	3060	3.0
2377	3309	3.0
2377	3394	4.0
2377	3436	3.0
2377	3852	3.0
2377	3991	3.0
2377	4200	2.0
2377	4236	5.0
2377	4457	4.0
2377	4857	3.0
2377	4990	5.0
2377	4993	2.0
2377	5049	3.0
2377	5124	4.0
2377	5145	2.0
2377	5154	2.0
2377	5236	4.0
2377	5440	3.0
2377	6350	3.0
2377	6370	2.0
2377	6578	4.0
2426	141	5.0
2426	234	3.0
2426	243	3.0
2426	399	4.0
2426	613	4.0
2426	680	4.0
2426	1001	4.0
2426	1483	5.0
2426	1563	4.0
2426	1740	3.0
2426	1999	3.0
2426	2248	4.0
2426	2325	4.0
2426	2425	4.0
2426	2462	5.0
2426	2839	5.0
2426	3099	3.0
2426	3449	4.0
2426	4001	4.0
2426	4097	4.0
2426	4463	4.0
2426	4774	4.0
2426	4791	4.0
2426	4982	4.0
2426	5258	5.0
2426	5304	3.0
2426	5401	4.0
2426	5566	5.0
2426	5659	3.0
2426	6416	2.0
2426	6536	3.0
2426	6691	4.0
2426	6962	4.0
2498	13	4.0
2498	528	4.0
2498	601	4.0
2498	683	3.0
2498	1030	5.0
2498	1077	4.0
2498	1080	4.0
2498	1239	3.0
2498	1469	3.0
2498	1587	5.0
2498	1770	4.0
2498	2029	5.0
2498	2240	4.0
2498	2356	5.0
2498	2519	4.0
2498	2520	4.0
2498	3192	5.0
2498	3275	3.0
2498	3378	3.0
2498	4135	4.0
2498	4927	4.0
2498	5389	3.0
2498	5698	3.0
2498	6523	5.0
2498	6957	4.0
2500	133	4.0
2500	221	3.0
2500	313	3.0
2500	353	4.0
2500	612	3.0
2500	789	3.0
2500	913	3.0
2500	948	2.0
2500	1355	3.0
2500	1772	4.0
2500	1799	4.0
2500	1941	4.0
2500	2166	5.0
2500	2384	3.0
2500	2462	4.0
2500	2528	3.0
2500	2715	3.0
2500	2801	4.0
2500	2886	3.0
2500	3024	4.0
2500	3563	3.0
2500	3693	3.0
2500	3794	4.0
2500	3955	5.0
2500	4084	3.0
2500	4094	4.0
2500	4329	3.0
2500	4390	4.0
2500	4487	5.0
2500	4527	3.0
2500	4665	3.0
2500	4712	2.0
2500	4759	3.0
2500	5150	2.0
2500	5193	2.0
2500	5222	3.0
2500	5265	4.0
2500	5302	3.0
2500	5386	4.0
2500	5423	3.0
2500	5569	2.0
2500	5670	4.0
2500	6169	4.0
2500	6217	4.0
2500	6578	4.0
2500	6626	3.0
2523	552	2.0
2523	629	4.0
2523	816	3.0
2523	1030	4.0
2523	1181	4.0
2523	1607	4.0
2523	1703	3.0
2523	1760	3.0
2523	1859	4.0
2523	1888	3.0
2523	2356	5.0
2523	2612	4.0
2523	3866	5.0
2523	4462	4.0
2523	4658	4.0
2523	4685	3.0
2523	4706	4.0
2523	4927	3.0
2523	5005	4.0
2523	5236	3.0
2523	5262	3.0
2523	5394	4.0
2523	5566	3.0
2523	5582	4.0
2523	5591	4.0
2523	5909	3.0
2523	6367	3.0
2523	6396	5.0
2523	6691	4.0
2523	6881	5.0
2535	61	3.0
2535	174	3.0
2535	419	4.0
2535	421	3.0
2535	562	3.0
2535	576	3.0
2535	832	5.0
2535	835	4.0
2535	1030	4.0
2535	1377	4.0
2535	1513	4.0
2535	1522	3.0
2535	1607	4.0
2535	1772	4.0
2535	1808	3.0
2535	2421	4.0
2535	2562	4.0
2535	2708	4.0
2535	2844	3.0
2535	2959	4.0
2535	3114	4.0
2535	3386	4.0
2535	3622	4.0
2535	3649	3.0
2535	3682	4.0
2535	4020	4.0
2535	4065	3.0
2535	4109	4.0
2535	4140	4.0
2535	4230	3.0
2535	4270	3.0
2535	4649	3.0
2535	4658	4.0
2535	4881	3.0
2535	4923	4.0
2535	5005	3.0
2535	5394	4.0
2535	5401	4.0
2535	5469	5.0
2535	5572	4.0
2535	5597	4.0
2535	5600	4.0
2535	5686	3.0
2535	5820	4.0
2535	5910	4.0
2535	6133	3.0
2535	6232	3.0
2535	6316	4.0
2535	6396	3.0
2535	6426	4.0
2535	6661	3.0
2535	6691	5.0
2535	6854	3.0
2535	6909	3.0
2537	369	5.0
2537	857	3.0
2537	1093	4.0
2537	1419	5.0
2537	1441	4.0
2537	1847	5.0
2537	1881	3.0
2537	2029	5.0
2537	2252	4.0
2537	2268	5.0
2537	2289	3.0
2537	2522	4.0
2537	2706	4.0
2537	3052	3.0
2537	3326	5.0
2537	3689	3.0
2537	3728	3.0
2537	3739	5.0
2537	4053	5.0
2537	4441	3.0
2537	4673	3.0
2537	4926	5.0
2537	4934	5.0
2537	4958	3.0
2537	5251	4.0
2537	5394	5.0
2537	5581	3.0
2537	5910	3.0
2537	6283	5.0
2537	6643	4.0
2544	113	5.0
2544	296	4.0
2544	371	5.0
2544	465	5.0
2544	778	4.0
2544	787	4.0
2544	832	5.0
2544	912	5.0
2544	1772	5.0
2544	1876	5.0
2544	1928	3.0
2544	2085	3.0
2544	2517	3.0
2544	2780	5.0
2544	2801	3.0
2544	3964	4.0
2544	4094	5.0
2544	4487	3.0
2544	4501	4.0
2544	4503	5.0
2544	4596	4.0
2544	4893	4.0
2544	5423	3.0
2544	6072	3.0
2544	6317	5.0
2544	6558	4.0
2544	6626	5.0
2544	6646	4.0
2544	6807	5.0
2544	6955	5.0
2633	194	3.0
2633	294	5.0
2633	311	3.0
2633	352	3.0
2633	448	3.0
2633	484	3.0
2633	505	5.0
2633	574	5.0
2633	629	3.0
2633	681	3.0
2633	782	4.0
2633	827	4.0
2633	833	5.0
2633	913	5.0
2633	936	4.0
2633	1061	3.0
2633	1077	4.0
2633	1080	4.0
2633	1202	2.0
2633	1377	4.0
2633	1531	5.0
2633	1760	3.0
2633	1779	5.0
2633	1881	3.0
2633	1904	3.0
2633	2161	3.0
2633	2264	5.0
2633	2302	3.0
2633	2386	4.0
2633	2509	3.0
2633	2511	3.0
2633	2609	5.0
2633	2725	3.0
2633	2787	3.0
2633	2842	3.0
2633	2858	5.0
2633	2980	5.0
2633	2995	4.0
2633	3028	5.0
2633	3089	3.0
2633	3129	3.0
2633	3147	3.0
2633	3237	4.0
2633	3277	5.0
2633	3309	5.0
2633	3438	3.0
2633	3483	3.0
2633	3694	5.0
2633	3941	3.0
2633	4008	4.0
2633	4189	4.0
2633	4230	1.0
2633	4254	4.0
2633	4307	5.0
2633	4365	4.0
2633	4457	4.0
2633	4665	5.0
2633	4672	4.0
2633	4769	5.0
2633	4779	3.0
2633	4857	3.0
2633	4982	4.0
2633	4993	3.0
2633	5012	4.0
2633	5293	2.0
2633	5304	4.0
2633	5347	4.0
2633	5407	5.0
2633	5686	3.0
2633	5781	5.0
2633	5827	5.0
2633	5910	4.0
2633	5939	3.0
2633	5998	5.0
2633	6182	4.0
2633	6193	5.0
2633	6232	5.0
2633	6253	4.0
2633	6426	3.0
2633	6479	2.0
2633	6659	5.0
2633	6776	3.0
2633	6799	3.0
2657	166	3.0
2657	369	3.0
2657	816	5.0
2657	1030	4.0
2657	1171	4.0
2657	1195	5.0
2657	1292	1.0
2657	1361	3.0
2657	1384	5.0
2657	1770	5.0
2657	1782	4.0
2657	1951	4.0
2657	2622	5.0
2657	2706	4.0
2657	2756	4.0
2657	3052	4.0
2657	3378	3.0
2657	4054	3.0
2657	4385	3.0
2657	4399	4.0
2657	4726	3.0
2657	4926	4.0
2657	4958	3.0
2657	5172	3.0
2657	5686	4.0
2657	6139	3.0
2657	6544	4.0
2657	6561	5.0
2691	136	4.0
2691	475	3.0
2691	513	3.0
2691	604	5.0
2691	682	3.0
2691	747	4.0
2691	923	2.0
2691	1030	4.0
2691	1077	4.0
2691	1080	4.0
2691	1377	4.0
2691	1664	5.0
2691	1762	5.0
2691	1770	5.0
2691	2350	5.0
2691	2458	5.0
2691	2477	4.0
2691	2839	5.0
2691	2965	3.0
2691	3026	5.0
2691	3060	4.0
2691	3828	3.0
2691	3856	4.0
2691	4161	3.0
2691	4202	4.0
2691	4922	4.0
2691	4928	4.0
2691	5258	5.0
2691	5283	3.0
2691	5686	3.0
2691	6145	4.0
2691	6179	3.0
2691	6523	3.0
2691	6691	5.0
2777	7	4.0
2777	141	5.0
2777	223	5.0
2777	421	5.0
2777	613	4.0
2777	896	4.0
2777	1001	4.0
2777	1125	2.0
2777	1297	4.0
2777	1470	4.0
2777	1607	3.0
2777	1881	4.0
2777	1999	3.0
2777	2028	4.0
2777	2104	4.0
2777	2340	4.0
2777	2806	3.0
2777	2846	5.0
2777	3052	5.0
2777	3150	3.0
2777	3407	2.0
2777	3517	4.0
2777	3613	3.0
2777	3680	3.0
2777	3781	4.0
2777	4164	3.0
2777	4241	4.0
2777	4309	4.0
2777	4590	2.0
2777	4791	4.0
2777	4922	4.0
2777	4993	3.0
2777	5082	5.0
2777	5150	2.0
2777	5154	3.0
2777	5228	4.0
2777	5236	4.0
2777	5262	3.0
2777	5304	4.0
2777	5386	5.0
2777	5534	3.0
2777	5566	4.0
2777	5582	5.0
2777	5934	3.0
2777	6440	1.0
2777	6691	5.0
2777	6770	3.0
2845	817	4.0
2845	936	2.0
2845	1145	3.0
2845	1195	5.0
2845	1248	4.0
2845	1607	3.0
2845	1770	5.0
2845	1808	3.0
2845	1859	4.0
2845	1999	3.0
2845	2015	3.0
2845	2069	4.0
2845	2462	5.0
2845	2529	3.0
2845	2698	4.0
2845	2717	4.0
2845	2818	4.0
2845	2923	4.0
2845	3060	4.0
2845	3095	3.0
2845	3754	4.0
2845	4180	2.0
2845	4206	5.0
2845	4439	4.0
2845	4559	3.0
2845	4592	3.0
2845	5049	4.0
2845	5178	3.0
2845	5386	4.0
2845	5567	4.0
2845	5698	4.0
2845	6232	4.0
2845	6953	5.0
2845	6955	4.0
2845	6963	3.0
2897	1	3.0
2897	475	4.0
2897	605	4.0
2897	1223	4.0
2897	1287	3.0
2897	1308	3.0
2897	1338	3.0
2897	1441	5.0
2897	1491	3.0
2897	1782	3.0
2897	2421	3.0
2897	2772	4.0
2897	2859	5.0
2897	3192	5.0
2897	3378	3.0
2897	3649	4.0
2897	4012	3.0
2897	4186	4.0
2897	4423	5.0
2897	5432	4.0
2897	5590	4.0
2897	5649	3.0
2897	5686	3.0
2897	5719	3.0
2897	6427	4.0
2897	6922	3.0
2978	399	5.0
2978	417	4.0
2978	421	4.0
2978	519	4.0
2978	619	5.0
2978	680	4.0
2978	1476	5.0
2978	1483	5.0
2978	2221	5.0
2978	2325	4.0
2978	2362	5.0
2978	2444	4.0
2978	2462	5.0
2978	2900	4.0
2978	2921	5.0
2978	2924	4.0
2978	3024	5.0
2978	3449	4.0
2978	3695	4.0
2978	3745	5.0
2978	3997	4.0
2978	4067	4.0
2978	4206	5.0
2978	4253	5.0
2978	4628	4.0
2978	4885	4.0
2978	4924	5.0
2978	5387	5.0
2978	5443	5.0
2978	5541	4.0
2978	6682	5.0
2978	6953	5.0
