User	Movie	Rating
29	180	4.0
29	371	3.0
29	557	5.0
29	847	3.0
29	1125	3.0
29	1185	3.0
29	1419	3.0
29	1432	4.0
29	1728	3.0
29	1871	2.0
29	2029	4.0
29	2159	3.0
29	2168	4.0
29	2340	4.0
29	2384	3.0
29	3056	4.0
29	3100	4.0
29	3527	3.0
29	3564	3.0
29	3777	3.0
29	4272	4.0
29	4309	4.0
29	4469	4.0
29	4617	3.0
29	4916	4.0
29	4951	3.0
29	5005	4.0
29	5251	3.0
29	5257	3.0
29	5263	3.0
29	5386	5.0
29	5581	4.0
29	5962	4.0
29	6182	3.0
29	6217	5.0
29	6310	4.0
29	6664	5.0
29	6731	4.0
29	6955	4.0
80	233	3.0
80	292	4.0
80	549	3.0
80	699	5.0
80	1030	4.0
80	1045	4.0
80	1175	4.0
80	1631	3.0
80	1896	4.0
80	2792	5.0
80	3010	5.0
80	3078	4.0
80	3276	3.0
80	3779	5.0
80	3781	5.0
80	3787	4.0
80	3794	5.0
80	3874	3.0
80	3946	3.0
80	4244	4.0
80	4596	4.0
80	5297	4.0
80	5402	4.0
80	6369	3.0
80	6539	3.0
110	172	5.0
110	217	5.0
110	243	5.0
110	500	4.0
110	629	5.0
110	671	5.0
110	817	5.0
110	828	3.0
110	1073	5.0
110	1076	5.0
110	1432	5.0
110	1608	5.0
110	1667	4.0
110	1941	5.0
110	2132	5.0
110	2384	5.0
110	2460	5.0
110	2532	5.0
110	2606	4.0
110	2973	5.0
110	3024	5.0
110	3141	5.0
110	3538	5.0
110	3690	4.0
110	3781	5.0
110	4186	5.0
110	4390	5.0
110	4590	5.0
110	4623	5.0
110	4743	5.0
110	4801	5.0
110	4922	4.0
110	4927	5.0
110	5328	5.0
110	5663	5.0
110	5665	5.0
110	5700	5.0
110	5711	5.0
110	5848	5.0
110	5849	4.0
110	5871	4.0
110	5934	5.0
110	5993	5.0
110	6203	5.0
110	6244	5.0
110	6916	5.0
154	174	5.0
154	496	4.0
154	874	5.0
154	913	3.0
154	947	1.0
154	1622	4.0
154	1728	5.0
154	1813	5.0
154	1855	4.0
154	1857	4.0
154	1881	4.0
154	1941	4.0
154	1958	3.0
154	2029	5.0
154	2117	4.0
154	2135	4.0
154	2421	4.0
154	2564	5.0
154	2606	5.0
154	2730	4.0
154	3008	4.0
154	3144	4.0
154	3387	2.0
154	3427	3.0
154	3463	4.0
154	3555	1.0
154	3592	3.0
154	3777	5.0
154	4285	3.0
154	4398	4.0
154	4464	4.0
154	4559	3.0
154	4596	5.0
154	4860	4.0
154	6041	4.0
154	6043	5.0
154	6109	4.0
154	6171	3.0
154	6472	4.0
154	6635	3.0
154	6916	3.0
154	6921	3.0
155	223	4.0
155	323	4.0
155	341	4.0
155	369	4.0
155	561	3.0
155	612	2.0
155	807	3.0
155	912	4.0
155	1171	3.0
155	1448	1.0
155	1588	3.0
155	1629	4.0
155	1728	4.0
155	1941	3.0
155	2159	3.0
155	2756	3.0
155	2931	3.0
155	2932	4.0
155	3095	4.0
155	3141	3.0
155	3309	3.0
155	3324	2.0
155	3378	3.0
155	3690	3.0
155	3692	3.0
155	3777	4.0
155	3781	4.0
155	3791	5.0
155	3863	1.0
155	4037	3.0
155	4054	4.0
155	4135	2.0
155	4180	3.0
155	4236	3.0
155	4296	5.0
155	4477	4.0
155	4517	3.0
155	4555	4.0
155	4658	4.0
155	4706	3.0
155	4889	4.0
155	5047	2.0
155	5059	3.0
155	5294	4.0
155	5385	3.0
155	5386	4.0
155	5445	4.0
155	5581	3.0
155	5630	3.0
155	5864	4.0
155	5978	4.0
155	6053	4.0
155	6055	2.0
155	6199	3.0
155	6208	4.0
155	6370	4.0
155	6740	4.0
155	6813	2.0
155	6881	5.0
317	1	3.0
317	124	5.0
317	180	4.0
317	210	4.0
317	217	5.0
317	309	4.0
317	341	3.0
317	346	4.0
317	369	4.0
317	437	5.0
317	513	3.0
317	542	4.0
317	565	4.0
317	574	4.0
317	709	4.0
317	714	4.0
317	828	3.0
317	861	4.0
317	919	4.0
317	921	4.0
317	1077	4.0
317	1125	5.0
317	1226	4.0
317	1247	4.0
317	1249	5.0
317	1377	4.0
317	1432	5.0
317	1608	5.0
317	1759	5.0
317	1779	4.0
317	1822	3.0
317	1894	3.0
317	1933	3.0
317	1956	3.0
317	2028	4.0
317	2069	3.0
317	2128	4.0
317	2167	5.0
317	2174	4.0
317	2196	4.0
317	2287	5.0
317	2300	3.0
317	2482	3.0
317	2521	5.0
317	2609	4.0
317	2633	4.0
317	2717	4.0
317	2758	3.0
317	2839	5.0
317	2874	4.0
317	2968	5.0
317	3011	3.0
317	3024	4.0
317	3025	5.0
317	3051	3.0
317	3076	3.0
317	3150	4.0
317	3157	3.0
317	3193	3.0
317	3203	5.0
317	3205	3.0
317	3268	4.0
317	3309	3.0
317	3418	3.0
317	3527	4.0
317	3622	4.0
317	3629	4.0
317	3649	3.0
317	3651	4.0
317	3690	3.0
317	3743	3.0
317	3921	3.0
317	3998	3.0
317	4065	4.0
317	4094	3.0
317	4097	4.0
317	4126	3.0
317	4180	3.0
317	4206	4.0
317	4295	5.0
317	4372	3.0
317	4392	4.0
317	4457	5.0
317	4480	3.0
317	4523	4.0
317	4559	2.0
317	4569	2.0
317	4622	3.0
317	4748	4.0
317	4842	3.0
317	4857	4.0
317	4922	4.0
317	4933	4.0
317	4979	3.0
317	5012	4.0
317	5015	3.0
317	5028	5.0
317	5207	3.0
317	5251	4.0
317	5344	5.0
317	5750	4.0
317	5910	4.0
317	6109	4.0
317	6145	4.0
317	6179	3.0
317	6432	4.0
317	6672	4.0
317	6914	3.0
317	6916	3.0
317	6945	4.0
317	6955	4.0
348	174	5.0
348	532	5.0
348	1647	5.0
348	1876	5.0
348	2627	4.0
348	2706	5.0
348	2846	5.0
348	3024	5.0
348	3292	5.0
348	3520	5.0
348	3570	5.0
348	3592	5.0
348	3684	4.0
348	3717	4.0
348	4694	5.0
348	4889	5.0
348	4923	5.0
348	4927	5.0
348	5053	4.0
348	5347	4.0
348	5879	4.0
348	6432	4.0
371	209	5.0
371	276	4.0
371	500	5.0
371	629	3.0
371	817	5.0
371	1608	5.0
371	1728	5.0
371	1770	5.0
371	1881	1.0
371	2274	5.0
371	2739	5.0
371	2901	4.0
371	2962	4.0
371	3419	5.0
371	3439	3.0
371	3499	5.0
371	3564	5.0
371	3632	4.0
371	3690	3.0
371	3856	2.0
371	4236	5.0
371	4620	4.0
371	4673	4.0
371	4707	3.0
371	4932	3.0
371	5423	4.0
371	5592	2.0
371	6523	5.0
371	6682	5.0
398	217	5.0
398	254	3.0
398	653	4.0
398	817	4.0
398	939	5.0
398	958	4.0
398	1061	5.0
398	1077	5.0
398	1454	4.0
398	1576	4.0
398	1608	4.0
398	1613	4.0
398	1663	4.0
398	1772	4.0
398	1808	5.0
398	1859	4.0
398	1941	5.0
398	2041	4.0
398	2159	3.0
398	2221	3.0
398	2287	4.0
398	2353	4.0
398	2425	4.0
398	2461	4.0
398	2462	4.0
398	2529	3.0
398	2706	4.0
398	2717	5.0
398	2787	4.0
398	2792	5.0
398	3075	5.0
398	3129	4.0
398	3295	4.0
398	3307	4.0
398	3343	3.0
398	3376	3.0
398	3410	3.0
398	3449	3.0
398	3687	4.0
398	3720	4.0
398	3777	4.0
398	3834	3.0
398	3984	5.0
398	4151	4.0
398	4295	4.0
398	4309	3.0
398	4421	5.0
398	4847	3.0
398	4951	3.0
398	5082	4.0
398	5248	3.0
398	5282	3.0
398	5288	3.0
398	5294	5.0
398	5299	4.0
398	5344	4.0
398	5436	3.0
398	5582	5.0
398	5651	4.0
398	5698	4.0
398	5785	5.0
398	5845	3.0
398	6200	4.0
398	6203	4.0
398	6280	4.0
398	6286	2.0
398	6377	4.0
398	6583	3.0
398	6691	4.0
398	6931	3.0
403	132	3.0
403	194	2.0
403	294	3.0
403	549	3.0
403	629	3.0
403	649	4.0
403	1001	3.0
403	1171	3.0
403	1608	3.0
403	1632	3.0
403	1753	3.0
403	1780	3.0
403	1953	2.0
403	2017	4.0
403	2029	3.0
403	2135	3.0
403	2340	4.0
403	2421	4.0
403	2425	4.0
403	2462	3.0
403	3141	3.0
403	3150	3.0
403	3331	3.0
403	3630	3.0
403	3781	4.0
403	3792	3.0
403	4001	4.0
403	4596	4.0
403	4649	2.0
403	4927	5.0
403	5145	2.0
403	5236	3.0
403	5304	4.0
403	5592	3.0
403	5842	3.0
403	6105	4.0
403	6253	4.0
403	6273	4.0
403	6368	3.0
403	6773	4.0
414	232	2.0
414	578	3.0
414	770	4.0
414	1307	4.0
414	1377	3.0
414	1384	3.0
414	1432	4.0
414	1617	3.0
414	1834	4.0
414	2029	5.0
414	2384	3.0
414	2806	2.0
414	3028	5.0
414	3100	4.0
414	3102	5.0
414	3319	5.0
414	3649	3.0
414	3747	5.0
414	3778	4.0
414	4135	3.0
414	4205	4.0
414	4457	5.0
414	4484	5.0
414	4791	4.0
414	5150	2.0
414	5194	1.0
414	5572	5.0
414	6244	2.0
414	6350	4.0
414	6955	4.0
429	43	2.0
429	131	4.0
429	233	3.0
429	276	4.0
429	346	4.0
429	656	3.0
429	729	3.0
429	846	4.0
429	861	4.0
429	986	3.0
429	1079	3.0
429	1415	3.0
429	1515	3.0
429	1527	4.0
429	1650	4.0
429	1654	3.0
429	1835	3.0
429	2003	4.0
429	2135	4.0
429	2615	4.0
429	2633	3.0
429	2931	4.0
429	2960	4.0
429	2982	3.0
429	3025	3.0
429	3239	3.0
429	3427	3.0
429	3551	3.0
429	3623	4.0
429	3779	4.0
429	3796	4.0
429	3856	4.0
429	4173	4.0
429	4463	4.0
429	4553	4.0
429	4658	4.0
429	4928	5.0
429	5213	3.0
429	5435	3.0
429	5792	4.0
429	5819	3.0
429	6232	4.0
429	6370	4.0
429	6523	4.0
429	6645	4.0
429	6881	4.0
452	1	3.0
452	99	3.0
452	112	3.0
452	180	5.0
452	192	3.0
452	353	5.0
452	512	5.0
452	552	2.0
452	605	5.0
452	747	3.0
452	1061	3.0
452	1165	3.0
452	1321	3.0
452	1455	4.0
452	1532	2.0
452	1670	4.0
452	1772	3.0
452	1847	5.0
452	1870	4.0
452	1875	5.0
452	1876	5.0
452	1941	3.0
452	2135	5.0
452	2169	3.0
452	2197	3.0
452	2431	2.0
452	2522	3.0
452	2704	4.0
452	2739	5.0
452	2742	3.0
452	2780	3.0
452	2859	5.0
452	3025	5.0
452	3026	5.0
452	3192	5.0
452	3371	3.0
452	3440	5.0
452	3564	4.0
452	3577	4.0
452	3848	3.0
452	3873	5.0
452	3963	3.0
452	4135	5.0
452	4271	3.0
452	4323	3.0
452	4484	4.0
452	4523	4.0
452	4658	4.0
452	4875	3.0
452	4894	3.0
452	5053	4.0
452	5147	2.0
452	5539	3.0
452	5581	3.0
452	5595	3.0
452	5597	4.0
452	5725	3.0
452	6479	3.0
452	6491	5.0
452	6586	2.0
452	6671	2.0
452	6691	5.0
452	6962	3.0
497	369	5.0
497	371	4.0
497	817	5.0
497	858	4.0
497	923	3.0
497	1077	5.0
497	1388	3.0
497	1740	4.0
497	2384	4.0
497	2512	5.0
497	2598	5.0
497	2763	4.0
497	2991	4.0
497	3008	4.0
497	3024	4.0
497	3109	3.0
497	3690	4.0
497	4135	4.0
497	4180	5.0
497	4230	4.0
497	4590	3.0
497	4684	4.0
497	4852	3.0
497	4926	5.0
497	5236	4.0
497	5294	5.0
497	5663	5.0
497	5700	5.0
497	5928	5.0
497	6310	5.0
497	6439	3.0
497	6691	5.0
497	6704	5.0
497	6726	5.0
497	6952	4.0
515	768	3.0
515	832	5.0
515	1239	4.0
515	1440	5.0
515	1503	4.0
515	1513	4.0
515	1532	4.0
515	1558	5.0
515	1571	3.0
515	1670	4.0
515	2017	2.0
515	2178	2.0
515	2188	3.0
515	2386	3.0
515	2431	2.0
515	2498	5.0
515	2787	3.0
515	2788	4.0
515	2928	4.0
515	3013	4.0
515	3024	5.0
515	3239	5.0
515	3281	2.0
515	3301	5.0
515	3326	5.0
515	3465	3.0
515	3551	2.0
515	3564	5.0
515	3570	3.0
515	3649	4.0
515	3669	4.0
515	3754	4.0
515	3856	3.0
515	3873	4.0
515	4117	3.0
515	4296	5.0
515	4334	3.0
515	4658	4.0
515	4673	3.0
515	5461	3.0
515	5634	5.0
515	5978	3.0
515	6138	3.0
515	6526	1.0
515	6659	4.0
515	6891	3.0
554	170	4.0
554	588	5.0
554	832	5.0
554	919	4.0
554	1077	5.0
554	1180	5.0
554	1421	5.0
554	1617	5.0
554	2017	4.0
554	2098	5.0
554	2613	5.0
554	2762	5.0
554	2838	5.0
554	2841	4.0
554	3008	4.0
554	3017	5.0
554	3100	5.0
554	3226	3.0
554	3267	5.0
554	3371	5.0
554	3386	5.0
554	3564	5.0
554	3670	5.0
554	3781	5.0
554	3822	4.0
554	3949	5.0
554	4034	4.0
554	4037	5.0
554	4239	5.0
554	4743	5.0
554	4894	4.0
554	5231	5.0
554	6203	4.0
554	6253	5.0
554	6273	4.0
554	6328	4.0
554	6370	5.0
554	6491	5.0
618	126	3.0
618	180	5.0
618	223	5.0
618	1001	4.0
618	1077	4.0
618	1080	5.0
618	1181	4.0
618	1629	5.0
618	1956	3.0
618	2298	4.0
618	3056	4.0
618	3065	4.0
618	3240	4.0
618	3301	5.0
618	3777	4.0
618	4067	4.0
618	4523	4.0
618	4889	5.0
618	5347	5.0
618	6491	5.0
666	1	5.0
666	54	5.0
666	374	5.0
666	530	5.0
666	635	5.0
666	747	5.0
666	821	4.0
666	983	4.0
666	1521	3.0
666	1859	4.0
666	2221	4.0
666	2320	5.0
666	2350	3.0
666	2721	4.0
666	2725	5.0
666	2797	4.0
666	2824	5.0
666	3025	5.0
666	3427	2.0
666	3570	4.0
666	3777	4.0
666	3856	3.0
666	4186	5.0
666	4665	4.0
666	5249	3.0
666	5386	4.0
666	5571	5.0
666	5719	4.0
666	5875	5.0
666	6310	5.0
666	6328	3.0
666	6334	5.0
666	6561	4.0
666	6691	5.0
666	6915	4.0
709	729	3.0
709	861	3.0
709	1070	3.0
709	1399	3.0
709	1587	3.0
709	1684	2.0
709	1881	3.0
709	2120	3.0
709	2135	4.0
709	2186	3.0
709	2188	4.0
709	2286	3.0
709	2330	4.0
709	2436	4.0
709	2633	3.0
709	2846	5.0
709	3141	2.0
709	3449	5.0
709	3568	3.0
709	3613	2.0
709	4316	5.0
709	4339	2.0
709	4647	2.0
709	4783	2.0
709	4791	4.0
709	5129	5.0
709	5150	2.0
709	5311	3.0
709	5928	4.0
709	6198	3.0
709	6244	4.0
709	6370	4.0
709	6416	2.0
734	217	5.0
734	223	4.0
734	356	4.0
734	519	4.0
734	524	3.0
734	818	3.0
734	821	4.0
734	959	3.0
734	1055	3.0
734	1242	3.0
734	1325	4.0
734	1419	4.0
734	1903	5.0
734	2221	4.0
734	2676	4.0
734	2711	4.0
734	3270	3.0
734	3296	4.0
734	3301	2.0
734	3529	5.0
734	3651	4.0
734	3739	3.0
734	4037	5.0
734	4666	5.0
734	5053	2.0
734	5386	3.0
734	5566	3.0
734	5659	4.0
734	6208	5.0
734	6275	3.0
734	6310	4.0
734	6312	3.0
734	6561	3.0
734	6685	5.0
734	6691	4.0
734	6955	3.0
753	124	3.0
753	347	3.0
753	371	3.0
753	387	2.0
753	399	4.0
753	475	5.0
753	483	2.0
753	553	4.0
753	557	3.0
753	649	3.0
753	755	3.0
753	1065	2.0
753	1070	2.0
753	1076	4.0
753	1513	4.0
753	1527	3.0
753	1654	3.0
753	1760	3.0
753	1799	4.0
753	1826	2.0
753	2135	3.0
753	2151	2.0
753	2186	2.0
753	2221	3.0
753	2252	3.0
753	2326	3.0
753	2350	3.0
753	2722	3.0
753	2825	3.0
753	2874	2.0
753	2899	3.0
753	3027	4.0
753	3056	2.0
753	3110	3.0
753	3147	3.0
753	3295	3.0
753	3310	3.0
753	3418	4.0
753	3449	3.0
753	3527	1.0
753	3564	3.0
753	3613	3.0
753	3692	3.0
753	3739	5.0
753	3794	3.0
753	4072	3.0
753	4317	3.0
753	4448	3.0
753	4459	3.0
753	4672	3.0
753	4684	4.0
753	4729	3.0
753	4860	3.0
753	4937	3.0
753	5297	3.0
753	5392	3.0
753	5445	4.0
753	5560	1.0
753	5642	4.0
753	6024	3.0
753	6198	2.0
753	6271	2.0
753	6287	3.0
753	6578	2.0
753	6664	2.0
753	6685	3.0
757	3	3.0
757	223	5.0
757	1070	4.0
757	1162	5.0
757	1432	4.0
757	1503	3.0
757	1608	4.0
757	1728	5.0
757	2033	3.0
757	2188	4.0
757	2384	5.0
757	2609	4.0
757	2846	5.0
757	2901	4.0
757	3649	3.0
757	3787	4.0
757	4001	4.0
757	4067	3.0
757	4135	3.0
757	4186	4.0
757	4435	5.0
757	4623	5.0
757	4743	5.0
757	4791	5.0
757	4857	5.0
757	4889	4.0
757	4922	5.0
757	5791	3.0
757	6229	3.0
757	6370	3.0
757	6682	4.0
1180	178	5.0
1180	236	3.0
1180	254	5.0
1180	348	4.0
1180	723	5.0
1180	905	5.0
1180	1074	3.0
1180	1077	4.0
1180	2421	4.0
1180	2444	5.0
1180	2900	5.0
1180	2931	4.0
1180	4096	5.0
1180	4135	4.0
1180	4200	4.0
1180	4592	4.0
1180	4777	4.0
1180	5236	5.0
1180	5289	2.0
1180	5386	5.0
1180	5405	2.0
1180	5746	4.0
1180	5879	5.0
1180	5928	4.0
1180	5956	5.0
1180	6275	5.0
1180	6365	3.0
1180	6370	5.0
1180	6523	3.0
1221	513	3.0
1221	789	4.0
1221	1352	3.0
1221	1491	4.0
1221	1606	3.0
1221	1753	3.0
1221	1953	4.0
1221	2184	3.0
1221	2633	3.0
1221	3110	4.0
1221	3124	4.0
1221	3309	5.0
1221	3400	4.0
1221	3674	4.0
1221	4295	3.0
1221	4339	4.0
1221	4638	3.0
1221	4916	3.0
1221	5293	5.0
1221	5719	4.0
1221	6062	2.0
1221	6315	4.0
1221	6369	3.0
1221	6695	3.0
1221	6854	4.0
1272	243	4.0
1272	682	5.0
1272	1076	5.0
1272	1617	5.0
1272	1876	5.0
1272	2887	4.0
1272	3295	5.0
1272	3440	4.0
1272	3471	5.0
1272	3777	5.0
1272	3778	5.0
1272	4743	5.0
1272	4924	4.0
1272	5258	4.0
1272	5566	4.0
1272	5861	3.0
1272	6022	4.0
1272	6139	4.0
1272	6487	4.0
1272	6833	3.0
1319	141	3.0
1319	211	3.0
1319	217	3.0
1319	258	2.0
1319	289	3.0
1319	370	4.0
1319	418	4.0
1319	746	3.0
1319	797	3.0
1319	831	3.0
1319	868	3.0
1319	1074	3.0
1319	1082	3.0
1319	1156	3.0
1319	1204	2.0
1319	1799	4.0
1319	1813	3.0
1319	1834	4.0
1319	2017	3.0
1319	2221	4.0
1319	2350	3.0
1319	2443	3.0
1319	2501	2.0
1319	2641	3.0
1319	2689	3.0
1319	2702	5.0
1319	2706	4.0
1319	2825	4.0
1319	3125	4.0
1319	3129	3.0
1319	3213	2.0
1319	3301	3.0
1319	3319	4.0
1319	3431	4.0
1319	3564	4.0
1319	3670	5.0
1319	3690	3.0
1319	3730	2.0
1319	3755	3.0
1319	3779	4.0
1319	4034	4.0
1319	4067	3.0
1319	4214	5.0
1319	4477	3.0
1319	4578	3.0
1319	4596	5.0
1319	4665	4.0
1319	4684	2.0
1319	4748	4.0
1319	4791	3.0
1319	4857	4.0
1319	5209	2.0
1319	5297	3.0
1319	5426	3.0
1319	5432	5.0
1319	5493	1.0
1319	5581	3.0
1319	5928	2.0
1319	6145	4.0
1319	6182	3.0
1319	6309	2.0
1319	6574	4.0
1319	6590	3.0
1319	6612	2.0
1319	6626	4.0
1319	6937	3.0
1320	180	5.0
1320	226	3.0
1320	475	5.0
1320	574	3.0
1320	833	5.0
1320	912	2.0
1320	1432	4.0
1320	1521	4.0
1320	1617	5.0
1320	1622	5.0
1320	1647	3.0
1320	1728	5.0
1320	2025	5.0
1320	2188	4.0
1320	2269	3.0
1320	2302	5.0
1320	2625	3.0
1320	3371	5.0
1320	3386	4.0
1320	3407	4.0
1320	3627	5.0
1320	3649	3.0
1320	3670	4.0
1320	3690	2.0
1320	4296	4.0
1320	4617	2.0
1320	4857	4.0
1320	4889	3.0
1320	4894	3.0
1320	4984	3.0
1320	5571	3.0
1320	5848	4.0
1320	6350	3.0
1320	6370	3.0
1320	6584	2.0
1320	6634	3.0
1321	256	3.0
1321	362	4.0
1321	708	4.0
1321	752	3.0
1321	818	5.0
1321	913	4.0
1321	1177	5.0
1321	1513	5.0
1321	1600	4.0
1321	1629	4.0
1321	1728	3.0
1321	2186	4.0
1321	2199	5.0
1321	2252	4.0
1321	2534	5.0
1321	2549	3.0
1321	2852	4.0
1321	2886	2.0
1321	2889	4.0
1321	2908	5.0
1321	3099	5.0
1321	3102	5.0
1321	3239	5.0
1321	3394	3.0
1321	3431	5.0
1321	3613	1.0
1321	3649	3.0
1321	3923	4.0
1321	4037	4.0
1321	4487	2.0
1321	4658	5.0
1321	5203	5.0
1321	5319	3.0
1321	5351	4.0
1321	5358	4.0
1321	5407	5.0
1321	5529	1.0
1321	5572	5.0
1321	5576	3.0
1321	5994	3.0
1321	6182	3.0
1321	6292	4.0
1321	6369	4.0
1321	6674	4.0
1321	6695	4.0
1321	6944	2.0
1412	171	4.0
1412	174	5.0
1412	479	5.0
1412	553	5.0
1412	831	5.0
1412	1079	4.0
1412	1377	5.0
1412	1384	4.0
1412	1432	5.0
1412	1488	4.0
1412	1728	5.0
1412	1799	5.0
1412	2029	5.0
1412	2221	4.0
1412	2421	4.0
1412	2477	4.0
1412	2823	4.0
1412	2825	3.0
1412	2973	5.0
1412	3129	4.0
1412	3204	4.0
1412	3418	4.0
1412	3449	5.0
1412	3538	5.0
1412	3601	5.0
1412	3649	4.0
1412	3821	4.0
1412	4067	4.0
1412	4187	5.0
1412	4230	2.0
1412	4295	5.0
1412	4312	5.0
1412	4463	4.0
1412	4523	4.0
1412	4596	5.0
1412	4748	5.0
1412	4857	5.0
1412	4924	5.0
1412	5145	1.0
1412	5392	5.0
1412	5445	4.0
1412	5663	4.0
1412	5936	5.0
1412	6109	3.0
1412	6232	5.0
1412	6253	5.0
1412	6350	4.0
1412	6472	4.0
1414	30	5.0
1414	87	5.0
1414	170	4.0
1414	399	5.0
1414	518	5.0
1414	817	5.0
1414	1361	3.0
1414	1545	4.0
1414	1776	5.0
1414	1903	5.0
1414	2242	5.0
1414	2264	4.0
1414	2324	4.0
1414	2421	4.0
1414	3019	2.0
1414	3026	4.0
1414	3294	4.0
1414	3371	5.0
1414	3449	4.0
1414	3517	5.0
1414	3570	5.0
1414	3595	5.0
1414	3690	4.0
1414	3720	4.0
1414	3780	5.0
1414	3781	4.0
1414	3911	4.0
1414	3977	5.0
1414	4094	4.0
1414	4125	5.0
1414	4415	5.0
1414	4513	2.0
1414	4647	2.0
1414	4743	5.0
1414	4759	4.0
1414	4852	5.0
1414	5294	5.0
1414	5326	4.0
1414	5720	2.0
1414	5910	4.0
1414	6193	3.0
1414	6685	5.0
1425	95	4.0
1425	250	5.0
1425	575	5.0
1425	923	3.0
1425	986	4.0
1425	1198	5.0
1425	1472	3.0
1425	2899	3.0
1425	2922	3.0
1425	3025	4.0
1425	3421	4.0
1425	3723	5.0
1425	3828	4.0
1425	4025	5.0
1425	4070	4.0
1425	4355	4.0
1425	4525	2.0
1425	4658	5.0
1425	4989	4.0
1425	5037	5.0
1425	5059	4.0
1425	5423	4.0
1425	5433	3.0
1425	5630	5.0
1425	5664	5.0
1425	5928	4.0
1425	6523	3.0
1425	6542	4.0
1425	6594	5.0
1453	190	5.0
1453	192	4.0
1453	649	5.0
1453	913	3.0
1453	1030	5.0
1453	1513	5.0
1453	1629	4.0
1453	1728	5.0
1453	1834	3.0
1453	1941	4.0
1453	2106	3.0
1453	2196	4.0
1453	2762	4.0
1453	2824	4.0
1453	2846	5.0
1453	2908	4.0
1453	3025	5.0
1453	3028	5.0
1453	3093	5.0
1453	3102	5.0
1453	3324	3.0
1453	3394	3.0
1453	3564	5.0
1453	3777	5.0
1453	3828	5.0
1453	3874	3.0
1453	4025	5.0
1453	4361	5.0
1453	4457	4.0
1453	4658	4.0
1453	4889	5.0
1453	5049	4.0
1453	5082	4.0
1453	5147	3.0
1453	5386	4.0
1453	5578	5.0
1453	5630	4.0
1453	5928	4.0
1453	5978	4.0
1453	6327	5.0
1453	6593	3.0
1453	6750	4.0
1453	6887	4.0
1490	223	4.0
1490	500	4.0
1490	1608	4.0
1490	1808	3.0
1490	1826	3.0
1490	1881	3.0
1490	2421	3.0
1490	2528	4.0
1490	2818	5.0
1490	2901	4.0
1490	2995	3.0
1490	3564	5.0
1490	3781	5.0
1490	3977	5.0
1490	4025	4.0
1490	4094	4.0
1490	4117	4.0
1490	4759	5.0
1490	4852	3.0
1490	5005	3.0
1490	5126	3.0
1490	5386	4.0
1490	5696	3.0
1490	5873	4.0
1490	6491	5.0
1490	6695	4.0
1490	6953	4.0
1527	141	4.0
1527	221	4.0
1527	304	4.0
1527	614	4.0
1527	629	2.0
1527	668	4.0
1527	681	4.0
1527	808	5.0
1527	1137	3.0
1527	1162	3.0
1527	1180	4.0
1527	1202	3.0
1527	1458	3.0
1527	1488	4.0
1527	1521	2.0
1527	1633	3.0
1527	1670	4.0
1527	1834	4.0
1527	1859	4.0
1527	1875	4.0
1527	2069	3.0
1527	2178	2.0
1527	2220	3.0
1527	2350	3.0
1527	2351	3.0
1527	2384	3.0
1527	2615	3.0
1527	2628	3.0
1527	2714	3.0
1527	2725	3.0
1527	2838	3.0
1527	2846	4.0
1527	3060	4.0
1527	3102	5.0
1527	3111	2.0
1527	3139	3.0
1527	3228	5.0
1527	3400	3.0
1527	3440	4.0
1527	3448	3.0
1527	3475	4.0
1527	3739	4.0
1527	3787	4.0
1527	3796	4.0
1527	3862	3.0
1527	3906	3.0
1527	3988	3.0
1527	3993	2.0
1527	4073	3.0
1527	4087	3.0
1527	4180	1.0
1527	4186	3.0
1527	4190	5.0
1527	4198	5.0
1527	4206	5.0
1527	4253	4.0
1527	4257	3.0
1527	4305	4.0
1527	4441	4.0
1527	4456	3.0
1527	4457	4.0
1527	4857	3.0
1527	4910	2.0
1527	4923	3.0
1527	4927	3.0
1527	4953	4.0
1527	4982	4.0
1527	4997	3.0
1527	5116	4.0
1527	5304	3.0
1527	5386	4.0
1527	5387	4.0
1527	5401	3.0
1527	5502	3.0
1527	5550	4.0
1527	5662	3.0
1527	5732	3.0
1527	5753	4.0
1527	5879	3.0
1527	5999	3.0
1527	6124	2.0
1527	6145	3.0
1527	6203	2.0
1527	6247	4.0
1527	6530	5.0
1527	6656	2.0
1527	6813	2.0
1527	6851	4.0
1527	6955	2.0
1637	174	5.0
1637	233	3.0
1637	282	5.0
1637	709	2.0
1637	1030	5.0
1637	1079	5.0
1637	1080	5.0
1637	1377	5.0
1637	1647	3.0
1637	2169	5.0
1637	2221	4.0
1637	2825	4.0
1637	3296	3.0
1637	3812	4.0
1637	4161	3.0
1637	4592	4.0
1637	4596	3.0
1637	4685	5.0
1637	4860	4.0
1637	4982	3.0
1637	5386	5.0
1637	5792	5.0
1637	6109	4.0
1637	6182	4.0
1637	6539	5.0
1637	6687	5.0
1660	38	1.0
1660	95	3.0
1660	112	4.0
1660	235	3.0
1660	475	5.0
1660	629	4.0
1660	778	5.0
1660	834	4.0
1660	861	3.0
1660	1040	5.0
1660	1160	5.0
1660	1171	2.0
1660	1185	5.0
1660	1432	5.0
1660	1521	4.0
1660	1728	5.0
1660	1801	2.0
1660	1953	2.0
1660	2299	5.0
1660	2431	3.0
1660	2481	5.0
1660	2633	3.0
1660	2702	4.0
1660	2841	3.0
1660	2962	3.0
1660	2975	3.0
1660	2995	2.0
1660	3062	3.0
1660	3170	4.0
1660	3192	5.0
1660	3268	5.0
1660	3386	3.0
1660	3500	4.0
1660	4001	4.0
1660	4117	4.0
1660	4258	3.0
1660	4296	5.0
1660	4480	2.0
1660	4523	4.0
1660	4617	3.0
1660	4707	2.0
1660	4857	5.0
1660	5089	3.0
1660	5386	5.0
1660	5407	4.0
1660	5531	3.0
1660	5551	3.0
1660	5634	5.0
1660	5842	3.0
1660	6109	3.0
1660	6208	5.0
1660	6384	4.0
1660	6637	4.0
1660	6731	5.0
1660	6792	2.0
1676	166	4.0
1676	553	3.0
1676	605	5.0
1676	684	4.0
1676	772	4.0
1676	923	4.0
1676	1061	5.0
1676	1125	3.0
1676	1521	5.0
1676	1682	3.0
1676	2384	4.0
1676	2520	4.0
1676	2549	4.0
1676	2605	4.0
1676	2663	3.0
1676	2730	4.0
1676	2846	4.0
1676	2859	5.0
1676	3089	5.0
1676	3144	4.0
1676	3331	5.0
1676	3406	3.0
1676	3486	4.0
1676	3517	5.0
1676	3527	3.0
1676	3622	5.0
1676	3731	5.0
1676	4094	4.0
1676	4180	3.0
1676	4230	4.0
1676	4553	4.0
1676	4658	5.0
1676	4799	3.0
1676	4951	4.0
1676	5005	3.0
1676	5150	4.0
1676	5251	5.0
1676	5381	4.0
1676	5430	3.0
1676	5725	4.0
1676	5978	4.0
1676	6426	5.0
1676	6435	3.0
1676	6637	4.0
1676	6664	5.0
1693	2	3.0
1693	72	2.0
1693	260	4.0
1693	314	2.0
1693	399	4.0
1693	422	3.0
1693	535	3.0
1693	605	3.0
1693	621	3.0
1693	681	3.0
1693	817	4.0
1693	835	4.0
1693	912	4.0
1693	1071	4.0
1693	1072	3.0
1693	1175	3.0
1693	1195	5.0
1693	1346	2.0
1693	1361	4.0
1693	1488	4.0
1693	1521	3.0
1693	1654	2.0
1693	1728	5.0
1693	1772	3.0
1693	2017	3.0
1693	2029	3.0
1693	2196	4.0
1693	2320	3.0
1693	2350	5.0
1693	2391	4.0
1693	2421	4.0
1693	2431	4.0
1693	2522	3.0
1693	2787	4.0
1693	2799	4.0
1693	2806	1.0
1693	2881	3.0
1693	2981	3.0
1693	2982	3.0
1693	3181	3.0
1693	3268	4.0
1693	3371	3.0
1693	3407	3.0
1693	3570	4.0
1693	3618	3.0
1693	3649	3.0
1693	3690	3.0
1693	3910	3.0
1693	4094	4.0
1693	4394	3.0
1693	4743	3.0
1693	4774	4.0
1693	4826	3.0
1693	4857	4.0
1693	4932	4.0
1693	4957	3.0
1693	5049	4.0
1693	5262	1.0
1693	5386	4.0
1693	5394	4.0
1693	5461	3.0
1693	5544	3.0
1693	5566	5.0
1693	5618	3.0
1693	5716	3.0
1693	5936	3.0
1693	6024	3.0
1693	6096	4.0
1693	6109	3.0
1693	6139	3.0
1693	6196	5.0
1693	6396	4.0
1693	6479	3.0
1693	6522	5.0
1693	6664	4.0
1693	6740	2.0
1693	6773	5.0
1693	6850	3.0
1697	126	2.0
1697	180	3.0
1697	192	3.0
1697	217	4.0
1697	256	3.0
1697	304	3.0
1697	912	4.0
1697	1064	5.0
1697	1384	4.0
1697	1629	4.0
1697	1728	4.0
1697	1779	3.0
1697	1876	3.0
1697	2270	3.0
1697	3026	5.0
1697	3060	3.0
1697	3099	5.0
1697	3239	4.0
1697	3295	4.0
1697	3394	3.0
1697	3564	4.0
1697	3690	3.0
1697	3777	4.0
1697	3873	3.0
1697	3910	3.0
1697	4174	1.0
1697	4323	3.0
1697	4639	4.0
1697	4684	4.0
1697	4889	3.0
1697	5445	4.0
1697	5493	3.0
1697	5712	3.0
1697	5784	4.0
1697	6310	5.0
1697	6328	3.0
1697	6491	3.0
1697	6517	1.0
1697	6523	5.0
1697	6567	5.0
1697	6765	3.0
1697	6881	4.0
1697	6888	3.0
1738	223	4.0
1738	234	4.0
1738	294	4.0
1738	311	2.0
1738	330	3.0
1738	346	2.0
1738	371	3.0
1738	459	4.0
1738	729	4.0
1738	817	5.0
1738	832	3.0
1738	861	2.0
1738	872	4.0
1738	947	1.0
1738	1077	4.0
1738	1336	5.0
1738	1377	4.0
1738	1653	5.0
1738	1654	3.0
1738	1782	2.0
1738	1808	5.0
1738	1881	4.0
1738	1941	5.0
1738	2135	5.0
1738	2300	2.0
1738	2787	4.0
1738	2806	2.0
1738	3024	5.0
1738	3141	3.0
1738	3301	5.0
1738	3307	5.0
1738	3309	5.0
1738	3310	2.0
1738	3489	4.0
1738	3570	4.0
1738	3581	4.0
1738	3743	3.0
1738	3754	5.0
1738	3777	5.0
1738	3856	5.0
1738	4180	4.0
1738	4206	5.0
1738	4265	3.0
1738	4296	3.0
1738	4309	3.0
1738	4487	4.0
1738	4726	2.0
1738	4993	3.0
1738	5005	3.0
1738	5150	2.0
1738	5187	5.0
1738	5294	4.0
1738	5373	4.0
1738	5515	3.0
1738	5569	3.0
1738	5592	2.0
1738	5709	5.0
1738	5792	5.0
1738	5934	3.0
1738	5936	5.0
1738	6024	3.0
1738	6097	5.0
1738	6139	3.0
1738	6203	3.0
1738	6208	5.0
1738	6217	4.0
1738	6244	4.0
1738	6416	2.0
1738	6439	5.0
1738	6637	5.0
1809	180	4.0
1809	323	3.0
1809	528	3.0
1809	742	3.0
1809	946	4.0
1809	1195	4.0
1809	1361	4.0
1809	1534	3.0
1809	1728	3.0
1809	1808	5.0
1809	1881	3.0
1809	2029	4.0
1809	2421	4.0
1809	2787	4.0
1809	2824	5.0
1809	2900	4.0
1809	2931	3.0
1809	3024	4.0
1809	3292	3.0
1809	3386	3.0
1809	3564	4.0
1809	3613	3.0
1809	3977	4.0
1809	4053	4.0
1809	4169	5.0
1809	4172	3.0
1809	4256	4.0
1809	4644	3.0
1809	4684	5.0
1809	5209	3.0
1809	5386	4.0
1809	5473	3.0
1809	5784	4.0
1809	5910	4.0
1809	6449	3.0
1809	6536	3.0
1809	6558	3.0
1809	6672	3.0
1809	6754	4.0
1826	223	5.0
1826	311	3.0
1826	553	4.0
1826	581	4.0
1826	680	4.0
1826	912	3.0
1826	1001	4.0
1826	1080	3.0
1826	1116	3.0
1826	1488	4.0
1826	1517	5.0
1826	1532	3.0
1826	1753	3.0
1826	2169	5.0
1826	2320	4.0
1826	2663	3.0
1826	2901	4.0
1826	2959	4.0
1826	3170	4.0
1826	3722	4.0
1826	3921	3.0
1826	3982	3.0
1826	4037	4.0
1826	4067	4.0
1826	4186	5.0
1826	4523	4.0
1826	4557	3.0
1826	4791	4.0
1826	4799	4.0
1826	4857	4.0
1826	4924	4.0
1826	4954	3.0
1826	5304	3.0
1826	6179	3.0
1826	6208	4.0
1826	6229	4.0
1826	6571	3.0
1826	6573	4.0
1826	6574	4.0
1826	6731	4.0
1826	6876	3.0
1862	249	4.0
1862	537	3.0
1862	629	4.0
1862	653	3.0
1862	939	4.0
1862	1410	4.0
1862	1587	4.0
1862	2135	4.0
1862	2188	3.0
1862	2286	4.0
1862	2421	3.0
1862	2499	4.0
1862	2522	4.0
1862	3056	4.0
1862	3150	3.0
1862	3486	4.0
1862	3630	4.0
1862	3743	4.0
1862	5294	5.0
1862	5508	3.0
1862	5684	4.0
1862	5845	4.0
1862	5849	4.0
1862	6161	4.0
1862	6208	4.0
1862	6244	3.0
1862	6789	4.0
2027	44	5.0
2027	236	1.0
2027	545	3.0
2027	629	5.0
2027	789	4.0
2027	1355	3.0
2027	1668	4.0
2027	2033	4.0
2027	2269	4.0
2027	2279	3.0
2027	3110	4.0
2027	3124	4.0
2027	3551	3.0
2027	3847	3.0
2027	4094	5.0
2027	4151	5.0
2027	4434	5.0
2027	4759	3.0
2027	5005	5.0
2027	6310	3.0
2027	6440	2.0
2027	6691	5.0
2027	6695	5.0
2167	108	4.0
2167	126	3.0
2167	223	5.0
2167	466	2.0
2167	483	2.0
2167	533	2.0
2167	559	3.0
2167	579	3.0
2167	861	3.0
2167	998	4.0
2167	1187	3.0
2167	1244	3.0
2167	1377	3.0
2167	1432	4.0
2167	1770	4.0
2167	1849	4.0
2167	2135	4.0
2167	2165	3.0
2167	2319	3.0
2167	2422	3.0
2167	2627	4.0
2167	3024	2.0
2167	3149	4.0
2167	3150	3.0
2167	3226	4.0
2167	3363	3.0
2167	3427	2.0
2167	3449	4.0
2167	3613	3.0
2167	3650	3.0
2167	3666	3.0
2167	3773	3.0
2167	3856	3.0
2167	3948	4.0
2167	4067	4.0
2167	4097	4.0
2167	4230	4.0
2167	4239	4.0
2167	4296	4.0
2167	4487	3.0
2167	4765	3.0
2167	4772	4.0
2167	4826	3.0
2167	4851	3.0
2167	4928	3.0
2167	4979	2.0
2167	4993	4.0
2167	5207	2.0
2167	5304	3.0
2167	5323	4.0
2167	5437	3.0
2167	5473	3.0
2167	5885	3.0
2167	5928	2.0
2167	6182	4.0
2167	6203	3.0
2167	6217	3.0
2167	6415	4.0
2167	6433	3.0
2167	6472	3.0
2167	6600	4.0
2167	6625	3.0
2167	6637	4.0
2379	38	3.0
2379	166	4.0
2379	816	4.0
2379	817	3.0
2379	821	4.0
2379	832	5.0
2379	919	4.0
2379	980	3.0
2379	1030	5.0
2379	1049	4.0
2379	1070	3.0
2379	1076	3.0
2379	1125	4.0
2379	1149	3.0
2379	1296	2.0
2379	1488	5.0
2379	1532	3.0
2379	1534	2.0
2379	1713	4.0
2379	1722	5.0
2379	1740	3.0
2379	2098	4.0
2379	2283	3.0
2379	2384	4.0
2379	2421	3.0
2379	2611	3.0
2379	2859	4.0
2379	2874	3.0
2379	3089	3.0
2379	3198	3.0
2379	3421	3.0
2379	3486	3.0
2379	3517	3.0
2379	3759	4.0
2379	3852	3.0
2379	4172	4.0
2379	4180	3.0
2379	4487	2.0
2379	4673	4.0
2379	4840	4.0
2379	4894	5.0
2379	5005	5.0
2379	5082	3.0
2379	5145	3.0
2379	5150	3.0
2379	5213	2.0
2379	5323	5.0
2379	5394	4.0
2379	6197	3.0
2379	6214	3.0
2379	6310	5.0
2379	6439	4.0
2379	6479	4.0
2379	6483	2.0
2379	6878	3.0
2404	139	5.0
2404	190	5.0
2404	285	3.0
2404	427	3.0
2404	465	5.0
2404	467	3.0
2404	509	3.0
2404	561	2.0
2404	656	2.0
2404	787	2.0
2404	828	2.0
2404	913	4.0
2404	921	4.0
2404	1030	3.0
2404	1654	2.0
2404	1685	3.0
2404	1740	5.0
2404	2029	4.0
2404	2188	3.0
2404	2307	3.0
2404	2384	4.0
2404	2386	4.0
2404	2421	4.0
2404	2443	4.0
2404	2544	3.0
2404	2646	4.0
2404	2758	4.0
2404	3006	3.0
2404	3594	4.0
2404	3671	5.0
2404	3690	3.0
2404	3794	3.0
2404	3797	3.0
2404	4172	4.0
2404	4180	3.0
2404	4453	5.0
2404	4586	3.0
2404	4608	3.0
2404	4673	4.0
2404	4679	3.0
2404	4894	4.0
2404	5150	3.0
2404	5293	4.0
2404	5294	5.0
2404	5296	3.0
2404	5503	3.0
2404	5507	3.0
2404	5555	4.0
2404	5934	3.0
2404	5986	3.0
2404	5989	4.0
2404	6037	4.0
2404	6097	3.0
2404	6316	4.0
2404	6390	3.0
2404	6628	3.0
2404	6637	4.0
2404	6691	5.0
2404	6700	2.0
2404	6731	3.0
2486	552	4.0
2486	752	4.0
2486	884	5.0
2486	921	3.0
2486	1077	4.0
2486	1300	5.0
2486	1993	3.0
2486	2135	5.0
2486	2633	4.0
2486	2839	5.0
2486	2841	3.0
2486	2900	4.0
2486	2938	5.0
2486	3193	5.0
2486	3592	4.0
2486	3690	3.0
2486	3707	3.0
2486	3964	3.0
2486	3991	4.0
2486	4202	3.0
2486	4309	4.0
2486	4684	5.0
2486	5207	3.0
2486	5236	4.0
2486	5344	4.0
2486	5545	3.0
2486	5928	4.0
2486	6198	3.0
2486	6370	5.0
2486	6523	4.0
2486	6584	4.0
2508	38	2.0
2508	233	4.0
2508	553	4.0
2508	1086	2.0
2508	1263	4.0
2508	1322	3.0
2508	1384	5.0
2508	1421	4.0
2508	1513	4.0
2508	1713	3.0
2508	1785	2.0
2508	1876	5.0
2508	1941	4.0
2508	2017	5.0
2508	2053	4.0
2508	2197	4.0
2508	2199	3.0
2508	3026	5.0
2508	3371	4.0
2508	3492	4.0
2508	3570	5.0
2508	3623	4.0
2508	3759	3.0
2508	3950	4.0
2508	4135	3.0
2508	4230	4.0
2508	4323	3.0
2508	4523	4.0
2508	4611	4.0
2508	4617	3.0
2508	4726	3.0
2508	5150	3.0
2508	5386	4.0
2508	5571	4.0
2508	5657	4.0
2508	5774	4.0
2508	5832	3.0
2508	6109	3.0
2508	6370	5.0
2508	6700	4.0
2508	6773	4.0
2508	6955	5.0
2521	124	3.0
2521	141	4.0
2521	358	4.0
2521	386	4.0
2521	437	3.0
2521	468	4.0
2521	545	3.0
2521	861	3.0
2521	919	5.0
2521	1077	4.0
2521	1080	4.0
2521	1125	3.0
2521	1377	4.0
2521	1379	4.0
2521	1488	5.0
2521	1563	5.0
2521	1728	3.0
2521	1906	4.0
2521	2179	4.0
2521	2221	5.0
2521	2325	4.0
2521	2340	3.0
2521	2350	1.0
2521	2544	3.0
2521	2960	3.0
2521	3056	5.0
2521	3193	3.0
2521	3268	4.0
2521	3409	4.0
2521	3418	4.0
2521	3486	4.0
2521	3555	3.0
2521	3649	3.0
2521	3759	4.0
2521	3779	4.0
2521	4034	3.0
2521	4067	4.0
2521	4097	5.0
2521	4161	4.0
2521	4296	3.0
2521	4779	4.0
2521	4860	4.0
2521	4951	3.0
2521	4993	4.0
2521	5005	1.0
2521	5012	4.0
2521	5154	4.0
2521	5178	4.0
2521	5207	3.0
2521	5258	5.0
2521	5344	4.0
2521	5493	3.0
2521	5534	2.0
2521	5710	4.0
2521	5884	4.0
2521	5936	4.0
2521	6200	5.0
2521	6255	4.0
2521	6350	4.0
2521	6634	4.0
2536	420	4.0
2536	483	3.0
2536	500	4.0
2536	627	5.0
2536	921	5.0
2536	1209	2.0
2536	1300	4.0
2536	1513	4.0
2536	1590	5.0
2536	1628	4.0
2536	2069	4.0
2536	2132	5.0
2536	2300	3.0
2536	2386	4.0
2536	2549	4.0
2536	2960	3.0
2536	3099	4.0
2536	3676	4.0
2536	3690	3.0
2536	3877	2.0
2536	4553	4.0
2536	4596	5.0
2536	4791	5.0
2536	4918	2.0
2536	4932	4.0
2536	5057	4.0
2536	5325	4.0
2536	5423	4.0
2536	5668	3.0
2536	5700	5.0
2536	5928	4.0
2536	6055	4.0
2536	6196	4.0
2536	6493	3.0
2536	6523	3.0
2536	6574	4.0
2536	6583	3.0
2536	6637	5.0
2536	6731	4.0
2536	6770	4.0
2571	174	5.0
2571	180	4.0
2571	248	3.0
2571	719	3.0
2571	778	4.0
2571	818	5.0
2571	1076	4.0
2571	1168	4.0
2571	1294	5.0
2571	1415	3.0
2571	1728	4.0
2571	1834	4.0
2571	2135	3.0
2571	2242	3.0
2571	2515	4.0
2571	2619	5.0
2571	2846	5.0
2571	2859	5.0
2571	2907	4.0
2571	2910	5.0
2571	2959	5.0
2571	3102	5.0
2571	3268	5.0
2571	4101	4.0
2571	4421	5.0
2571	4658	4.0
2571	4743	5.0
2571	4767	4.0
2571	4889	3.0
2571	4927	5.0
2571	5040	3.0
2571	5049	3.0
2571	5258	4.0
2571	5423	1.0
2571	5746	4.0
2571	6205	5.0
2571	6310	5.0
2571	6523	5.0
2571	6924	4.0
2571	6969	5.0
2592	56	3.0
2592	174	5.0
2592	182	5.0
2592	573	5.0
2592	574	3.0
2592	681	3.0
2592	817	3.0
2592	832	5.0
2592	1012	3.0
2592	1071	3.0
2592	1080	5.0
2592	1354	5.0
2592	1432	5.0
2592	1635	5.0
2592	2115	3.0
2592	2242	3.0
2592	2260	5.0
2592	2350	4.0
2592	2384	5.0
2592	2422	3.0
2592	2509	3.0
2592	2522	3.0
2592	2586	4.0
2592	2681	5.0
2592	2697	3.0
2592	2706	3.0
2592	2725	5.0
2592	3019	2.0
2592	3092	5.0
2592	3102	5.0
2592	3213	3.0
2592	3270	5.0
2592	3333	4.0
2592	3341	3.0
2592	3577	5.0
2592	3707	3.0
2592	3910	5.0
2592	3939	3.0
2592	4233	5.0
2592	4236	5.0
2592	4404	3.0
2592	4767	5.0
2592	4791	5.0
2592	4926	3.0
2592	5049	4.0
2592	5258	3.0
2592	5386	4.0
2592	5702	5.0
2592	5781	5.0
2592	5802	5.0
2592	5867	5.0
2592	6012	3.0
2592	6118	4.0
2592	6169	4.0
2592	6310	5.0
2592	6340	2.0
2592	6877	4.0
2701	190	5.0
2701	350	5.0
2701	449	5.0
2701	652	4.0
2701	799	5.0
2701	832	5.0
2701	1076	5.0
2701	1441	5.0
2701	1488	4.0
2701	1513	4.0
2701	1574	4.0
2701	1617	5.0
2701	1629	4.0
2701	1843	5.0
2701	2069	5.0
2701	2900	5.0
2701	3025	5.0
2701	3093	5.0
2701	3099	5.0
2701	3102	5.0
2701	3118	4.0
2701	3168	4.0
2701	3684	5.0
2701	3777	5.0
2701	3880	4.0
2701	4181	5.0
2701	4186	5.0
2701	4188	5.0
2701	4206	5.0
2701	4353	5.0
2701	4375	4.0
2701	4477	5.0
2701	5012	4.0
2701	5023	4.0
2701	5299	3.0
2701	6455	5.0
2701	6682	5.0
2701	6927	4.0
2701	6931	4.0
2701	6955	5.0
2727	29	5.0
2727	192	4.0
2727	225	3.0
2727	253	5.0
2727	475	5.0
2727	653	4.0
2727	723	3.0
2727	930	3.0
2727	1030	4.0
2727	1181	5.0
2727	1201	4.0
2727	1266	4.0
2727	1355	2.0
2727	1528	5.0
2727	1728	5.0
2727	1791	4.0
2727	1876	5.0
2727	1941	5.0
2727	2068	3.0
2727	2089	5.0
2727	2098	5.0
2727	2159	3.0
2727	2260	5.0
2727	2307	3.0
2727	2340	5.0
2727	2523	3.0
2727	2693	4.0
2727	2798	5.0
2727	2838	5.0
2727	2923	4.0
2727	3277	5.0
2727	3326	5.0
2727	3394	3.0
2727	3418	5.0
2727	3458	5.0
2727	3465	5.0
2727	3587	5.0
2727	3649	5.0
2727	3691	3.0
2727	3777	5.0
2727	3897	3.0
2727	3968	3.0
2727	4006	5.0
2727	4025	3.0
2727	4059	2.0
2727	4390	3.0
2727	4438	3.0
2727	4665	4.0
2727	4791	5.0
2727	4799	3.0
2727	4889	3.0
2727	4928	4.0
2727	5055	3.0
2727	5150	4.0
2727	5152	3.0
2727	5191	5.0
2727	5394	4.0
2727	5401	5.0
2727	5493	5.0
2727	5716	4.0
2727	5856	5.0
2727	6203	5.0
2727	6244	4.0
2727	6327	4.0
2727	6593	3.0
2727	6878	5.0
2727	6952	3.0
2727	6955	5.0
2728	79	4.0
2728	223	5.0
2728	477	5.0
2728	500	5.0
2728	561	3.0
2728	678	5.0
2728	821	5.0
2728	931	5.0
2728	1171	3.0
2728	1225	3.0
2728	1632	3.0
2728	1713	4.0
2728	1768	5.0
2728	1782	4.0
2728	2015	4.0
2728	2029	5.0
2728	2089	5.0
2728	2186	3.0
2728	2340	4.0
2728	2371	3.0
2728	2563	3.0
2728	2604	3.0
2728	2931	5.0
2728	3022	5.0
2728	3052	5.0
2728	3192	5.0
2728	3206	5.0
2728	3331	3.0
2728	3378	3.0
2728	3386	5.0
2728	3650	5.0
2728	3719	4.0
2728	3777	5.0
2728	3792	3.0
2728	4128	4.0
2728	4180	3.0
2728	4462	4.0
2728	4480	4.0
2728	4679	2.0
2728	4857	5.0
2728	4889	5.0
2728	5193	2.0
2728	5249	5.0
2728	5258	5.0
2728	5294	5.0
2728	5389	5.0
2728	5407	5.0
2728	5462	3.0
2728	5555	3.0
2728	5582	5.0
2728	5628	4.0
2728	5669	5.0
2728	5696	2.0
2728	5781	5.0
2728	5830	5.0
2728	5888	3.0
2728	5913	4.0
2728	5934	2.0
2728	6029	5.0
2728	6097	3.0
2728	6370	4.0
2728	6643	4.0
2728	6658	4.0
2758	174	5.0
2758	180	4.0
2758	223	4.0
2758	574	4.0
2758	629	3.0
2758	747	3.0
2758	921	5.0
2758	1125	3.0
2758	1432	4.0
2758	1488	5.0
2758	1521	4.0
2758	1561	2.0
2758	1629	3.0
2758	1859	5.0
2758	2017	2.0
2758	2029	5.0
2758	2188	4.0
2758	2278	4.0
2758	2384	3.0
2758	2706	4.0
2758	2721	4.0
2758	2725	3.0
2758	2900	4.0
2758	2959	3.0
2758	3024	5.0
2758	3102	5.0
2758	3527	2.0
2758	3587	5.0
2758	3613	3.0
2758	3645	3.0
2758	3856	3.0
2758	4025	2.0
2758	4186	5.0
2758	4523	4.0
2758	4857	5.0
2758	4889	3.0
2758	4923	5.0
2758	5012	5.0
2758	5258	4.0
2758	5386	4.0
2758	5400	2.0
2758	5879	3.0
2758	5910	3.0
2758	5979	5.0
2758	6222	4.0
2758	6432	3.0
2758	6738	4.0
2758	6776	5.0
2758	6924	2.0
2766	232	4.0
2766	234	3.0
2766	260	4.0
2766	656	4.0
2766	756	3.0
2766	968	3.0
2766	1008	4.0
2766	1080	4.0
2766	1301	4.0
2766	1377	4.0
2766	1527	4.0
2766	1594	4.0
2766	1681	5.0
2766	1713	1.0
2766	1743	5.0
2766	2307	5.0
2766	2504	4.0
2766	2544	2.0
2766	2627	5.0
2766	2633	4.0
2766	2778	3.0
2766	2825	4.0
2766	2859	5.0
2766	2962	5.0
2766	2982	3.0
2766	3180	4.0
2766	3521	4.0
2766	3623	5.0
2766	3675	3.0
2766	3704	4.0
2766	3964	3.0
2766	4065	4.0
2766	4260	4.0
2766	4286	2.0
2766	4317	2.0
2766	4463	4.0
2766	4553	4.0
2766	4592	4.0
2766	4596	5.0
2766	4674	2.0
2766	4787	3.0
2766	4900	5.0
2766	4930	4.0
2766	5304	4.0
2766	5381	3.0
2766	5422	2.0
2766	5614	5.0
2766	5792	3.0
2766	5842	4.0
2766	6039	3.0
2766	6109	4.0
2766	6179	3.0
2766	6207	4.0
2766	6310	5.0
2766	6369	5.0
2766	6426	4.0
2766	6690	5.0
2766	6837	4.0
2766	6872	5.0
2766	6876	4.0
2771	1	3.0
2771	30	4.0
2771	364	5.0
2771	552	4.0
2771	578	2.0
2771	633	5.0
2771	777	3.0
2771	817	5.0
2771	818	5.0
2771	1301	4.0
2771	1384	4.0
2771	1639	4.0
2771	1770	4.0
2771	1776	4.0
2771	2089	5.0
2771	2197	4.0
2771	2340	3.0
2771	2395	4.0
2771	2824	4.0
2771	2929	3.0
2771	3060	4.0
2771	3198	2.0
2771	3410	3.0
2771	3450	4.0
2771	3564	3.0
2771	3570	4.0
2771	3649	3.0
2771	3662	4.0
2771	3690	3.0
2771	3695	3.0
2771	3754	4.0
2771	3777	5.0
2771	3781	5.0
2771	3977	5.0
2771	4309	4.0
2771	4485	3.0
2771	4523	3.0
2771	4561	3.0
2771	4596	4.0
2771	4658	4.0
2771	4684	5.0
2771	4889	4.0
2771	4927	5.0
2771	5445	5.0
2771	5928	3.0
2771	6182	4.0
2771	6208	3.0
2771	6777	4.0
2771	6881	5.0
2823	232	4.0
2823	260	4.0
2823	794	3.0
2823	965	3.0
2823	1301	4.0
2823	1515	3.0
2823	1826	3.0
2823	1915	3.0
2823	2196	4.0
2823	2324	3.0
2823	2425	4.0
2823	2464	4.0
2823	2591	4.0
2823	2842	3.0
2823	2874	3.0
2823	2901	4.0
2823	2924	4.0
2823	3078	3.0
2823	3779	4.0
2823	3856	3.0
2823	4001	4.0
2823	4065	4.0
2823	4108	3.0
2823	4246	4.0
2823	4437	3.0
2823	4507	3.0
2823	4553	3.0
2823	4596	4.0
2823	4674	4.0
2823	5011	4.0
2823	5164	4.0
2823	5304	4.0
2823	5496	3.0
2823	5577	4.0
2823	5612	4.0
2823	6210	3.0
2823	6536	4.0
2823	6586	3.0
2823	6597	3.0
2823	6708	3.0
2823	6766	3.0
2823	6837	3.0
2873	38	5.0
2873	350	2.0
2873	680	5.0
2873	681	3.0
2873	747	4.0
2873	859	1.0
2873	1049	4.0
2873	1166	4.0
2873	1185	3.0
2873	1540	4.0
2873	1608	4.0
2873	1622	3.0
2873	1728	5.0
2873	1917	1.0
2873	2182	1.0
2873	2322	1.0
2873	2351	4.0
2873	2520	4.0
2873	2908	5.0
2873	3025	5.0
2873	3089	4.0
2873	3099	3.0
2873	3180	5.0
2873	3331	4.0
2873	3359	3.0
2873	3365	2.0
2873	3409	2.0
2873	3527	1.0
2873	3556	2.0
2873	3564	5.0
2873	3787	3.0
2873	3856	5.0
2873	3908	5.0
2873	3921	3.0
2873	4025	5.0
2873	4090	5.0
2873	4457	3.0
2873	4513	1.0
2873	4596	3.0
2873	4617	3.0
2873	4658	5.0
2873	4699	4.0
2873	4811	1.0
2873	4982	3.0
2873	5053	2.0
2873	5207	3.0
2873	5430	1.0
2873	5472	5.0
2873	5577	3.0
2873	5736	3.0
2873	5811	4.0
2873	5873	5.0
2873	5928	4.0
2873	5962	3.0
2873	5979	2.0
2873	6024	4.0
2873	6300	1.0
2873	6328	3.0
2873	6593	5.0
2873	6876	1.0
2873	6887	4.0
2873	6948	5.0
2923	243	3.0
2923	311	2.0
2923	323	4.0
2923	346	4.0
2923	629	3.0
2923	656	4.0
2923	817	5.0
2923	921	4.0
2923	1030	5.0
2923	1076	4.0
2923	1682	5.0
2923	1728	5.0
2923	1813	5.0
2923	2135	4.0
2923	2188	4.0
2923	2252	4.0
2923	2633	3.0
2923	2874	3.0
2923	2971	5.0
2923	3089	4.0
2923	3185	3.0
2923	3295	5.0
2923	3564	3.0
2923	3690	3.0
2923	3852	4.0
2923	3964	4.0
2923	4067	4.0
2923	4180	3.0
2923	4541	4.0
2923	4924	5.0
2923	4928	4.0
2923	5154	3.0
2923	5258	5.0
2923	5792	4.0
2923	6179	3.0
2923	6328	3.0
2923	6523	4.0
2923	6773	4.0
2923	6799	4.0
2923	6881	5.0
