User	Movie	Rating
180	747	5.0
180	818	4.0
180	845	3.0
180	1019	4.0
180	1080	5.0
180	1226	5.0
180	1335	3.0
180	1745	4.0
180	1793	2.0
180	1876	5.0
180	2274	5.0
180	2462	3.0
180	2557	3.0
180	3060	4.0
180	3100	5.0
180	3135	3.0
180	3192	5.0
180	3612	4.0
180	3739	4.0
180	3751	3.0
180	3796	4.0
180	3977	5.0
180	4053	3.0
180	4665	3.0
180	4953	2.0
180	5328	4.0
180	5445	5.0
180	5590	3.0
180	6208	5.0
180	6396	3.0
180	6491	4.0
312	1600	5.0
312	1937	4.0
312	2098	5.0
312	2633	3.0
312	2824	5.0
312	2846	5.0
312	3332	3.0
312	3470	2.0
312	3649	4.0
312	3690	3.0
312	4517	4.0
312	4608	2.0
312	4885	4.0
312	5053	5.0
312	5187	3.0
312	5261	4.0
312	5311	3.0
312	5432	5.0
312	5763	4.0
312	6687	3.0
312	6768	5.0
312	6886	5.0
339	4	3.0
339	131	4.0
339	219	5.0
339	419	5.0
339	535	4.0
339	538	5.0
339	624	3.0
339	712	5.0
339	747	5.0
339	793	4.0
339	856	4.0
339	887	4.0
339	982	3.0
339	1023	3.0
339	1186	4.0
339	1198	3.0
339	1488	5.0
339	1608	4.0
339	1628	4.0
339	1665	4.0
339	1681	3.0
339	1703	3.0
339	1705	3.0
339	1793	4.0
339	2197	4.0
339	2262	5.0
339	2268	5.0
339	2302	5.0
339	2384	3.0
339	2519	5.0
339	2534	3.0
339	2585	3.0
339	2706	5.0
339	2739	5.0
339	2916	5.0
339	2941	3.0
339	3024	4.0
339	3025	4.0
339	3099	4.0
339	3295	5.0
339	3317	5.0
339	3446	5.0
339	3479	3.0
339	3644	4.0
339	3655	4.0
339	3729	5.0
339	3874	5.0
339	4093	2.0
339	4171	4.0
339	4658	5.0
339	4684	4.0
339	4713	4.0
339	4982	5.0
339	5053	5.0
339	5294	5.0
339	5385	4.0
339	5693	3.0
339	5791	4.0
339	6066	4.0
339	6104	3.0
339	6105	5.0
339	6129	3.0
339	6199	4.0
339	6401	5.0
339	6529	4.0
339	6537	5.0
339	6577	4.0
339	6770	5.0
388	747	3.0
388	878	2.0
388	1372	3.0
388	1534	3.0
388	1600	4.0
388	1728	3.0
388	1779	4.0
388	1805	2.0
388	2090	4.0
388	2279	3.0
388	2421	2.0
388	2462	4.0
388	2859	3.0
388	2991	3.0
388	3024	4.0
388	3025	3.0
388	3468	3.0
388	3751	3.0
388	3964	3.0
388	3996	3.0
388	4135	2.0
388	4517	3.0
388	4546	3.0
388	4614	3.0
388	4673	2.0
388	5005	3.0
388	5053	3.0
388	5300	3.0
388	5472	3.0
388	5791	3.0
388	5892	3.0
405	180	5.0
405	190	5.0
405	375	5.0
405	448	3.0
405	1392	3.0
405	1888	4.0
405	2274	5.0
405	2320	4.0
405	2706	5.0
405	2742	2.0
405	2861	3.0
405	3025	4.0
405	3145	4.0
405	3287	4.0
405	3319	4.0
405	3440	4.0
405	3676	4.0
405	3979	4.0
405	4031	4.0
405	4037	4.0
405	4771	4.0
405	5194	4.0
405	5262	3.0
405	5555	3.0
405	5582	5.0
405	5595	4.0
405	5781	5.0
405	5892	4.0
405	6066	4.0
405	6067	3.0
405	6126	3.0
405	6340	3.0
405	6476	5.0
405	6517	3.0
405	6833	4.0
405	6923	5.0
426	20	4.0
426	174	5.0
426	236	3.0
426	531	5.0
426	604	2.0
426	846	5.0
426	929	5.0
426	939	5.0
426	1049	3.0
426	1056	4.0
426	1071	3.0
426	1377	4.0
426	1488	4.0
426	1522	4.0
426	1524	4.0
426	1536	4.0
426	1779	4.0
426	1782	4.0
426	1808	4.0
426	2025	5.0
426	2212	2.0
426	2270	3.0
426	2721	5.0
426	2846	5.0
426	2859	3.0
426	2900	4.0
426	2924	3.0
426	2977	4.0
426	3024	5.0
426	3099	4.0
426	3352	4.0
426	3386	4.0
426	3470	3.0
426	3564	5.0
426	3632	3.0
426	4083	4.0
426	4295	4.0
426	4436	3.0
426	4769	3.0
426	4851	4.0
426	4857	5.0
426	4927	5.0
426	5049	3.0
426	5193	2.0
426	5204	3.0
426	5213	3.0
426	5225	3.0
426	5260	4.0
426	5346	4.0
426	5423	3.0
426	5572	3.0
426	5928	3.0
426	6055	3.0
426	6145	3.0
426	6416	3.0
426	6695	4.0
426	6793	4.0
469	223	5.0
469	399	3.0
469	448	3.0
469	531	4.0
469	832	5.0
469	1295	4.0
469	1713	3.0
469	1772	4.0
469	1876	5.0
469	2006	2.0
469	2270	3.0
469	2787	3.0
469	3296	5.0
469	3307	5.0
469	3386	3.0
469	3649	4.0
469	3777	5.0
469	3781	5.0
469	3794	5.0
469	4206	4.0
469	4323	3.0
469	4340	4.0
469	4612	4.0
469	4725	4.0
469	4927	5.0
469	4934	5.0
469	5236	3.0
469	5266	5.0
469	6370	5.0
469	6691	5.0
596	741	4.0
596	747	5.0
596	957	3.0
596	1080	5.0
596	1713	5.0
596	1964	5.0
596	2220	4.0
596	2320	5.0
596	2859	4.0
596	2972	4.0
596	3026	4.0
596	3219	4.0
596	3301	5.0
596	3794	5.0
596	4135	3.0
596	4658	5.0
596	4793	3.0
596	5057	5.0
596	5575	5.0
596	5690	4.0
596	5719	4.0
596	6546	4.0
596	6672	4.0
596	6884	4.0
600	96	4.0
600	161	5.0
600	353	4.0
600	656	4.0
600	696	3.0
600	827	4.0
600	831	4.0
600	1076	4.0
600	1136	4.0
600	1180	3.0
600	1191	5.0
600	1544	4.0
600	1631	3.0
600	1683	4.0
600	1728	4.0
600	1776	5.0
600	2008	5.0
600	2168	3.0
600	2242	5.0
600	2298	5.0
600	2717	4.0
600	2799	3.0
600	3024	4.0
600	3188	5.0
600	3371	4.0
600	3378	3.0
600	3521	4.0
600	3524	3.0
600	3625	3.0
600	3794	4.0
600	3873	5.0
600	3982	4.0
600	4001	4.0
600	4171	5.0
600	4202	4.0
600	4209	3.0
600	4229	4.0
600	4344	3.0
600	4453	5.0
600	4457	5.0
600	4620	3.0
600	4791	3.0
600	4926	4.0
600	4982	5.0
600	5109	5.0
600	5187	3.0
600	5192	4.0
600	5257	3.0
600	5265	4.0
600	5293	4.0
600	5297	4.0
600	5597	5.0
600	5663	5.0
600	5697	4.0
600	5810	3.0
600	5844	5.0
600	6253	4.0
600	6327	3.0
600	6485	3.0
600	6672	5.0
600	6691	5.0
600	6884	4.0
600	6916	4.0
657	180	5.0
657	192	5.0
657	449	5.0
657	1488	5.0
657	1774	4.0
657	1980	4.0
657	2169	4.0
657	2309	3.0
657	2846	5.0
657	3239	3.0
657	3270	5.0
657	3309	5.0
657	3717	5.0
657	3781	5.0
657	4927	5.0
657	5037	5.0
657	5105	3.0
657	5663	5.0
657	5792	4.0
657	5873	5.0
657	6229	4.0
657	6370	2.0
657	6773	4.0
699	113	3.0
699	178	2.0
699	415	5.0
699	729	3.0
699	799	3.0
699	817	3.0
699	887	4.0
699	1049	3.0
699	1061	3.0
699	1072	3.0
699	1171	4.0
699	1263	4.0
699	1491	4.0
699	1534	5.0
699	1664	4.0
699	1682	4.0
699	1728	5.0
699	1956	3.0
699	2000	2.0
699	2079	3.0
699	2168	4.0
699	2281	3.0
699	2350	5.0
699	2528	3.0
699	2717	5.0
699	2846	4.0
699	2928	4.0
699	3025	4.0
699	3028	5.0
699	3099	4.0
699	3192	5.0
699	3270	5.0
699	3296	4.0
699	3363	3.0
699	3418	3.0
699	3564	5.0
699	3587	3.0
699	3644	4.0
699	4181	3.0
699	4187	5.0
699	4194	4.0
699	4340	5.0
699	4592	3.0
699	4715	3.0
699	4748	3.0
699	4791	3.0
699	4795	4.0
699	4857	5.0
699	5012	3.0
699	5032	2.0
699	5265	3.0
699	5312	4.0
699	5390	3.0
699	5394	3.0
699	5423	3.0
699	5538	1.0
699	5686	3.0
699	5711	3.0
699	5760	3.0
699	6045	2.0
699	6217	5.0
699	6370	4.0
699	6455	3.0
699	6523	4.0
699	6574	3.0
699	6613	4.0
699	6645	4.0
699	6647	3.0
699	6730	3.0
699	6828	4.0
707	117	4.0
707	220	5.0
707	350	5.0
707	733	3.0
707	1030	4.0
707	1294	5.0
707	1578	4.0
707	1728	5.0
707	1770	5.0
707	1951	5.0
707	2135	5.0
707	2460	4.0
707	2602	3.0
707	2627	5.0
707	2846	5.0
707	3269	3.0
707	3345	3.0
707	4039	4.0
707	4457	5.0
707	4924	5.0
707	4928	4.0
707	5151	5.0
707	6199	4.0
765	94	5.0
765	447	3.0
765	747	5.0
765	1140	4.0
765	1233	3.0
765	1488	5.0
765	1808	4.0
765	2282	3.0
765	2425	5.0
765	2989	4.0
765	3371	4.0
765	3383	5.0
765	3431	4.0
765	3796	4.0
765	3910	4.0
765	4117	4.0
765	4390	2.0
765	4487	5.0
765	4927	4.0
765	5109	4.0
765	5686	4.0
765	5956	4.0
765	6675	4.0
765	6805	4.0
765	6849	4.0
771	348	3.0
771	353	4.0
771	500	4.0
771	605	5.0
771	703	4.0
771	817	5.0
771	821	5.0
771	832	5.0
771	1177	4.0
771	1257	5.0
771	1301	5.0
771	1527	3.0
771	1773	4.0
771	1888	3.0
771	2001	4.0
771	2096	2.0
771	2642	4.0
771	2698	3.0
771	2787	3.0
771	2801	5.0
771	2971	5.0
771	2989	3.0
771	3023	5.0
771	3739	5.0
771	3788	4.0
771	3910	5.0
771	3977	5.0
771	4307	4.0
771	4453	5.0
771	4705	4.0
771	4894	4.0
771	4932	4.0
771	5263	3.0
771	5394	5.0
771	5419	4.0
771	5686	3.0
771	5962	3.0
771	5991	4.0
771	6700	4.0
822	174	5.0
822	385	4.0
822	419	4.0
822	729	3.0
822	747	5.0
822	1472	4.0
822	1568	2.0
822	1774	5.0
822	1805	2.0
822	1881	4.0
822	1980	4.0
822	2274	4.0
822	2320	3.0
822	2384	3.0
822	2606	4.0
822	2799	4.0
822	3093	3.0
822	3095	3.0
822	3099	4.0
822	3239	3.0
822	3394	2.0
822	3950	3.0
822	4066	4.0
822	4206	5.0
822	4477	4.0
822	4590	3.0
822	4635	5.0
822	4894	4.0
822	5257	3.0
822	5299	4.0
822	5377	3.0
822	5394	4.0
822	5445	5.0
822	6184	3.0
822	6199	2.0
822	6671	4.0
835	324	3.0
835	355	5.0
835	370	3.0
835	421	3.0
835	551	5.0
835	646	5.0
835	653	4.0
835	668	3.0
835	747	4.0
835	929	4.0
835	1378	3.0
835	1476	3.0
835	1488	4.0
835	1536	3.0
835	1834	3.0
835	1898	4.0
835	2064	2.0
835	2416	3.0
835	2575	3.0
835	3028	2.0
835	3192	3.0
835	3247	4.0
835	3359	3.0
835	3407	3.0
835	3486	3.0
835	3570	4.0
835	3593	3.0
835	3873	2.0
835	4025	3.0
835	4137	5.0
835	4161	4.0
835	4463	4.0
835	4517	4.0
835	4665	3.0
835	4766	3.0
835	4922	4.0
835	5150	3.0
835	5236	3.0
835	5297	4.0
835	5341	4.0
835	5386	4.0
835	5395	4.0
835	5494	5.0
835	5538	3.0
835	5659	3.0
835	5675	3.0
835	6190	5.0
835	6214	3.0
835	6310	3.0
835	6523	3.0
835	6706	3.0
835	6878	4.0
879	58	5.0
879	83	5.0
879	166	5.0
879	174	5.0
879	350	4.0
879	371	5.0
879	386	5.0
879	528	5.0
879	551	5.0
879	629	5.0
879	789	5.0
879	1101	5.0
879	1129	5.0
879	1140	5.0
879	1276	5.0
879	1808	5.0
879	1851	5.0
879	2082	4.0
879	2182	5.0
879	2421	5.0
879	2564	5.0
879	2787	5.0
879	2838	5.0
879	2846	5.0
879	3167	5.0
879	3197	5.0
879	3277	5.0
879	3344	5.0
879	3371	5.0
879	3400	5.0
879	3423	4.0
879	3430	5.0
879	3431	4.0
879	3440	5.0
879	3470	5.0
879	3791	5.0
879	3949	5.0
879	3952	5.0
879	3997	5.0
879	4111	5.0
879	4117	5.0
879	4161	3.0
879	4254	5.0
879	4323	5.0
879	4514	5.0
879	4767	5.0
879	4878	5.0
879	4927	5.0
879	4989	5.0
879	5294	5.0
879	5473	5.0
879	5564	5.0
879	5686	5.0
879	6139	5.0
879	6522	5.0
888	190	4.0
888	529	3.0
888	832	5.0
888	858	5.0
888	884	3.0
888	1210	4.0
888	1521	5.0
888	1782	4.0
888	1888	3.0
888	1957	2.0
888	2274	5.0
888	2529	4.0
888	2774	3.0
888	3344	3.0
888	3385	5.0
888	3501	3.0
888	3613	3.0
888	3699	3.0
888	3754	4.0
888	3781	5.0
888	3979	3.0
888	3998	4.0
888	4063	4.0
888	4340	4.0
888	4480	3.0
888	4567	3.0
888	4628	3.0
888	4857	5.0
888	5107	5.0
888	5394	3.0
888	5401	5.0
888	5515	3.0
888	5582	4.0
888	5928	3.0
888	6066	3.0
888	6159	5.0
888	6202	4.0
888	6229	3.0
888	6244	4.0
888	6327	5.0
888	6691	5.0
921	1	3.0
921	16	5.0
921	174	4.0
921	223	5.0
921	656	3.0
921	829	5.0
921	1030	5.0
921	1336	5.0
921	1361	4.0
921	1384	3.0
921	1488	4.0
921	1546	5.0
921	1728	5.0
921	1876	5.0
921	1941	4.0
921	2461	5.0
921	2483	5.0
921	2859	5.0
921	2900	4.0
921	3129	4.0
921	3192	5.0
921	3270	5.0
921	3371	4.0
921	3386	3.0
921	3649	4.0
921	3694	3.0
921	3846	4.0
921	4002	4.0
921	4110	4.0
921	4171	3.0
921	4188	5.0
921	4215	4.0
921	4340	4.0
921	4857	5.0
921	5015	5.0
921	5049	3.0
921	5294	4.0
921	5316	5.0
921	5445	4.0
921	5572	5.0
921	6217	4.0
921	6648	5.0
921	6691	5.0
921	6703	4.0
921	6963	5.0
956	105	5.0
956	180	4.0
956	235	3.0
956	708	5.0
956	1023	2.0
956	1242	4.0
956	1532	5.0
956	1728	4.0
956	2017	4.0
956	2025	4.0
956	2186	4.0
956	2684	4.0
956	2825	3.0
956	3006	2.0
956	3623	4.0
956	3739	5.0
956	3781	5.0
956	3870	3.0
956	3964	3.0
956	4037	5.0
956	4054	5.0
956	4110	4.0
956	4330	4.0
956	4463	4.0
956	4723	4.0
956	5005	4.0
956	5042	4.0
956	5274	4.0
956	5294	5.0
956	5386	4.0
956	5470	3.0
956	5792	4.0
956	6072	4.0
956	6123	4.0
956	6432	3.0
956	6522	4.0
956	6853	4.0
961	176	4.0
961	232	4.0
961	241	2.0
961	341	4.0
961	453	3.0
961	787	3.0
961	859	4.0
961	913	5.0
961	979	1.0
961	1209	2.0
961	1392	3.0
961	1432	4.0
961	1740	3.0
961	1743	3.0
961	1753	4.0
961	1772	4.0
961	1779	4.0
961	1871	1.0
961	2017	2.0
961	2159	1.0
961	2283	2.0
961	2313	3.0
961	2320	3.0
961	2330	3.0
961	2427	2.0
961	2512	3.0
961	2678	2.0
961	2806	3.0
961	2825	3.0
961	2841	1.0
961	2996	4.0
961	3378	3.0
961	3408	1.0
961	3436	5.0
961	3440	5.0
961	3449	3.0
961	3492	3.0
961	3527	1.0
961	3564	4.0
961	3570	4.0
961	3613	2.0
961	3785	2.0
961	3796	5.0
961	3865	2.0
961	3869	1.0
961	4018	2.0
961	4180	2.0
961	4202	4.0
961	4527	4.0
961	4617	1.0
961	4673	3.0
961	4922	4.0
961	5310	1.0
961	5357	1.0
961	5367	2.0
961	5433	3.0
961	5663	4.0
961	5750	4.0
961	5848	3.0
961	6009	1.0
961	6203	3.0
961	6210	2.0
961	6217	5.0
961	6232	4.0
961	6479	3.0
961	6561	3.0
961	6571	4.0
961	6691	4.0
961	6695	4.0
961	6876	4.0
961	6969	4.0
1002	1	3.0
1002	220	5.0
1002	234	4.0
1002	601	4.0
1002	946	4.0
1002	947	1.0
1002	1001	3.0
1002	1479	5.0
1002	1679	5.0
1002	1728	4.0
1002	1881	3.0
1002	2135	4.0
1002	2739	2.0
1002	3728	2.0
1002	3754	4.0
1002	4457	5.0
1002	4477	3.0
1002	4924	4.0
1002	5134	3.0
1002	5407	4.0
1002	5664	3.0
1002	5928	4.0
1002	6426	4.0
1002	6523	4.0
1002	6927	3.0
1027	96	5.0
1027	220	4.0
1027	276	5.0
1027	502	4.0
1027	531	5.0
1027	681	5.0
1027	1701	4.0
1027	1728	5.0
1027	1881	3.0
1027	1951	5.0
1027	2089	5.0
1027	2188	4.0
1027	2431	5.0
1027	3018	5.0
1027	3109	3.0
1027	3244	3.0
1027	3417	4.0
1027	3563	5.0
1027	3649	3.0
1027	3676	5.0
1027	3755	4.0
1027	3781	5.0
1027	3905	4.0
1027	4087	4.0
1027	4453	5.0
1027	4457	5.0
1027	4483	4.0
1027	4487	3.0
1027	4927	5.0
1027	5251	5.0
1027	5322	4.0
1027	5481	3.0
1027	5581	4.0
1027	6199	3.0
1027	6327	5.0
1027	6539	3.0
1027	6777	5.0
1027	6876	5.0
1027	6879	3.0
1044	1	4.0
1044	65	5.0
1044	101	5.0
1044	173	4.0
1044	379	4.0
1044	447	4.0
1044	500	5.0
1044	699	4.0
1044	817	5.0
1044	827	5.0
1044	919	5.0
1044	1010	5.0
1044	1030	5.0
1044	1622	4.0
1044	1690	5.0
1044	2269	5.0
1044	2285	3.0
1044	2421	2.0
1044	2462	5.0
1044	2483	5.0
1044	2520	3.0
1044	2606	5.0
1044	2971	5.0
1044	3024	5.0
1044	3026	4.0
1044	3423	5.0
1044	3472	4.0
1044	3485	3.0
1044	3703	5.0
1044	3869	1.0
1044	4169	4.0
1044	4240	4.0
1044	4253	5.0
1044	4305	5.0
1044	4312	5.0
1044	4330	2.0
1044	4529	4.0
1044	4612	5.0
1044	4673	4.0
1044	4754	3.0
1044	4781	4.0
1044	4872	2.0
1044	4894	5.0
1044	5005	5.0
1044	5252	4.0
1044	5378	5.0
1044	5386	5.0
1044	5406	4.0
1044	5560	3.0
1044	5928	4.0
1044	6066	5.0
1044	6159	5.0
1044	6321	3.0
1044	6370	4.0
1044	6558	4.0
1044	6641	5.0
1044	6691	5.0
1044	6931	4.0
1192	369	3.0
1192	491	4.0
1192	540	3.0
1192	592	3.0
1192	770	4.0
1192	1613	4.0
1192	1745	4.0
1192	1774	5.0
1192	2274	4.0
1192	2842	4.0
1192	3145	4.0
1192	3319	4.0
1192	3931	3.0
1192	4295	4.0
1192	4527	4.0
1192	4746	3.0
1192	5294	4.0
1192	5367	3.0
1192	5417	3.0
1192	5473	3.0
1192	5686	3.0
1192	5781	4.0
1192	5945	4.0
1192	6188	4.0
1192	6833	4.0
1192	6875	4.0
1219	220	5.0
1219	350	4.0
1219	441	3.0
1219	711	5.0
1219	1005	5.0
1219	1513	4.0
1219	1728	5.0
1219	1772	4.0
1219	1853	5.0
1219	1876	5.0
1219	1941	5.0
1219	2291	4.0
1219	2727	5.0
1219	2839	5.0
1219	2859	4.0
1219	2907	5.0
1219	3371	4.0
1219	3739	4.0
1219	3754	4.0
1219	4072	5.0
1219	4101	5.0
1219	4295	5.0
1219	4684	4.0
1219	4864	4.0
1219	5108	4.0
1219	5311	5.0
1219	5582	4.0
1219	5691	4.0
1219	5879	5.0
1219	6039	4.0
1219	6159	3.0
1219	6691	5.0
1238	399	4.0
1238	708	3.0
1238	1483	4.0
1238	1633	5.0
1238	1770	5.0
1238	1772	3.0
1238	1813	4.0
1238	2274	4.0
1238	2421	4.0
1238	2763	4.0
1238	3062	4.0
1238	3125	5.0
1238	3301	4.0
1238	3754	4.0
1238	3874	3.0
1238	4596	5.0
1238	5258	5.0
1238	5274	5.0
1238	5394	4.0
1238	5572	4.0
1238	6878	5.0
1238	6881	5.0
1238	6927	4.0
1238	6969	3.0
1244	106	4.0
1244	170	4.0
1244	190	4.0
1244	223	5.0
1244	254	4.0
1244	265	4.0
1244	281	4.0
1244	370	3.0
1244	512	5.0
1244	523	4.0
1244	604	2.0
1244	677	4.0
1244	735	1.0
1244	784	5.0
1244	806	5.0
1244	818	5.0
1244	827	5.0
1244	858	4.0
1244	939	5.0
1244	1061	5.0
1244	1175	4.0
1244	1177	4.0
1244	1180	4.0
1244	1204	3.0
1244	1294	4.0
1244	1377	3.0
1244	1503	3.0
1244	1513	3.0
1244	1615	5.0
1244	1670	3.0
1244	1728	5.0
1244	1730	4.0
1244	1759	5.0
1244	1808	4.0
1244	1859	4.0
1244	1888	3.0
1244	1941	5.0
1244	2025	4.0
1244	2135	4.0
1244	2240	4.0
1244	2243	5.0
1244	2315	3.0
1244	2320	4.0
1244	2326	4.0
1244	2339	3.0
1244	2482	4.0
1244	2565	4.0
1244	2602	3.0
1244	2627	5.0
1244	2704	3.0
1244	2772	5.0
1244	2788	4.0
1244	3026	5.0
1244	3110	4.0
1244	3118	5.0
1244	3151	4.0
1244	3251	3.0
1244	3278	2.0
1244	3281	1.0
1244	3294	4.0
1244	3295	4.0
1244	3301	5.0
1244	3309	3.0
1244	3564	4.0
1244	3593	3.0
1244	3759	2.0
1244	3777	5.0
1244	3866	4.0
1244	4135	3.0
1244	4187	4.0
1244	4206	4.0
1244	4244	5.0
1244	4260	4.0
1244	4295	4.0
1244	4296	4.0
1244	4706	3.0
1244	4711	3.0
1244	4759	4.0
1244	4982	4.0
1244	5210	3.0
1244	5211	5.0
1244	5282	5.0
1244	5299	4.0
1244	5401	4.0
1244	5432	4.0
1244	5552	2.0
1244	5654	5.0
1244	5719	3.0
1244	5775	4.0
1244	5820	4.0
1244	5932	4.0
1244	6010	4.0
1244	6138	4.0
1244	6182	4.0
1244	6229	4.0
1244	6659	4.0
1244	6682	4.0
1244	6691	4.0
1244	6770	4.0
1244	6876	3.0
1244	6955	3.0
1244	6963	4.0
1282	282	4.0
1282	531	5.0
1282	719	4.0
1282	809	3.0
1282	913	4.0
1282	1162	4.0
1282	1506	4.0
1282	1706	5.0
1282	1876	5.0
1282	1879	4.0
1282	1881	4.0
1282	1899	5.0
1282	1999	3.0
1282	2093	5.0
1282	2188	4.0
1282	2360	3.0
1282	2586	4.0
1282	2995	3.0
1282	3371	5.0
1282	3386	4.0
1282	3492	4.0
1282	3781	4.0
1282	3804	4.0
1282	3831	5.0
1282	3954	4.0
1282	3974	3.0
1282	4037	4.0
1282	4172	5.0
1282	4477	5.0
1282	4479	5.0
1282	4569	3.0
1282	4596	5.0
1282	4612	4.0
1282	4658	5.0
1282	4691	4.0
1282	4796	4.0
1282	4811	3.0
1282	4932	4.0
1282	5133	5.0
1282	5262	4.0
1282	5297	4.0
1282	5489	3.0
1282	5978	5.0
1282	6018	5.0
1282	6159	5.0
1282	6205	5.0
1282	6220	2.0
1282	6310	5.0
1282	6332	4.0
1282	6370	4.0
1282	6691	5.0
1282	6799	4.0
1565	172	5.0
1565	220	5.0
1565	497	5.0
1565	658	4.0
1565	681	5.0
1565	682	3.0
1565	1195	5.0
1565	1266	2.0
1565	1405	4.0
1565	1458	4.0
1565	1481	3.0
1565	1488	5.0
1565	1613	3.0
1565	1734	1.0
1565	1773	5.0
1565	1876	5.0
1565	2164	4.0
1565	2876	5.0
1565	2939	5.0
1565	3022	4.0
1565	3102	5.0
1565	3291	4.0
1565	3418	4.0
1565	3471	4.0
1565	3531	5.0
1565	3739	5.0
1565	3794	5.0
1565	3833	4.0
1565	3876	4.0
1565	4027	4.0
1565	4056	4.0
1565	4306	3.0
1565	4308	3.0
1565	4385	5.0
1565	4457	5.0
1565	4471	5.0
1565	4572	5.0
1565	4927	5.0
1565	4942	3.0
1565	5389	4.0
1565	5407	4.0
1565	5566	4.0
1565	5659	3.0
1565	5665	4.0
1565	5898	4.0
1565	5941	5.0
1565	5944	5.0
1565	5991	3.0
1565	6035	5.0
1565	6147	4.0
1565	6682	3.0
1565	6729	4.0
1565	6963	4.0
1636	220	5.0
1636	350	5.0
1636	557	5.0
1636	1030	5.0
1636	1048	5.0
1636	1468	5.0
1636	1728	4.0
1636	1941	4.0
1636	2029	5.0
1636	2069	5.0
1636	2135	5.0
1636	2245	5.0
1636	2278	5.0
1636	3522	4.0
1636	3649	5.0
1636	3777	5.0
1636	3947	5.0
1636	4215	5.0
1636	4239	5.0
1636	4296	4.0
1636	4304	5.0
1636	4796	5.0
1636	4857	5.0
1636	5328	5.0
1636	6287	4.0
1636	6523	5.0
1662	88	4.0
1662	190	5.0
1662	327	4.0
1662	537	4.0
1662	605	5.0
1662	649	5.0
1662	827	4.0
1662	939	5.0
1662	1175	4.0
1662	1177	5.0
1662	1544	5.0
1662	1760	5.0
1662	1765	5.0
1662	2168	4.0
1662	2242	5.0
1662	2622	4.0
1662	2711	5.0
1662	3066	4.0
1662	3371	4.0
1662	3513	5.0
1662	3755	5.0
1662	3794	5.0
1662	3844	5.0
1662	4171	4.0
1662	4743	5.0
1662	4860	5.0
1662	4924	5.0
1662	4926	4.0
1662	4932	5.0
1662	5294	5.0
1662	5507	4.0
1662	5572	5.0
1662	5575	5.0
1662	5697	5.0
1662	5793	5.0
1662	5873	5.0
1662	6082	4.0
1662	6193	3.0
1662	6370	5.0
1662	6522	5.0
1662	6637	5.0
1662	6675	5.0
1662	6682	4.0
1662	6721	4.0
1662	6777	4.0
1680	1	3.0
1680	38	2.0
1680	770	3.0
1680	1171	4.0
1680	1384	5.0
1680	1568	2.0
1680	1603	3.0
1680	3170	3.0
1680	3192	5.0
1680	3386	3.0
1680	3480	5.0
1680	3483	4.0
1680	3564	4.0
1680	3587	5.0
1680	4487	5.0
1680	4791	5.0
1680	4857	4.0
1680	4928	4.0
1680	4989	3.0
1680	5251	4.0
1680	5774	3.0
1680	5943	3.0
1680	6074	3.0
1680	6214	4.0
1680	6335	4.0
1686	72	3.0
1686	173	3.0
1686	475	5.0
1686	535	4.0
1686	605	4.0
1686	921	2.0
1686	1030	3.0
1686	1642	2.0
1686	1644	3.0
1686	1750	3.0
1686	1779	3.0
1686	1937	2.0
1686	2135	4.0
1686	2421	4.0
1686	2511	3.0
1686	2568	4.0
1686	2609	3.0
1686	2931	5.0
1686	3024	5.0
1686	3099	4.0
1686	3310	3.0
1686	3479	4.0
1686	4487	3.0
1686	4557	3.0
1686	4658	5.0
1686	4953	4.0
1686	4979	2.0
1686	4982	5.0
1686	5005	4.0
1686	5053	3.0
1686	5401	4.0
1686	5515	4.0
1686	5697	3.0
1686	5791	3.0
1686	6066	4.0
1686	6955	4.0
1688	269	3.0
1688	307	3.0
1688	341	4.0
1688	371	5.0
1688	752	4.0
1688	756	5.0
1688	946	5.0
1688	1065	3.0
1688	1451	5.0
1688	1703	4.0
1688	1716	5.0
1688	1728	5.0
1688	1740	5.0
1688	1793	3.0
1688	1820	5.0
1688	1897	3.0
1688	2159	3.0
1688	2178	3.0
1688	2230	2.0
1688	2264	4.0
1688	2434	5.0
1688	2797	3.0
1688	2799	3.0
1688	2858	5.0
1688	2859	5.0
1688	2907	5.0
1688	2924	5.0
1688	3371	5.0
1688	3386	4.0
1688	3511	4.0
1688	3521	5.0
1688	3570	4.0
1688	3587	4.0
1688	3588	4.0
1688	3623	3.0
1688	3889	3.0
1688	3909	3.0
1688	4135	4.0
1688	4260	5.0
1688	4272	5.0
1688	4340	5.0
1688	4487	5.0
1688	4708	4.0
1688	4773	4.0
1688	5015	4.0
1688	5049	4.0
1688	5407	5.0
1688	5564	3.0
1688	5572	4.0
1688	6105	4.0
1688	6199	3.0
1688	6217	5.0
1688	6310	4.0
1688	6328	4.0
1688	6426	4.0
1688	6593	4.0
1688	6691	5.0
1722	117	3.0
1722	192	4.0
1722	243	4.0
1722	475	4.0
1722	524	4.0
1722	537	3.0
1722	832	4.0
1722	847	3.0
1722	1181	3.0
1722	1209	3.0
1722	1629	3.0
1722	2274	4.0
1722	2319	3.0
1722	2384	3.0
1722	2928	3.0
1722	3025	5.0
1722	3356	3.0
1722	3394	4.0
1722	3423	3.0
1722	3613	3.0
1722	3754	4.0
1722	3950	3.0
1722	4037	3.0
1722	4307	4.0
1722	4965	4.0
1722	5394	4.0
1722	5566	4.0
1722	5572	4.0
1722	5686	3.0
1722	6208	4.0
1722	6691	4.0
1722	6953	4.0
1810	5	4.0
1810	77	4.0
1810	220	5.0
1810	818	5.0
1810	1122	5.0
1810	1196	4.0
1810	1591	3.0
1810	1776	4.0
1810	2029	4.0
1810	2069	4.0
1810	2384	4.0
1810	2610	4.0
1810	3649	4.0
1810	3707	3.0
1810	3783	3.0
1810	4426	4.0
1810	4889	4.0
1810	5302	4.0
1810	5323	4.0
1810	5410	3.0
1810	5624	4.0
1810	6112	3.0
1810	6283	4.0
1825	304	4.0
1825	392	4.0
1825	858	3.0
1825	1600	3.0
1825	1728	4.0
1825	1820	5.0
1825	1876	5.0
1825	1996	3.0
1825	2089	5.0
1825	2135	5.0
1825	3528	5.0
1825	3856	4.0
1825	4246	5.0
1825	4487	3.0
1825	5018	5.0
1825	5179	3.0
1825	5394	5.0
1825	5582	4.0
1825	6035	4.0
1825	6217	4.0
1825	6799	4.0
1825	6923	4.0
1861	30	4.0
1861	311	3.0
1861	369	4.0
1861	517	3.0
1861	594	3.0
1861	799	3.0
1861	911	4.0
1861	1030	3.0
1861	1059	1.0
1861	1071	4.0
1861	1145	3.0
1861	1195	5.0
1861	1728	5.0
1861	1871	3.0
1861	2421	4.0
1861	2430	3.0
1861	2772	4.0
1861	2818	5.0
1861	2824	4.0
1861	3237	4.0
1861	3255	4.0
1861	3649	3.0
1861	3777	5.0
1861	3986	3.0
1861	4186	4.0
1861	4333	3.0
1861	4390	3.0
1861	4487	4.0
1861	4612	4.0
1861	4787	3.0
1861	4923	4.0
1861	5005	3.0
1861	5053	5.0
1861	5261	3.0
1861	5294	4.0
1861	5311	3.0
1861	5469	4.0
1861	5515	4.0
1861	5572	5.0
1861	5890	5.0
1861	6208	4.0
1861	6626	3.0
1861	6878	4.0
1861	6955	4.0
1865	226	3.0
1865	353	4.0
1865	418	4.0
1865	427	4.0
1865	568	3.0
1865	601	3.0
1865	613	4.0
1865	649	4.0
1865	680	4.0
1865	681	5.0
1865	682	4.0
1865	884	5.0
1865	912	4.0
1865	1300	3.0
1865	1440	3.0
1865	2444	5.0
1865	2739	5.0
1865	2925	4.0
1865	3022	4.0
1865	3028	4.0
1865	3125	4.0
1865	3141	3.0
1865	3296	5.0
1865	3570	3.0
1865	3711	4.0
1865	3723	4.0
1865	3794	5.0
1865	3912	4.0
1865	4042	4.0
1865	4194	5.0
1865	4421	3.0
1865	4451	4.0
1865	4457	5.0
1865	4924	5.0
1865	4927	4.0
1865	5228	3.0
1865	5293	4.0
1865	5294	5.0
1865	5407	4.0
1865	5928	3.0
1865	5939	5.0
1865	5963	4.0
1865	6175	3.0
1865	6202	4.0
1865	6334	5.0
1865	6426	4.0
1865	6456	4.0
1865	6682	4.0
1865	6695	3.0
1892	127	4.0
1892	266	5.0
1892	300	5.0
1892	370	5.0
1892	471	5.0
1892	747	5.0
1892	832	5.0
1892	889	4.0
1892	1030	4.0
1892	1355	4.0
1892	1463	5.0
1892	1540	3.0
1892	1728	5.0
1892	1743	4.0
1892	1774	5.0
1892	2132	5.0
1892	2169	5.0
1892	2188	3.0
1892	2420	3.0
1892	2421	4.0
1892	2481	5.0
1892	2963	5.0
1892	3026	5.0
1892	3039	4.0
1892	3151	5.0
1892	3224	3.0
1892	3239	4.0
1892	3378	5.0
1892	3707	5.0
1892	3711	5.0
1892	3791	5.0
1892	4053	4.0
1892	5037	5.0
1892	5105	3.0
1892	5170	5.0
1892	5236	4.0
1892	5258	4.0
1892	5470	3.0
1892	5581	4.0
1892	5685	4.0
1892	5791	4.0
1892	5910	4.0
1892	6229	4.0
1892	6252	2.0
1892	6287	4.0
1892	6614	3.0
1892	6691	5.0
1892	6954	4.0
1913	105	3.0
1913	180	4.0
1913	192	3.0
1913	220	4.0
1913	257	5.0
1913	353	4.0
1913	500	3.0
1913	552	4.0
1913	594	3.0
1913	680	5.0
1913	714	4.0
1913	810	3.0
1913	817	5.0
1913	1336	3.0
1913	1488	3.0
1913	1772	4.0
1913	2350	4.0
1913	2535	4.0
1913	2924	5.0
1913	3024	5.0
1913	3613	4.0
1913	3777	5.0
1913	3781	5.0
1913	3828	3.0
1913	3950	4.0
1913	4173	3.0
1913	4260	3.0
1913	4523	4.0
1913	5005	4.0
1913	5037	3.0
1913	5211	5.0
1913	5386	4.0
1913	5394	5.0
1913	5780	3.0
1913	5792	3.0
1913	5856	5.0
1913	6029	5.0
1913	6253	5.0
1913	6523	4.0
1913	6609	4.0
1913	6676	3.0
2009	500	4.0
2009	528	3.0
2009	747	4.0
2009	1080	5.0
2009	1488	4.0
2009	1713	3.0
2009	1779	5.0
2009	2274	4.0
2009	2859	5.0
2009	2989	4.0
2009	3123	3.0
2009	3192	5.0
2009	3371	3.0
2009	3946	4.0
2009	4206	4.0
2009	4592	4.0
2009	4638	3.0
2009	5386	4.0
2009	5394	4.0
2009	5445	4.0
2009	5555	3.0
2009	5792	4.0
2009	6217	5.0
2009	6232	3.0
2009	6310	4.0
2009	6523	4.0
2009	6659	5.0
2017	173	3.0
2017	192	4.0
2017	629	3.0
2017	1030	5.0
2017	1941	4.0
2017	2175	4.0
2017	2763	3.0
2017	2801	5.0
2017	3394	3.0
2017	3423	4.0
2017	3707	4.0
2017	3739	4.0
2017	3777	4.0
2017	3964	3.0
2017	4724	3.0
2017	5040	4.0
2017	5323	5.0
2017	5582	4.0
2017	6203	3.0
2017	6440	1.0
2017	6523	3.0
2017	6851	3.0
2059	194	3.0
2059	287	5.0
2059	289	5.0
2059	419	5.0
2059	831	3.0
2059	1125	5.0
2059	1713	5.0
2059	1881	4.0
2059	1957	3.0
2059	2431	4.0
2059	2806	3.0
2059	2841	5.0
2059	2900	5.0
2059	2935	4.0
2059	3024	4.0
2059	3089	3.0
2059	3244	5.0
2059	3486	4.0
2059	3649	5.0
2059	3781	5.0
2059	3800	5.0
2059	4074	5.0
2059	4188	4.0
2059	4457	4.0
2059	4485	5.0
2059	4791	4.0
2059	5100	5.0
2059	5147	4.0
2059	6370	3.0
2059	6538	5.0
2059	6691	5.0
2137	217	5.0
2137	220	5.0
2137	475	5.0
2137	827	5.0
2137	965	4.0
2137	1001	3.0
2137	1728	5.0
2137	2017	4.0
2137	2511	4.0
2137	2859	5.0
2137	3024	5.0
2137	3129	4.0
2137	3215	3.0
2137	3301	5.0
2137	3307	5.0
2137	3623	3.0
2137	3739	4.0
2137	3754	4.0
2137	3873	4.0
2137	3964	3.0
2137	3993	2.0
2137	4067	3.0
2137	4180	2.0
2137	4457	5.0
2137	4487	4.0
2137	4658	4.0
2137	4706	3.0
2137	4864	4.0
2137	4923	5.0
2137	4928	5.0
2137	5005	3.0
2137	5035	2.0
2137	5236	4.0
2137	5407	5.0
2137	5657	5.0
2137	5664	5.0
2137	5792	3.0
2137	6303	2.0
2137	6368	4.0
2137	6691	5.0
2146	19	4.0
2146	141	5.0
2146	399	3.0
2146	475	4.0
2146	479	3.0
2146	500	5.0
2146	596	4.0
2146	614	4.0
2146	680	4.0
2146	994	3.0
2146	1097	3.0
2146	1400	5.0
2146	1443	3.0
2146	1722	4.0
2146	1770	3.0
2146	1776	3.0
2146	1820	3.0
2146	1951	4.0
2146	1991	3.0
2146	2009	2.0
2146	2421	4.0
2146	2458	4.0
2146	2512	4.0
2146	2605	4.0
2146	2714	4.0
2146	3025	4.0
2146	3118	4.0
2146	3307	4.0
2146	3513	4.0
2146	3517	4.0
2146	3777	5.0
2146	3873	4.0
2146	3874	4.0
2146	3977	4.0
2146	4236	4.0
2146	4295	3.0
2146	4453	4.0
2146	4572	5.0
2146	4688	5.0
2146	4836	4.0
2146	4926	3.0
2146	4927	5.0
2146	5082	3.0
2146	5124	4.0
2146	5213	3.0
2146	5361	3.0
2146	5394	4.0
2146	5531	4.0
2146	5771	5.0
2146	6193	4.0
2146	6370	4.0
2146	6548	3.0
2146	6685	4.0
2146	6691	5.0
2146	6927	4.0
2146	6969	4.0
2208	1	3.0
2208	223	3.0
2208	678	5.0
2208	858	4.0
2208	1248	3.0
2208	1271	3.0
2208	1282	4.0
2208	1384	4.0
2208	1483	5.0
2208	1734	3.0
2208	1745	3.0
2208	2029	5.0
2208	2242	3.0
2208	3192	5.0
2208	3307	4.0
2208	3386	4.0
2208	3679	4.0
2208	3794	4.0
2208	3831	4.0
2208	3993	4.0
2208	4171	3.0
2208	4339	3.0
2208	4390	3.0
2208	4453	5.0
2208	4457	4.0
2208	4527	4.0
2208	4561	5.0
2208	4857	5.0
2208	4927	4.0
2208	5236	3.0
2208	5258	4.0
2208	5616	5.0
2208	5792	3.0
2208	5844	4.0
2208	6609	3.0
2208	6685	4.0
2208	6691	4.0
2304	475	5.0
2304	1728	5.0
2304	1772	3.0
2304	2089	5.0
2304	2135	5.0
2304	2520	2.0
2304	3024	4.0
2304	3025	3.0
2304	3265	5.0
2304	3301	4.0
2304	3754	5.0
2304	3787	5.0
2304	3796	5.0
2304	3964	3.0
2304	4462	1.0
2304	5015	5.0
2304	5236	4.0
2304	5566	4.0
2304	5572	5.0
2304	5781	5.0
2304	5848	5.0
2304	6217	5.0
2304	6232	5.0
2304	6600	3.0
2304	6695	3.0
2304	6969	4.0
2365	1	4.0
2365	491	3.0
2365	596	5.0
2365	817	4.0
2365	919	5.0
2365	955	3.0
2365	1246	5.0
2365	1845	5.0
2365	1881	4.0
2365	2135	4.0
2365	2188	4.0
2365	2320	4.0
2365	2322	3.0
2365	3024	5.0
2365	3176	3.0
2365	3376	4.0
2365	3379	5.0
2365	3431	4.0
2365	3532	5.0
2365	3670	4.0
2365	3691	3.0
2365	3755	3.0
2365	4180	3.0
2365	4350	3.0
2365	4385	5.0
2365	4612	5.0
2365	4673	3.0
2365	4852	4.0
2365	4919	3.0
2365	4951	5.0
2365	5134	5.0
2365	5222	3.0
2365	5515	4.0
2365	5552	3.0
2365	5582	4.0
2365	5928	4.0
2365	6066	4.0
2365	6469	3.0
2365	6479	4.0
2365	6875	3.0
2365	6953	4.0
2407	276	5.0
2407	399	4.0
2407	412	3.0
2407	500	4.0
2407	629	2.0
2407	652	4.0
2407	817	5.0
2407	1061	5.0
2407	1527	3.0
2407	1834	3.0
2407	2209	3.0
2407	2846	5.0
2407	3130	5.0
2407	3307	5.0
2407	3758	4.0
2407	3777	5.0
2407	3828	4.0
2407	4409	4.0
2407	4889	5.0
2407	4932	4.0
2407	4965	3.0
2407	5100	4.0
2407	5251	5.0
2407	5328	4.0
2407	5394	5.0
2407	5566	4.0
2407	5962	3.0
2407	6010	4.0
2407	6029	5.0
2407	6143	5.0
2407	6574	4.0
2531	223	5.0
2531	588	5.0
2531	1116	5.0
2531	1608	4.0
2531	1728	5.0
2531	1779	3.0
2531	2090	5.0
2531	2098	4.0
2531	2310	5.0
2531	2680	3.0
2531	2859	5.0
2531	2907	4.0
2531	3158	4.0
2531	3388	4.0
2531	3520	4.0
2531	3856	4.0
2531	3862	4.0
2531	4948	4.0
2531	5073	4.0
2531	5133	3.0
2531	5345	3.0
2531	6203	3.0
2531	6725	4.0
2531	6807	3.0
2531	6841	4.0
2598	97	3.0
2598	324	3.0
2598	1064	5.0
2598	1294	5.0
2598	1441	5.0
2598	1678	4.0
2598	2260	5.0
2598	2279	3.0
2598	2384	2.0
2598	2511	3.0
2598	2517	3.0
2598	2772	5.0
2598	2815	3.0
2598	2859	5.0
2598	2991	3.0
2598	3102	5.0
2598	3281	3.0
2598	3910	3.0
2598	3931	3.0
2598	4115	4.0
2598	4517	3.0
2598	4746	3.0
2598	5124	4.0
2598	5225	4.0
2598	5582	3.0
2598	5659	4.0
2619	1	3.0
2619	180	4.0
2619	223	5.0
2619	378	4.0
2619	421	5.0
2619	475	5.0
2619	608	2.0
2619	829	5.0
2619	835	4.0
2619	939	5.0
2619	1030	5.0
2619	1071	4.0
2619	1104	3.0
2619	1116	4.0
2619	1204	3.0
2619	1263	5.0
2619	1503	5.0
2619	1617	5.0
2619	1699	4.0
2619	1728	5.0
2619	1779	5.0
2619	1808	4.0
2619	1928	3.0
2619	1941	4.0
2619	2240	3.0
2619	2262	4.0
2619	2446	4.0
2619	2461	4.0
2619	2541	4.0
2619	2799	3.0
2619	2901	4.0
2619	3013	4.0
2619	3025	4.0
2619	3144	4.0
2619	3345	4.0
2619	3363	4.0
2619	3437	2.0
2619	4135	4.0
2619	4161	4.0
2619	4592	3.0
2619	4612	5.0
2619	4688	5.0
2619	4759	4.0
2619	4767	5.0
2619	5015	4.0
2619	5187	4.0
2619	5194	4.0
2619	5401	5.0
2619	5578	3.0
2619	5784	4.0
2619	6328	5.0
2619	6332	5.0
2619	6491	5.0
2619	6733	4.0
2619	6884	4.0
2619	6955	4.0
2693	483	3.0
2693	613	3.0
2693	747	4.0
2693	797	3.0
2693	852	2.0
2693	912	4.0
2693	1195	4.0
2693	1255	3.0
2693	1271	5.0
2693	1328	3.0
2693	1608	5.0
2693	1728	5.0
2693	1826	3.0
2693	2107	5.0
2693	2186	3.0
2693	2242	5.0
2693	2323	3.0
2693	2350	5.0
2693	2419	4.0
2693	2462	5.0
2693	2606	3.0
2693	2725	4.0
2693	2787	5.0
2693	3008	5.0
2693	3025	4.0
2693	3084	3.0
2693	3089	3.0
2693	3268	3.0
2693	3366	3.0
2693	3386	4.0
2693	3423	4.0
2693	3517	4.0
2693	3679	4.0
2693	3852	5.0
2693	3906	3.0
2693	4067	3.0
2693	4077	5.0
2693	4171	5.0
2693	4239	5.0
2693	4340	5.0
2693	4457	4.0
2693	4513	3.0
2693	4647	3.0
2693	4706	4.0
2693	4743	5.0
2693	4853	5.0
2693	5146	3.0
2693	5154	3.0
2693	5194	4.0
2693	5251	3.0
2693	5252	3.0
2693	5258	5.0
2693	5274	4.0
2693	5382	4.0
2693	5423	3.0
2693	5424	3.0
2693	5703	3.0
2693	5731	4.0
2693	6082	4.0
2693	6203	3.0
2693	6273	3.0
2693	6685	5.0
2693	6925	3.0
2693	6955	5.0
2958	557	5.0
2958	729	3.0
2958	747	4.0
2958	817	5.0
2958	832	5.0
2958	1197	2.0
2958	1294	5.0
2958	1722	5.0
2958	2017	4.0
2958	2089	5.0
2958	2283	5.0
2958	2320	4.0
2958	2350	5.0
2958	3024	5.0
2958	3025	5.0
2958	3058	5.0
2958	3192	5.0
2958	3270	5.0
2958	3326	5.0
2958	3431	4.0
2958	3587	5.0
2958	3846	5.0
2958	4507	4.0
2958	5093	3.0
2958	5194	4.0
2958	5294	5.0
2958	5445	5.0
2958	6217	3.0
2958	6232	5.0
2958	6878	5.0
2958	6953	5.0
3019	399	5.0
3019	747	5.0
3019	1964	5.0
3019	2237	4.0
3019	2242	5.0
3019	2274	5.0
3019	2463	5.0
3019	3564	5.0
3019	3631	4.0
3019	3737	3.0
3019	3794	5.0
3019	3876	5.0
3019	4309	4.0
3019	4477	5.0
3019	4857	5.0
3019	5257	3.0
3019	5258	5.0
3019	5274	5.0
3019	5575	5.0
3019	5663	5.0
3019	5697	5.0
3019	6232	5.0
3019	6577	4.0
3019	6691	5.0
3019	6884	5.0
