User	Movie	Rating
8	131	5.0
8	217	4.0
8	223	4.0
8	613	3.0
8	817	4.0
8	1805	2.0
8	1826	3.0
8	1953	3.0
8	2193	3.0
8	2427	3.0
8	2520	5.0
8	2763	4.0
8	2931	3.0
8	3270	5.0
8	3458	5.0
8	3649	4.0
8	3783	2.0
8	3856	3.0
8	4053	4.0
8	4117	4.0
8	4236	5.0
8	4323	3.0
8	4852	3.0
8	4997	4.0
8	5407	4.0
8	5423	4.0
8	5531	3.0
8	5560	4.0
8	5572	5.0
8	5781	5.0
8	5892	3.0
8	5939	4.0
8	5964	4.0
8	6328	3.0
8	6682	5.0
153	369	4.0
153	613	5.0
153	934	4.0
153	958	3.0
153	1030	4.0
153	1734	4.0
153	1813	4.0
153	2017	4.0
153	2026	3.0
153	2421	4.0
153	3378	4.0
153	3754	4.0
153	3876	4.0
153	3968	3.0
153	4352	5.0
153	4691	4.0
153	5294	4.0
153	5792	4.0
153	6066	4.0
153	6091	4.0
153	6193	4.0
153	6293	4.0
153	6410	4.0
153	6501	4.0
153	6672	4.0
153	6691	5.0
164	170	3.0
164	396	3.0
164	500	4.0
164	683	3.0
164	772	5.0
164	817	4.0
164	821	2.0
164	835	4.0
164	912	5.0
164	923	4.0
164	1139	3.0
164	1202	2.0
164	1633	3.0
164	1713	1.0
164	1963	2.0
164	2270	2.0
164	2283	4.0
164	2350	4.0
164	2492	5.0
164	2582	3.0
164	2606	3.0
164	2756	4.0
164	3026	5.0
164	3060	5.0
164	3530	5.0
164	3563	4.0
164	3644	3.0
164	3649	3.0
164	3777	5.0
164	3834	4.0
164	3996	4.0
164	4067	5.0
164	4164	5.0
164	4171	4.0
164	4221	5.0
164	4373	5.0
164	4527	4.0
164	4596	3.0
164	4691	3.0
164	4793	4.0
164	4852	5.0
164	4915	4.0
164	5252	3.0
164	5324	5.0
164	5373	5.0
164	5433	2.0
164	5534	4.0
164	5578	4.0
164	5582	4.0
164	5753	4.0
164	5993	4.0
164	5999	4.0
164	6196	4.0
164	6283	4.0
164	6578	3.0
164	6682	3.0
164	6952	3.0
165	502	4.0
165	1030	3.0
165	1084	4.0
165	1355	3.0
165	1808	3.0
165	2283	4.0
165	2846	4.0
165	3649	3.0
165	3665	3.0
165	4192	5.0
165	4487	3.0
165	4638	3.0
165	4706	4.0
165	4915	4.0
165	4953	4.0
165	5150	2.0
165	5572	3.0
165	5910	3.0
165	6229	5.0
165	6253	5.0
165	6262	4.0
165	6479	3.0
165	6729	4.0
181	219	4.0
181	224	4.0
181	233	2.0
181	613	3.0
181	938	1.0
181	1521	2.0
181	1707	3.0
181	1772	3.0
181	1876	4.0
181	2017	3.0
181	2029	4.0
181	2321	4.0
181	2517	2.0
181	2681	5.0
181	2704	3.0
181	2725	4.0
181	2806	2.0
181	2991	3.0
181	3060	4.0
181	3307	4.0
181	3538	4.0
181	3570	3.0
181	3613	2.0
181	3649	3.0
181	3720	4.0
181	3726	4.0
181	4039	3.0
181	4053	4.0
181	4087	4.0
181	4171	3.0
181	4180	1.0
181	4239	4.0
181	4349	3.0
181	4421	4.0
181	4767	4.0
181	4782	3.0
181	5236	3.0
181	5265	5.0
181	5386	4.0
181	5531	3.0
181	5555	3.0
181	5572	4.0
181	5856	4.0
181	6615	3.0
181	6682	3.0
181	6833	2.0
181	6925	4.0
181	6929	3.0
181	6953	4.0
193	82	4.0
193	281	5.0
193	323	4.0
193	350	5.0
193	557	5.0
193	596	5.0
193	1140	5.0
193	1195	3.0
193	1424	5.0
193	1434	3.0
193	1722	5.0
193	1734	4.0
193	1760	3.0
193	1951	5.0
193	2025	5.0
193	2027	5.0
193	2029	5.0
193	2242	5.0
193	2307	4.0
193	2384	5.0
193	2462	5.0
193	3033	4.0
193	3100	5.0
193	3130	5.0
193	3431	5.0
193	3627	4.0
193	3690	4.0
193	3707	4.0
193	3796	4.0
193	4166	3.0
193	4186	4.0
193	4236	4.0
193	4923	5.0
193	5082	4.0
193	5124	5.0
193	5274	5.0
193	5387	4.0
193	5407	4.0
193	5595	5.0
193	5910	4.0
193	5991	5.0
193	6174	5.0
193	6229	5.0
193	6396	4.0
193	6469	4.0
193	6770	5.0
193	6799	5.0
193	6927	5.0
280	76	4.0
280	268	4.0
280	747	3.0
280	817	4.0
280	1056	4.0
280	1240	4.0
280	1361	3.0
280	1419	4.0
280	1728	4.0
280	2102	4.0
280	2350	3.0
280	2431	3.0
280	2512	3.0
280	3028	4.0
280	3296	4.0
280	3301	4.0
280	3650	4.0
280	3739	5.0
280	3874	4.0
280	3977	4.0
280	4067	3.0
280	4072	4.0
280	4186	4.0
280	4187	4.0
280	4457	4.0
280	4638	4.0
280	4706	3.0
280	4860	4.0
280	4926	4.0
280	4982	5.0
280	5802	4.0
280	6145	4.0
280	6208	4.0
280	6283	3.0
280	6700	4.0
352	155	4.0
352	259	4.0
352	742	4.0
352	799	4.0
352	817	5.0
352	939	4.0
352	1152	5.0
352	1229	5.0
352	1377	4.0
352	1470	4.0
352	1607	4.0
352	2177	1.0
352	2265	3.0
352	2350	5.0
352	2462	5.0
352	2517	4.0
352	2520	3.0
352	2959	5.0
352	3052	5.0
352	3124	4.0
352	3418	5.0
352	3666	3.0
352	3754	4.0
352	3936	2.0
352	3946	4.0
352	3996	3.0
352	4392	4.0
352	4487	3.0
352	4527	5.0
352	4567	3.0
352	4638	5.0
352	4796	5.0
352	4988	5.0
352	5012	4.0
352	5142	4.0
352	5781	5.0
352	5934	2.0
352	5958	3.0
352	6314	5.0
481	141	4.0
481	296	3.0
481	519	3.0
481	939	5.0
481	1030	4.0
481	1102	3.0
481	1125	2.0
481	1630	4.0
481	1798	2.0
481	1881	3.0
481	2639	3.0
481	2841	3.0
481	2886	3.0
481	2931	4.0
481	3019	2.0
481	3056	3.0
481	3084	3.0
481	3411	3.0
481	3595	3.0
481	3707	4.0
481	3759	4.0
481	3834	3.0
481	4062	5.0
481	4523	4.0
481	4596	3.0
481	4665	3.0
481	4712	3.0
481	4907	3.0
481	4928	4.0
481	4947	3.0
481	4993	4.0
481	5107	3.0
481	5124	5.0
481	5150	4.0
481	5294	4.0
481	5353	3.0
481	5423	3.0
481	5572	4.0
481	5778	3.0
481	5792	3.0
481	5928	3.0
481	6066	3.0
481	6578	2.0
499	233	3.0
499	297	3.0
499	605	4.0
499	944	3.0
499	1171	4.0
499	1532	5.0
499	1805	3.0
499	1808	3.0
499	2177	1.0
499	2307	5.0
499	2434	5.0
499	3355	3.0
499	3551	2.0
499	3783	4.0
499	4323	5.0
499	4324	4.0
499	4449	5.0
499	5193	3.0
499	5344	4.0
499	5424	3.0
499	5555	5.0
499	6082	4.0
499	6310	5.0
499	6370	5.0
499	6479	4.0
499	6578	4.0
499	6799	3.0
714	174	5.0
714	180	4.0
714	281	4.0
714	537	3.0
714	657	4.0
714	1148	3.0
714	1377	3.0
714	1563	4.0
714	1629	4.0
714	1875	5.0
714	1920	3.0
714	2028	3.0
714	2135	4.0
714	2152	4.0
714	2320	4.0
714	2431	3.0
714	2509	3.0
714	2609	4.0
714	2842	4.0
714	2859	4.0
714	2959	3.0
714	2968	4.0
714	3025	5.0
714	3129	3.0
714	3141	3.0
714	3158	3.0
714	3309	4.0
714	3371	4.0
714	3535	5.0
714	3538	4.0
714	3555	3.0
714	3649	3.0
714	3650	4.0
714	3690	3.0
714	4065	4.0
714	4117	4.0
714	4187	4.0
714	4743	5.0
714	5077	4.0
714	5193	3.0
714	5253	4.0
714	5294	5.0
714	5390	5.0
714	5394	5.0
714	5592	2.0
714	5696	2.0
714	5736	3.0
714	6056	4.0
714	6116	4.0
714	6287	4.0
714	6328	3.0
714	6426	5.0
714	6472	2.0
714	6659	4.0
714	6706	3.0
714	6938	4.0
853	281	5.0
853	578	2.0
853	1180	4.0
853	1441	4.0
853	1563	4.0
853	1587	4.0
853	1760	4.0
853	1928	3.0
853	2252	4.0
853	2384	4.0
853	2462	5.0
853	2924	4.0
853	2959	5.0
853	3018	3.0
853	3270	5.0
853	3331	3.0
853	3527	3.0
853	3690	3.0
853	4171	5.0
853	4206	5.0
853	4487	3.0
853	4993	3.0
853	5049	4.0
853	5057	5.0
853	5407	4.0
853	5566	4.0
853	6307	4.0
853	6686	5.0
853	6852	4.0
877	97	3.0
877	371	4.0
877	509	3.0
877	703	4.0
877	797	3.0
877	832	5.0
877	913	4.0
877	1076	5.0
877	1713	2.0
877	1957	4.0
877	2075	3.0
877	2093	5.0
877	2155	4.0
877	2274	5.0
877	2282	4.0
877	2283	4.0
877	2300	2.0
877	3089	5.0
877	3287	3.0
877	3504	3.0
877	3665	3.0
877	3690	4.0
877	4151	5.0
877	4321	2.0
877	4517	3.0
877	4665	4.0
877	4729	3.0
877	5005	3.0
877	5154	4.0
877	5251	4.0
877	5344	4.0
877	5423	3.0
877	5575	5.0
877	5622	4.0
877	5646	2.0
877	5686	2.0
877	5700	5.0
877	5778	1.0
877	5910	2.0
877	6018	3.0
877	6040	3.0
877	6078	5.0
877	6108	3.0
877	6283	5.0
877	6394	4.0
877	6476	4.0
877	6687	4.0
877	6691	4.0
877	6875	3.0
877	6953	3.0
935	95	4.0
935	174	4.0
935	217	4.0
935	768	3.0
935	817	5.0
935	939	5.0
935	1300	3.0
935	1491	4.0
935	1651	4.0
935	1782	3.0
935	2151	4.0
935	2283	3.0
935	2291	5.0
935	2356	3.0
935	2461	4.0
935	2520	3.0
935	2842	2.0
935	3028	5.0
935	3248	1.0
935	3307	4.0
935	3777	5.0
935	4001	4.0
935	4065	3.0
935	4437	2.0
935	4527	5.0
935	4673	4.0
935	4799	3.0
935	5657	4.0
935	5663	5.0
935	5792	3.0
935	5879	3.0
935	6429	4.0
935	6542	4.0
935	6691	5.0
936	1	3.0
936	236	3.0
936	470	4.0
936	475	4.0
936	491	3.0
936	817	5.0
936	821	2.0
936	827	4.0
936	919	3.0
936	1300	3.0
936	1517	4.0
936	1617	3.0
936	1630	3.0
936	1699	4.0
936	1782	4.0
936	1941	3.0
936	2009	3.0
936	2029	4.0
936	2135	4.0
936	2151	4.0
936	2186	4.0
936	2283	3.0
936	2834	4.0
936	2958	3.0
936	2972	3.0
936	3060	3.0
936	3065	3.0
936	3145	3.0
936	3173	5.0
936	3222	4.0
936	3409	4.0
936	3423	3.0
936	3440	3.0
936	3463	2.0
936	3564	3.0
936	3570	3.0
936	3618	2.0
936	3655	4.0
936	3683	4.0
936	3717	5.0
936	3742	5.0
936	3781	4.0
936	3875	4.0
936	4038	5.0
936	4135	4.0
936	4140	4.0
936	4159	3.0
936	4230	4.0
936	4324	4.0
936	4333	2.0
936	4477	5.0
936	4658	5.0
936	4673	4.0
936	4808	4.0
936	4857	3.0
936	5252	3.0
936	5367	3.0
936	5430	3.0
936	5507	4.0
936	5597	3.0
936	5696	3.0
936	5719	4.0
936	5792	4.0
936	6203	3.0
936	6250	5.0
936	6280	5.0
936	6283	4.0
936	6528	3.0
936	6583	5.0
936	6609	3.0
936	6953	5.0
936	6955	4.0
985	557	5.0
985	711	4.0
985	832	5.0
985	1012	5.0
985	1071	5.0
985	1377	4.0
985	1384	5.0
985	1826	3.0
985	2522	4.0
985	2611	5.0
985	2772	5.0
985	2938	5.0
985	2971	4.0
985	3102	5.0
985	3110	4.0
985	3307	5.0
985	3781	5.0
985	3796	5.0
985	3996	3.0
985	4054	4.0
985	4119	3.0
985	4180	3.0
985	4477	4.0
985	4590	4.0
985	5163	4.0
985	5344	4.0
985	5578	4.0
985	6199	4.0
985	6691	5.0
985	6878	4.0
985	6881	5.0
985	6953	5.0
1041	38	1.0
1041	72	2.0
1041	217	4.0
1041	254	5.0
1041	318	4.0
1041	415	3.0
1041	470	4.0
1041	504	3.0
1041	535	4.0
1041	578	3.0
1041	613	3.0
1041	633	5.0
1041	789	4.0
1041	808	5.0
1041	818	5.0
1041	829	5.0
1041	946	4.0
1041	1018	2.0
1041	1035	3.0
1041	1133	5.0
1041	1180	3.0
1041	1196	4.0
1041	1209	2.0
1041	1296	2.0
1041	1306	4.0
1041	1371	3.0
1041	1441	5.0
1041	1664	3.0
1041	1678	4.0
1041	1727	4.0
1041	1840	4.0
1041	1941	3.0
1041	1976	4.0
1041	2188	3.0
1041	2270	3.0
1041	2282	2.0
1041	2286	4.0
1041	2395	4.0
1041	2436	3.0
1041	2445	3.0
1041	2457	4.0
1041	2492	4.0
1041	2541	5.0
1041	2606	4.0
1041	2676	4.0
1041	2704	3.0
1041	2841	3.0
1041	2858	4.0
1041	2931	4.0
1041	3277	4.0
1041	3419	4.0
1041	3497	5.0
1041	3568	3.0
1041	3656	5.0
1041	3663	4.0
1041	3822	3.0
1041	3825	4.0
1041	3970	3.0
1041	4117	4.0
1041	4172	3.0
1041	4294	5.0
1041	4349	4.0
1041	4460	4.0
1041	4508	3.0
1041	4673	4.0
1041	4728	3.0
1041	5236	4.0
1041	5262	4.0
1041	5395	3.0
1041	5461	3.0
1041	5820	5.0
1041	5827	4.0
1041	5966	2.0
1041	6003	4.0
1041	6028	3.0
1041	6208	5.0
1041	6217	4.0
1041	6232	5.0
1041	6244	3.0
1041	6328	3.0
1041	6335	3.0
1041	6340	4.0
1041	6370	4.0
1041	6479	4.0
1041	6491	4.0
1041	6637	4.0
1041	6659	4.0
1041	6679	4.0
1041	6751	3.0
1041	6875	4.0
1041	6963	4.0
1067	324	2.0
1067	1263	5.0
1067	1506	3.0
1067	1941	4.0
1067	2166	4.0
1067	2462	5.0
1067	2606	3.0
1067	3276	3.0
1067	3423	5.0
1067	3531	5.0
1067	3649	4.0
1067	3695	3.0
1067	3754	4.0
1067	3866	4.0
1067	4171	3.0
1067	4673	4.0
1067	4852	3.0
1067	5252	3.0
1067	5572	5.0
1067	5582	3.0
1067	5973	4.0
1067	6066	4.0
1067	6923	5.0
1067	6953	4.0
1067	6955	4.0
1229	827	5.0
1229	1438	3.0
1229	1513	3.0
1229	1580	4.0
1229	1941	4.0
1229	2274	5.0
1229	2462	5.0
1229	2606	4.0
1229	3555	2.0
1229	3605	4.0
1229	3653	4.0
1229	3690	2.0
1229	4169	4.0
1229	4457	4.0
1229	4706	4.0
1229	5311	3.0
1229	5407	5.0
1229	5572	5.0
1229	5781	4.0
1229	5941	5.0
1229	6370	5.0
1229	6527	4.0
1279	413	3.0
1279	500	3.0
1279	832	5.0
1279	1336	5.0
1279	1441	5.0
1279	1615	5.0
1279	1928	3.0
1279	1941	5.0
1279	2436	5.0
1279	2824	4.0
1279	3028	5.0
1279	3371	5.0
1279	3517	5.0
1279	4206	5.0
1279	4743	5.0
1279	5049	4.0
1279	5910	3.0
1279	6196	5.0
1279	6275	5.0
1279	6695	5.0
1346	1	3.0
1346	54	4.0
1346	72	4.0
1346	236	4.0
1346	612	3.0
1346	832	4.0
1346	861	4.0
1346	913	3.0
1346	980	3.0
1346	1377	4.0
1346	1808	4.0
1346	1999	3.0
1346	2017	4.0
1346	2029	4.0
1346	2139	5.0
1346	2274	4.0
1346	2421	3.0
1346	2544	3.0
1346	2729	5.0
1346	2901	4.0
1346	3440	4.0
1346	3555	4.0
1346	3869	3.0
1346	3870	3.0
1346	3946	3.0
1346	4135	3.0
1346	4339	2.0
1346	4553	4.0
1346	4765	4.0
1346	4767	4.0
1346	4884	5.0
1346	4934	5.0
1346	5005	5.0
1346	5124	5.0
1346	5262	4.0
1346	5401	4.0
1346	5781	4.0
1346	5792	4.0
1346	6010	4.0
1346	6182	4.0
1346	6220	2.0
1346	6229	4.0
1346	6416	3.0
1346	6600	4.0
1346	6659	5.0
1364	112	4.0
1364	131	4.0
1364	170	5.0
1364	180	5.0
1364	294	5.0
1364	326	3.0
1364	347	4.0
1364	652	5.0
1364	747	5.0
1364	832	5.0
1364	861	5.0
1364	912	5.0
1364	1116	4.0
1364	1212	4.0
1364	1506	4.0
1364	1516	4.0
1364	1588	3.0
1364	1682	3.0
1364	1722	5.0
1364	1782	5.0
1364	1974	3.0
1364	2171	5.0
1364	2838	5.0
1364	2841	3.0
1364	2923	2.0
1364	3100	5.0
1364	3173	3.0
1364	3275	3.0
1364	3371	5.0
1364	3535	4.0
1364	3568	3.0
1364	3613	3.0
1364	3672	3.0
1364	3690	4.0
1364	3755	4.0
1364	3796	4.0
1364	4054	2.0
1364	4072	5.0
1364	4180	3.0
1364	4307	4.0
1364	4487	5.0
1364	4541	4.0
1364	4617	3.0
1364	4743	5.0
1364	4927	5.0
1364	4965	4.0
1364	5053	4.0
1364	5165	3.0
1364	5274	5.0
1364	5299	4.0
1364	5314	5.0
1364	5373	3.0
1364	5387	4.0
1364	5395	4.0
1364	5407	5.0
1364	5712	4.0
1364	5735	5.0
1364	5769	4.0
1364	5782	5.0
1364	5864	4.0
1364	6080	3.0
1364	6174	4.0
1364	6242	3.0
1364	6580	5.0
1364	6799	3.0
1364	6814	4.0
1364	6927	5.0
1364	6952	4.0
1364	6962	4.0
1364	6967	4.0
1397	236	3.0
1397	919	3.0
1397	939	5.0
1397	1491	3.0
1397	1532	3.0
1397	1808	4.0
1397	1885	3.0
1397	1941	4.0
1397	2029	4.0
1397	2135	4.0
1397	2282	4.0
1397	2307	3.0
1397	2425	3.0
1397	2520	5.0
1397	2522	3.0
1397	2787	3.0
1397	2841	4.0
1397	3100	3.0
1397	3555	4.0
1397	3613	4.0
1397	3649	4.0
1397	3690	4.0
1397	3754	4.0
1397	3977	5.0
1397	3993	3.0
1397	4230	4.0
1397	4673	4.0
1397	4947	3.0
1397	5124	4.0
1397	5386	4.0
1397	5572	5.0
1397	5619	2.0
1397	5696	4.0
1397	5792	3.0
1397	6066	3.0
1397	6123	3.0
1397	6229	4.0
1397	6370	4.0
1397	6479	3.0
1515	226	2.0
1515	340	4.0
1515	350	5.0
1515	574	4.0
1515	680	3.0
1515	846	3.0
1515	1005	4.0
1515	1030	3.0
1515	1061	3.0
1515	1160	3.0
1515	1377	3.0
1515	1527	4.0
1515	1594	3.0
1515	1617	3.0
1515	1664	4.0
1515	1701	3.0
1515	1772	4.0
1515	1808	3.0
1515	1813	5.0
1515	2069	3.0
1515	2274	3.0
1515	2340	4.0
1515	2357	3.0
1515	2462	4.0
1515	2476	3.0
1515	2721	4.0
1515	2778	3.0
1515	2846	4.0
1515	2859	4.0
1515	3052	3.0
1515	3060	4.0
1515	3568	3.0
1515	3794	3.0
1515	3954	3.0
1515	4037	3.0
1515	4161	3.0
1515	4186	5.0
1515	4230	3.0
1515	4312	4.0
1515	4538	3.0
1515	4635	2.0
1515	4684	3.0
1515	4706	3.0
1515	5145	2.0
1515	5249	3.0
1515	5293	3.0
1515	5347	3.0
1515	5401	3.0
1515	5472	3.0
1515	5531	4.0
1515	5572	3.0
1515	5646	1.0
1515	5686	2.0
1515	6240	3.0
1515	6310	4.0
1515	6449	3.0
1515	6595	2.0
1515	6691	4.0
1515	6901	3.0
1515	6955	3.0
1537	223	5.0
1537	324	3.0
1537	349	3.0
1537	808	4.0
1537	861	3.0
1537	904	3.0
1537	940	1.0
1537	1010	4.0
1537	1030	4.0
1537	1046	2.0
1537	1233	4.0
1537	1419	4.0
1537	1432	4.0
1537	1702	4.0
1537	1713	4.0
1537	1728	4.0
1537	1760	3.0
1537	1776	4.0
1537	1780	4.0
1537	1953	2.0
1537	1976	4.0
1537	1981	3.0
1537	2015	4.0
1537	2135	3.0
1537	2274	4.0
1537	2289	2.0
1537	2350	4.0
1537	2421	4.0
1537	2431	3.0
1537	2501	3.0
1537	2509	3.0
1537	2702	3.0
1537	2714	4.0
1537	2841	4.0
1537	2921	5.0
1537	3022	4.0
1537	3054	3.0
1537	3141	2.0
1537	3147	4.0
1537	3794	4.0
1537	3874	4.0
1537	3955	4.0
1537	4135	3.0
1537	4160	2.0
1537	4291	2.0
1537	4307	3.0
1537	4480	4.0
1537	4649	1.0
1537	4706	4.0
1537	4947	4.0
1537	5194	4.0
1537	5214	3.0
1537	5355	4.0
1537	5407	5.0
1537	5538	3.0
1537	5555	2.0
1537	5592	3.0
1537	5873	4.0
1537	6220	3.0
1537	6283	4.0
1537	6299	2.0
1537	6513	3.0
1537	6609	4.0
1537	6700	3.0
1537	6940	4.0
1572	161	3.0
1572	191	5.0
1572	243	5.0
1572	500	5.0
1572	522	1.0
1572	703	1.0
1572	936	1.0
1572	980	2.0
1572	1036	4.0
1572	1076	3.0
1572	1171	3.0
1572	1281	3.0
1572	1287	2.0
1572	1361	4.0
1572	1713	5.0
1572	1724	1.0
1572	1760	3.0
1572	1776	3.0
1572	1938	4.0
1572	1990	1.0
1572	2135	4.0
1572	2274	4.0
1572	2319	5.0
1572	2717	1.0
1572	2756	3.0
1572	2886	1.0
1572	3026	5.0
1572	3192	5.0
1572	3307	4.0
1572	3413	2.0
1572	3568	2.0
1572	3695	3.0
1572	3834	2.0
1572	3846	3.0
1572	3949	3.0
1572	3962	2.0
1572	4006	5.0
1572	4169	4.0
1572	4421	4.0
1572	4425	2.0
1572	4477	4.0
1572	4517	3.0
1572	4791	1.0
1572	4852	2.0
1572	4857	4.0
1572	5124	4.0
1572	5194	3.0
1572	5407	4.0
1572	5461	3.0
1572	5503	3.0
1572	5578	3.0
1572	5633	3.0
1572	5646	3.0
1572	5692	2.0
1572	5719	3.0
1572	6283	3.0
1572	6355	3.0
1572	6426	3.0
1572	6544	3.0
1572	6643	3.0
1572	6903	4.0
1601	613	3.0
1601	681	4.0
1601	964	3.0
1601	1271	2.0
1601	1277	4.0
1601	1406	4.0
1601	1642	1.0
1601	1683	3.0
1601	2135	4.0
1601	2320	3.0
1601	2321	3.0
1601	2384	4.0
1601	2517	4.0
1601	2609	4.0
1601	2991	3.0
1601	3294	3.0
1601	3407	3.0
1601	3511	5.0
1601	3630	4.0
1601	3777	5.0
1601	3831	3.0
1601	4164	3.0
1601	4390	3.0
1601	4487	4.0
1601	4665	3.0
1601	5065	3.0
1601	5154	3.0
1601	5928	2.0
1601	6159	2.0
1601	6229	5.0
1601	6328	3.0
1601	6567	4.0
1601	6682	3.0
1601	6758	4.0
1659	233	3.0
1659	479	5.0
1659	535	4.0
1659	649	5.0
1659	789	5.0
1659	829	5.0
1659	832	5.0
1659	1076	4.0
1659	1565	3.0
1659	1765	5.0
1659	1813	5.0
1659	2153	5.0
1659	2245	5.0
1659	2307	3.0
1659	2336	5.0
1659	2606	4.0
1659	3078	4.0
1659	3124	5.0
1659	3270	5.0
1659	3564	4.0
1659	3597	4.0
1659	3754	5.0
1659	3938	5.0
1659	4187	4.0
1659	4260	5.0
1659	4673	3.0
1659	4835	5.0
1659	5194	5.0
1659	5207	5.0
1659	5719	4.0
1659	5781	5.0
1659	5792	5.0
1659	6012	5.0
1659	6217	4.0
1659	6232	5.0
1659	6335	4.0
1659	6370	4.0
1659	6479	4.0
1659	6583	4.0
1659	6770	3.0
1713	183	3.0
1713	248	4.0
1713	500	5.0
1713	629	3.0
1713	1117	3.0
1713	1397	3.0
1713	1421	2.0
1713	1441	5.0
1713	1494	5.0
1713	1608	5.0
1713	1760	4.0
1713	1774	5.0
1713	1799	5.0
1713	1941	4.0
1713	2075	4.0
1713	2098	5.0
1713	2135	4.0
1713	2260	5.0
1713	2462	4.0
1713	3110	4.0
1713	3124	3.0
1713	3192	5.0
1713	3197	4.0
1713	4250	4.0
1713	4517	3.0
1713	4527	5.0
1713	5046	4.0
1713	5401	5.0
1713	5417	3.0
1713	6355	5.0
1713	6659	4.0
1799	144	3.0
1799	399	4.0
1799	574	4.0
1799	656	5.0
1799	846	4.0
1799	868	4.0
1799	1056	3.0
1799	1760	5.0
1799	1813	5.0
1799	2070	4.0
1799	2196	4.0
1799	2242	4.0
1799	2421	3.0
1799	2714	5.0
1799	2739	5.0
1799	3024	3.0
1799	3876	5.0
1799	4191	5.0
1799	4639	4.0
1799	4954	3.0
1799	5279	3.0
1799	5531	4.0
1799	6193	5.0
1799	6208	5.0
1799	6432	4.0
1799	6454	5.0
1799	6564	3.0
1799	6691	4.0
1800	233	5.0
1800	272	4.0
1800	352	3.0
1800	817	5.0
1800	1061	5.0
1800	1076	5.0
1800	1083	4.0
1800	1300	4.0
1800	1458	4.0
1800	1702	4.0
1800	1962	4.0
1800	2073	3.0
1800	2282	3.0
1800	2725	4.0
1800	3026	4.0
1800	3045	3.0
1800	3419	5.0
1800	3649	4.0
1800	3871	4.0
1800	3914	5.0
1800	4212	4.0
1800	4706	5.0
1800	4915	5.0
1800	5160	4.0
1800	5595	4.0
1800	5605	4.0
1800	5690	4.0
1800	5781	5.0
1800	5864	4.0
1838	152	5.0
1838	259	4.0
1838	509	5.0
1838	680	4.0
1838	748	4.0
1838	827	5.0
1838	1438	4.0
1838	1544	4.0
1838	1847	5.0
1838	1941	3.0
1838	2458	4.0
1838	2479	3.0
1838	2489	4.0
1838	2594	4.0
1838	2991	3.0
1838	3352	5.0
1838	3423	3.0
1838	3563	3.0
1838	3649	5.0
1838	3707	5.0
1838	3910	2.0
1838	4027	3.0
1838	4171	3.0
1838	4206	3.0
1838	4559	2.0
1838	5082	3.0
1838	5129	4.0
1838	5282	3.0
1838	5373	2.0
1838	5387	5.0
1838	5423	5.0
1838	6196	4.0
1838	6390	3.0
1838	6695	4.0
1838	6952	2.0
1839	13	3.0
1839	1076	5.0
1839	1177	4.0
1839	1813	4.0
1839	2384	3.0
1839	2421	5.0
1839	2431	3.0
1839	2462	4.0
1839	2628	2.0
1839	2725	4.0
1839	3138	3.0
1839	3192	5.0
1839	3400	4.0
1839	3936	2.0
1839	4006	5.0
1839	4037	3.0
1839	4110	2.0
1839	4169	5.0
1839	4171	4.0
1839	4477	4.0
1839	4594	3.0
1839	4628	3.0
1839	4673	3.0
1839	4684	4.0
1839	5082	5.0
1839	5262	3.0
1839	5400	4.0
1839	5410	4.0
1839	6198	3.0
1839	6229	3.0
1839	6396	4.0
1839	6469	4.0
1839	6491	5.0
1839	6687	5.0
1839	6691	5.0
1839	6709	4.0
1839	6770	3.0
1839	6953	4.0
1928	72	4.0
1928	117	4.0
1928	174	5.0
1928	240	3.0
1928	341	5.0
1928	386	5.0
1928	682	3.0
1928	793	4.0
1928	805	5.0
1928	861	4.0
1928	1061	5.0
1928	1385	4.0
1928	1760	4.0
1928	1881	4.0
1928	2199	3.0
1928	2323	3.0
1928	2600	3.0
1928	2606	4.0
1928	2682	5.0
1928	2848	4.0
1928	3085	2.0
1928	3270	5.0
1928	3433	3.0
1928	3564	4.0
1928	3623	3.0
1928	3655	4.0
1928	3691	3.0
1928	3754	5.0
1928	4037	4.0
1928	4048	5.0
1928	4180	3.0
1928	4187	5.0
1928	4309	4.0
1928	4487	5.0
1928	4673	3.0
1928	4706	3.0
1928	5297	3.0
1928	5304	4.0
1928	5394	4.0
1928	5423	3.0
1928	5700	4.0
1928	5873	5.0
1928	6010	4.0
1928	6174	4.0
1928	6209	3.0
1928	6232	4.0
1928	6439	4.0
1928	6577	4.0
1928	6578	3.0
1978	131	4.0
1978	219	3.0
1978	223	5.0
1978	233	4.0
1978	243	3.0
1978	359	2.0
1978	438	2.0
1978	913	5.0
1978	1236	4.0
1978	1491	4.0
1978	1521	4.0
1978	1588	2.0
1978	1866	3.0
1978	2242	4.0
1978	2320	4.0
1978	2481	3.0
1978	2900	4.0
1978	3056	3.0
1978	3155	5.0
1978	3213	5.0
1978	3675	3.0
1978	3753	3.0
1978	3779	3.0
1978	3873	4.0
1978	3874	4.0
1978	3993	3.0
1978	4097	3.0
1978	4202	3.0
1978	4309	5.0
1978	4538	4.0
1978	4803	4.0
1978	4923	5.0
1978	5187	4.0
1978	5507	3.0
1978	5663	4.0
1978	5979	4.0
1978	6155	3.0
1978	6370	5.0
1978	6655	3.0
1978	6731	3.0
1978	6953	5.0
1978	6955	4.0
2025	223	5.0
2025	808	4.0
2025	1171	2.0
2025	1419	4.0
2025	1625	3.0
2025	1881	3.0
2025	2512	4.0
2025	2714	4.0
2025	2870	3.0
2025	3023	5.0
2025	3026	4.0
2025	3033	5.0
2025	3433	2.0
2025	4018	4.0
2025	4665	5.0
2025	4852	3.0
2025	5238	1.0
2025	5266	5.0
2025	5407	5.0
2025	6107	3.0
2025	6217	3.0
2025	6685	5.0
2025	6700	4.0
2025	6963	5.0
2175	217	5.0
2175	223	5.0
2175	350	5.0
2175	699	4.0
2175	797	4.0
2175	1061	5.0
2175	1166	3.0
2175	1226	5.0
2175	1336	5.0
2175	1728	4.0
2175	1759	5.0
2175	1782	4.0
2175	1957	3.0
2175	1963	4.0
2175	2029	5.0
2175	2135	5.0
2175	2481	4.0
2175	2512	5.0
2175	3192	5.0
2175	3564	4.0
2175	3627	4.0
2175	3649	4.0
2175	3650	5.0
2175	3655	4.0
2175	3690	4.0
2175	3785	2.0
2175	3794	5.0
2175	3910	4.0
2175	3923	4.0
2175	4032	5.0
2175	4037	4.0
2175	4053	4.0
2175	4097	4.0
2175	4260	4.0
2175	4421	4.0
2175	4462	4.0
2175	4485	3.0
2175	4487	5.0
2175	4590	3.0
2175	4860	4.0
2175	5005	3.0
2175	5055	4.0
2175	5213	3.0
2175	5304	4.0
2175	5394	4.0
2175	6145	5.0
2175	6214	4.0
2175	6220	2.0
2175	6232	4.0
2175	6331	3.0
2175	6472	4.0
2175	6685	5.0
2217	220	5.0
2217	613	5.0
2217	937	5.0
2217	1049	4.0
2217	1300	4.0
2217	1593	5.0
2217	1668	5.0
2217	1728	5.0
2217	1770	5.0
2217	1888	4.0
2217	2274	5.0
2217	2384	3.0
2217	2613	5.0
2217	2752	4.0
2217	2763	4.0
2217	2787	5.0
2217	3492	4.0
2217	4745	4.0
2217	5582	5.0
2217	6229	5.0
2217	6328	4.0
2218	30	4.0
2218	299	4.0
2218	420	3.0
2218	484	4.0
2218	611	5.0
2218	875	4.0
2218	887	5.0
2218	934	5.0
2218	939	5.0
2218	1477	2.0
2218	1808	5.0
2218	1876	5.0
2218	2028	5.0
2218	2054	1.0
2218	2119	5.0
2218	2135	5.0
2218	2286	4.0
2218	2340	4.0
2218	2603	4.0
2218	2787	3.0
2218	2801	5.0
2218	2931	5.0
2218	3100	5.0
2218	3369	4.0
2218	3596	4.0
2218	3769	5.0
2218	3777	5.0
2218	3789	5.0
2218	3964	3.0
2218	4054	5.0
2218	4097	5.0
2218	4117	5.0
2218	4254	4.0
2218	4464	5.0
2218	4479	5.0
2218	4662	3.0
2218	4740	5.0
2218	5297	5.0
2218	5494	4.0
2218	5688	2.0
2218	5822	4.0
2218	5890	4.0
2218	6280	5.0
2218	6370	5.0
2218	6491	5.0
2218	6878	5.0
2308	613	5.0
2308	2350	5.0
2308	2462	5.0
2308	2522	4.0
2308	2528	4.0
2308	3649	5.0
2308	3875	3.0
2308	4169	3.0
2308	4171	5.0
2308	4306	5.0
2308	5522	4.0
2308	5572	5.0
2308	5781	4.0
2308	6045	3.0
2308	6232	5.0
2308	6561	4.0
2308	6691	5.0
2308	6754	4.0
2308	6779	3.0
2308	6952	4.0
2308	6953	5.0
2318	104	5.0
2318	419	4.0
2318	553	5.0
2318	871	4.0
2318	1263	4.0
2318	2135	5.0
2318	2240	3.0
2318	2970	5.0
2318	3110	5.0
2318	3406	4.0
2318	3754	4.0
2318	4462	2.0
2318	4477	4.0
2318	4926	5.0
2318	4950	5.0
2318	4982	5.0
2318	5387	4.0
2318	5633	4.0
2318	5649	3.0
2318	6066	3.0
2318	6370	5.0
2318	6552	4.0
2318	6878	4.0
2318	6955	4.0
2326	1	3.0
2326	8	1.0
2326	76	1.0
2326	133	2.0
2326	165	3.0
2326	353	5.0
2326	466	1.0
2326	509	4.0
2326	711	3.0
2326	734	4.0
2326	827	4.0
2326	921	3.0
2326	1014	3.0
2326	1076	4.0
2326	1432	3.0
2326	1739	2.0
2326	1957	3.0
2326	1999	4.0
2326	2178	3.0
2326	2274	3.0
2326	2283	2.0
2326	2706	4.0
2326	2858	3.0
2326	3110	4.0
2326	3144	3.0
2326	3309	4.0
2326	3386	3.0
2326	3427	3.0
2326	3649	3.0
2326	3691	2.0
2326	3724	4.0
2326	3861	2.0
2326	4151	3.0
2326	4202	5.0
2326	4926	3.0
2326	4979	3.0
2326	5049	3.0
2326	5256	4.0
2326	5257	4.0
2326	5572	3.0
2326	5583	2.0
2326	5696	2.0
2326	5700	3.0
2326	6285	2.0
2326	6393	3.0
2326	6545	3.0
2326	6881	5.0
2326	6953	3.0
2349	1	3.0
2349	170	5.0
2349	557	5.0
2349	818	5.0
2349	884	4.0
2349	1048	3.0
2349	1061	5.0
2349	1073	4.0
2349	1077	4.0
2349	1140	4.0
2349	1441	4.0
2349	1532	3.0
2349	1888	3.0
2349	2340	3.0
2349	2384	4.0
2349	2528	5.0
2349	2795	5.0
2349	2824	4.0
2349	3099	4.0
2349	3275	4.0
2349	3319	4.0
2349	3400	4.0
2349	3432	4.0
2349	3649	4.0
2349	3690	3.0
2349	3707	4.0
2349	3781	4.0
2349	3866	4.0
2349	4161	3.0
2349	4206	5.0
2349	4392	3.0
2349	4457	5.0
2349	4520	4.0
2349	4533	3.0
2349	5018	5.0
2349	5049	4.0
2349	5100	3.0
2349	5124	3.0
2349	5373	4.0
2349	5401	3.0
2349	5566	4.0
2349	5695	4.0
2349	6171	3.0
2349	6634	4.0
2349	6675	4.0
2349	6742	3.0
2457	141	5.0
2457	174	4.0
2457	448	4.0
2457	649	4.0
2457	817	5.0
2457	1042	3.0
2457	1061	5.0
2457	1257	4.0
2457	1336	4.0
2457	1397	4.0
2457	1728	4.0
2457	2135	4.0
2457	2200	4.0
2457	2240	2.0
2457	2242	4.0
2457	2262	5.0
2457	2489	5.0
2457	3023	4.0
2457	3309	3.0
2457	3533	5.0
2457	3607	5.0
2457	3649	3.0
2457	3650	3.0
2457	3723	3.0
2457	3794	4.0
2457	3874	4.0
2457	4117	4.0
2457	4706	3.0
2457	4857	4.0
2457	4915	5.0
2457	5154	3.0
2457	5719	4.0
2457	6208	5.0
2457	6536	3.0
2457	6691	5.0
2501	220	5.0
2501	821	4.0
2501	832	5.0
2501	1030	4.0
2501	1061	4.0
2501	1116	5.0
2501	1171	3.0
2501	1421	3.0
2501	1808	4.0
2501	1847	4.0
2501	2283	4.0
2501	2421	4.0
2501	2846	4.0
2501	3160	4.0
2501	3277	4.0
2501	3486	4.0
2501	3509	4.0
2501	3650	5.0
2501	3709	4.0
2501	3777	5.0
2501	3876	5.0
2501	3923	4.0
2501	4094	4.0
2501	4135	3.0
2501	4186	5.0
2501	4290	5.0
2501	4309	4.0
2501	4385	4.0
2501	4480	4.0
2501	4617	3.0
2501	4692	4.0
2501	4706	3.0
2501	5150	3.0
2501	5184	3.0
2501	5258	5.0
2501	5322	5.0
2501	5423	3.0
2501	5572	4.0
2501	5678	3.0
2501	5934	2.0
2501	6253	4.0
2501	6293	3.0
2501	6600	4.0
2501	6672	4.0
2501	6691	5.0
2501	6808	4.0
2510	529	4.0
2510	799	4.0
2510	817	4.0
2510	939	5.0
2510	1300	3.0
2510	1607	3.0
2510	1727	5.0
2510	2035	4.0
2510	2089	5.0
2510	2520	3.0
2510	2931	3.0
2510	2977	3.0
2510	3268	4.0
2510	3307	3.0
2510	3371	5.0
2510	3649	3.0
2510	3690	3.0
2510	4053	5.0
2510	4307	3.0
2510	5005	3.0
2510	5344	4.0
2510	6534	3.0
2510	6695	3.0
2534	124	4.0
2534	133	4.0
2534	214	5.0
2534	316	3.0
2534	466	4.0
2534	913	4.0
2534	980	3.0
2534	1030	5.0
2534	1175	4.0
2534	1196	5.0
2534	1204	3.0
2534	1521	4.0
2534	1727	3.0
2534	1956	3.0
2534	2283	4.0
2534	2307	3.0
2534	2846	4.0
2534	2976	2.0
2534	3018	3.0
2534	3052	4.0
2534	3110	3.0
2534	3627	4.0
2534	3781	5.0
2534	3794	4.0
2534	4094	5.0
2534	4462	3.0
2534	4590	4.0
2534	4638	5.0
2534	4706	3.0
2534	4932	4.0
2534	5109	5.0
2534	5213	4.0
2534	5323	5.0
2534	5572	4.0
2534	5578	3.0
2534	6009	3.0
2534	6214	4.0
2534	6350	4.0
2534	6700	4.0
2534	6774	4.0
2577	174	3.0
2577	596	4.0
2577	711	3.0
2577	770	4.0
2577	782	4.0
2577	799	3.0
2577	1030	4.0
2577	1196	4.0
2577	1361	4.0
2577	1772	4.0
2577	2252	3.0
2577	2520	3.0
2577	2910	3.0
2577	3110	4.0
2577	3270	4.0
2577	3385	4.0
2577	3781	5.0
2577	4182	4.0
2577	4295	4.0
2577	4477	5.0
2577	4572	3.0
2577	4982	4.0
2577	6344	4.0
2577	6878	4.0
2577	6963	3.0
2629	219	4.0
2629	289	4.0
2629	346	3.0
2629	604	4.0
2629	613	5.0
2629	649	5.0
2629	832	5.0
2629	1061	4.0
2629	1350	5.0
2629	1432	4.0
2629	2824	5.0
2629	3129	4.0
2629	3570	5.0
2629	3754	5.0
2629	3964	3.0
2629	4017	4.0
2629	4037	4.0
2629	4053	4.0
2629	4312	4.0
2629	5531	3.0
2629	5597	5.0
2629	5605	3.0
2629	5781	5.0
2629	6682	5.0
2629	6700	5.0
2641	613	4.0
2641	913	4.0
2641	938	4.0
2641	1441	4.0
2641	1876	5.0
2641	2520	4.0
2641	2523	3.0
2641	3125	4.0
2641	3270	5.0
2641	3326	5.0
2641	3371	5.0
2641	3387	4.0
2641	3629	4.0
2641	4517	3.0
2641	5049	4.0
2641	5407	5.0
2641	5566	5.0
2641	5572	5.0
2641	5582	5.0
2641	5791	4.0
2641	5875	5.0
2641	5910	4.0
2641	6116	4.0
2641	6770	4.0
2641	6925	4.0
2682	210	5.0
2682	223	5.0
2682	289	4.0
2682	300	5.0
2682	375	5.0
2682	1257	4.0
2682	1384	3.0
2682	1441	4.0
2682	1622	4.0
2682	1636	5.0
2682	1876	5.0
2682	1953	1.0
2682	2080	4.0
2682	2284	5.0
2682	2286	4.0
2682	3028	4.0
2682	3102	5.0
2682	3564	4.0
2682	3874	5.0
2682	3876	4.0
2682	4094	4.0
2682	4457	4.0
2682	4706	3.0
2682	5108	5.0
2682	5249	4.0
2682	6025	5.0
2682	6208	5.0
2682	6923	5.0
2682	6953	5.0
2685	56	4.0
2685	236	4.0
2685	490	4.0
2685	545	4.0
2685	613	4.0
2685	699	3.0
2685	850	3.0
2685	939	5.0
2685	947	3.0
2685	980	1.0
2685	1048	2.0
2685	1130	4.0
2685	1468	3.0
2685	1532	3.0
2685	1876	5.0
2685	2029	4.0
2685	2085	3.0
2685	2098	5.0
2685	2135	4.0
2685	2278	3.0
2685	2286	4.0
2685	2846	5.0
2685	2859	5.0
2685	2886	2.0
2685	2931	4.0
2685	3018	3.0
2685	3335	5.0
2685	3660	2.0
2685	3777	5.0
2685	3781	5.0
2685	3923	3.0
2685	3947	3.0
2685	3949	4.0
2685	3953	4.0
2685	3954	4.0
2685	4206	5.0
2685	4289	4.0
2685	4356	3.0
2685	4464	3.0
2685	4572	3.0
2685	4673	4.0
2685	4910	4.0
2685	4947	3.0
2685	5560	4.0
2685	5622	4.0
2685	5827	3.0
2685	5844	5.0
2685	5845	4.0
2685	6229	4.0
2685	6280	5.0
2685	6297	3.0
2685	6396	2.0
2685	6637	4.0
2685	6659	4.0
2685	6691	5.0
2685	6760	4.0
2685	6795	3.0
2685	6799	5.0
2685	6932	3.0
2754	155	4.0
2754	219	3.0
2754	223	4.0
2754	281	4.0
2754	375	5.0
2754	635	5.0
2754	816	5.0
2754	1377	4.0
2754	1384	4.0
2754	1760	4.0
2754	2228	4.0
2754	2242	3.0
2754	2434	4.0
2754	2462	3.0
2754	2622	5.0
2754	2717	3.0
2754	2900	5.0
2754	2938	5.0
2754	3592	3.0
2754	3821	3.0
2754	3866	4.0
2754	3874	3.0
2754	4090	4.0
2754	4094	4.0
2754	4127	4.0
2754	4365	4.0
2754	4527	3.0
2754	5531	3.0
2754	5572	4.0
2754	5592	3.0
2754	5698	4.0
2754	5973	4.0
2754	6030	4.0
2754	6040	3.0
2754	6196	4.0
2754	6682	4.0
2754	6953	4.0
2800	111	3.0
2800	233	3.0
2800	296	4.0
2800	663	4.0
2800	747	5.0
2800	763	3.0
2800	1263	5.0
2800	1476	4.0
2800	1765	5.0
2800	1782	4.0
2800	1941	4.0
2800	1960	3.0
2800	2135	5.0
2800	2286	5.0
2800	2511	4.0
2800	2515	5.0
2800	2628	2.0
2800	2787	4.0
2800	2882	4.0
2800	3192	5.0
2800	3309	5.0
2800	3649	4.0
2800	3668	4.0
2800	3690	4.0
2800	3869	4.0
2800	4135	3.0
2800	4324	4.0
2800	4333	2.0
2800	4480	3.0
2800	4673	4.0
2800	4868	5.0
2800	5005	4.0
2800	5213	3.0
2800	5394	5.0
2800	5780	5.0
2800	5958	3.0
2800	6066	5.0
2800	6167	3.0
2800	6232	5.0
2800	6587	3.0
2800	6878	4.0
2880	111	3.0
2880	770	3.0
2880	799	3.0
2880	1061	4.0
2880	1770	5.0
2880	1782	3.0
2880	2260	4.0
2880	2352	3.0
2880	2462	5.0
2880	2845	3.0
2880	2938	3.0
2880	3088	4.0
2880	3144	4.0
2880	3147	3.0
2880	3593	2.0
2880	3649	3.0
2880	4054	3.0
2880	4168	4.0
2880	4490	3.0
2880	4533	4.0
2880	5572	4.0
2880	5633	3.0
2880	5743	3.0
2880	5781	5.0
2880	5793	3.0
2880	5844	4.0
2880	6253	3.0
2880	6328	3.0
2880	6355	4.0
2880	6469	3.0
2880	6952	3.0
2881	16	5.0
2881	233	3.0
2881	528	3.0
2881	832	5.0
2881	905	4.0
2881	946	5.0
2881	1030	5.0
2881	1282	4.0
2881	1426	4.0
2881	1449	1.0
2881	1843	4.0
2881	2040	3.0
2881	2049	5.0
2881	2135	4.0
2881	2290	3.0
2881	2555	5.0
2881	2585	4.0
2881	2975	3.0
2881	3099	4.0
2881	3261	2.0
2881	3555	2.0
2881	3763	5.0
2881	3820	4.0
2881	3950	3.0
2881	4423	3.0
2881	4426	3.0
2881	4574	5.0
2881	4649	2.0
2881	4712	2.0
2881	5194	4.0
2881	5207	3.0
2881	5423	3.0
2881	5475	3.0
2881	5792	4.0
2881	6003	3.0
2881	6341	5.0
2881	6370	4.0
2881	6501	4.0
2882	847	3.0
2882	921	3.0
2882	1263	5.0
2882	1888	3.0
2882	2320	4.0
2882	2323	4.0
2882	3649	4.0
2882	3781	3.0
2882	3906	5.0
2882	4094	5.0
2882	4200	4.0
2882	4309	5.0
2882	4477	4.0
2882	4982	4.0
2882	5049	3.0
2882	5294	4.0
2882	5781	5.0
2882	5924	3.0
2882	6370	4.0
2882	6393	4.0
2882	6731	4.0
2882	6953	3.0
2911	166	4.0
2911	236	3.0
2911	649	5.0
2911	680	5.0
2911	729	5.0
2911	946	3.0
2911	1042	5.0
2911	1377	4.0
2911	1521	2.0
2911	1629	4.0
2911	1779	4.0
2911	2135	5.0
2911	2159	2.0
2911	2199	4.0
2911	2242	4.0
2911	2262	5.0
2911	2606	3.0
2911	2674	5.0
2911	2763	4.0
2911	2799	4.0
2911	2806	1.0
2911	2874	3.0
2911	2908	4.0
2911	2959	5.0
2911	3089	4.0
2911	3371	4.0
2911	3492	2.0
2911	3511	4.0
2911	3528	5.0
2911	3570	5.0
2911	3649	4.0
2911	3852	4.0
2911	3903	3.0
2911	4056	3.0
2911	4117	4.0
2911	4392	5.0
2911	4462	3.0
2911	4658	5.0
2911	4852	3.0
2911	4889	5.0
2911	4922	5.0
2911	5154	3.0
2911	5328	5.0
2911	5572	4.0
2911	5848	3.0
2911	5856	4.0
2911	5910	4.0
2911	5928	4.0
2911	6040	2.0
2911	6244	4.0
2911	6335	3.0
2911	6653	4.0
2911	6659	3.0
2931	217	3.0
2931	613	3.0
2931	649	5.0
2931	1441	3.0
2931	1503	4.0
2931	1723	4.0
2931	1734	4.0
2931	1770	5.0
2931	1772	3.0
2931	2025	4.0
2931	2159	1.0
2931	2274	4.0
2931	2350	5.0
2931	2528	4.0
2931	2609	4.0
2931	2772	5.0
2931	2848	3.0
2931	3794	4.0
2931	4169	3.0
2931	4295	3.0
2931	4517	3.0
2931	4623	5.0
2931	4643	3.0
2931	4665	5.0
2931	5293	5.0
2931	5566	5.0
2931	5582	5.0
2931	6175	3.0
2931	6229	4.0
2931	6706	3.0
2971	7	4.0
2971	174	4.0
2971	305	5.0
2971	385	4.0
2971	535	4.0
2971	656	4.0
2971	1024	3.0
2971	1076	5.0
2971	1093	2.0
2971	1116	4.0
2971	1148	5.0
2971	1491	3.0
2971	1660	5.0
2971	1716	4.0
2971	1770	5.0
2971	1782	5.0
2971	1963	4.0
2971	2135	4.0
2971	2320	4.0
2971	2323	4.0
2971	2512	5.0
2971	2588	4.0
2971	2710	4.0
2971	2725	3.0
2971	2842	3.0
2971	2861	4.0
2971	2959	5.0
2971	3103	4.0
2971	3141	4.0
2971	3150	3.0
2971	3338	4.0
2971	3440	5.0
2971	3483	2.0
2971	3564	5.0
2971	3692	4.0
2971	3717	5.0
2971	3850	4.0
2971	4117	3.0
2971	4208	5.0
2971	4255	4.0
2971	4380	4.0
2971	4592	4.0
2971	4748	5.0
2971	4923	4.0
2971	4947	3.0
2971	5053	3.0
2971	5294	5.0
2971	5297	3.0
2971	5407	5.0
2971	5432	3.0
2971	5585	4.0
2971	5657	3.0
2971	5697	5.0
2971	5746	4.0
2971	5953	5.0
2971	5979	4.0
2971	5983	4.0
2971	6052	4.0
2971	6199	4.0
2971	6328	4.0
2971	6336	3.0
2971	6538	4.0
2971	6687	4.0
2971	6924	4.0
2988	117	5.0
2988	150	4.0
2988	174	5.0
2988	351	3.0
2988	605	4.0
2988	783	3.0
2988	913	3.0
2988	980	3.0
2988	1396	5.0
2988	1654	3.0
2988	1770	4.0
2988	1881	3.0
2988	1956	4.0
2988	1962	3.0
2988	2017	4.0
2988	2152	4.0
2988	2252	2.0
2988	2356	5.0
2988	2421	5.0
2988	3305	2.0
2988	3378	4.0
2988	3555	2.0
2988	3649	3.0
2988	3691	4.0
2988	4345	5.0
2988	4590	3.0
2988	4706	3.0
2988	4767	4.0
2988	5367	4.0
2988	5407	5.0
2988	5430	3.0
2988	5445	3.0
2988	5690	4.0
2988	6010	4.0
2988	6028	3.0
2988	6396	2.0
2988	6953	3.0
