userID	artistID	rating
79	89	1.9
79	157	4.8
79	180	2.1
79	228	1.1
79	241	1.6
79	251	1.6
79	257	1.9
79	285	1.2
79	288	1.9
79	289	2.3
79	291	2.0
79	292	4.2
79	294	2.3
79	295	2.3
79	304	5.0
79	305	1.7
79	311	2.3
79	313	2.6
79	325	1.2
79	329	2.8
79	330	1.4
79	378	1.3
79	461	1.4
79	466	1.2
79	468	1.2
79	498	1.4
79	542	2.5
79	544	4.4
79	683	1.9
79	786	1.3
79	797	1.6
79	889	4.5
79	903	2.2
79	908	1.9
79	966	2.8
79	1043	1.6
79	1447	1.8
79	1475	1.5
79	1556	3.8
79	1681	2.4
79	2175	2.2
79	2176	1.9
79	2177	1.8
79	2178	1.8
79	2179	1.7
79	2180	1.5
79	2181	1.2
79	2182	1.2
79	2183	1.0
79	2184	1.0
98	40	2.0
98	55	2.1
98	65	1.0
98	67	2.2
98	88	1.6
98	89	2.8
98	155	1.1
98	157	1.7
98	161	1.2
98	227	3.0
98	230	1.1
98	288	2.6
98	289	5.0
98	292	3.0
98	293	1.3
98	295	1.2
98	299	1.2
98	300	3.0
98	306	3.6
98	318	4.1
98	320	2.0
98	324	1.5
98	328	2.3
98	333	1.0
98	349	1.8
98	378	1.6
98	461	2.1
98	466	2.5
98	523	2.9
98	525	2.3
98	534	1.5
98	679	1.0
98	701	2.5
98	733	1.1
98	735	1.5
98	788	1.4
98	790	2.3
98	868	1.2
98	903	1.5
98	917	1.8
98	959	2.7
98	1249	1.5
98	1412	1.0
98	2020	1.6
98	2025	2.5
98	2595	2.3
98	2596	1.7
98	2597	1.6
98	2598	1.1
98	2599	1.1
310	55	2.7
310	89	1.0
310	161	1.1
310	288	2.1
310	289	1.5
310	292	5.0
310	294	1.9
310	296	1.5
310	300	3.9
310	302	1.1
310	306	2.2
310	317	1.2
310	323	4.3
310	327	1.4
310	328	1.1
310	330	1.6
310	352	3.7
310	458	1.6
310	461	2.5
310	466	1.5
310	468	1.0
310	475	4.9
310	527	1.1
310	528	2.0
310	531	1.6
310	543	1.1
310	548	1.2
310	906	3.5
310	915	1.4
310	1037	3.6
310	1051	1.1
310	1409	3.0
310	1451	1.6
310	1455	1.2
310	1463	1.4
310	2607	1.3
310	2939	2.7
310	4491	1.3
310	4562	1.3
310	4812	1.5
310	5528	1.9
310	5529	1.9
310	5530	1.5
310	5531	1.4
310	5532	1.3
310	5533	1.3
310	5534	1.3
310	5535	1.1
310	5536	1.1
310	5537	1.0
326	65	1.7
326	67	1.4
326	89	1.2
326	230	1.0
326	257	2.7
326	283	2.1
326	288	2.6
326	291	1.5
326	292	3.4
326	294	2.3
326	295	3.4
326	299	1.0
326	306	1.8
326	316	1.5
326	318	1.0
326	320	1.1
326	325	1.7
326	327	2.5
326	329	2.1
326	333	3.5
326	349	1.9
326	377	2.5
326	378	1.9
326	455	5.0
326	457	1.2
326	469	3.3
326	472	1.0
326	481	1.8
326	484	2.3
326	525	1.2
326	536	1.2
326	542	1.5
326	543	1.2
326	803	1.7
326	908	1.5
326	913	1.9
326	951	1.4
326	1247	1.1
326	1444	1.8
326	1556	1.0
326	2080	1.3
326	2523	2.1
326	2783	1.3
326	3173	1.3
326	3332	2.6
326	3376	2.6
326	3393	1.2
326	3568	1.4
326	3748	1.8
326	5723	2.3
332	7	2.1
332	55	1.0
332	97	1.2
332	180	1.0
332	228	1.2
332	230	2.7
332	256	1.5
332	279	1.8
332	290	1.2
332	291	3.0
332	292	5.0
332	300	2.4
332	301	1.9
332	302	3.2
332	305	2.0
332	307	1.6
332	311	1.2
332	316	2.2
332	317	1.3
332	333	1.0
332	378	1.2
332	466	1.8
332	534	1.3
332	542	1.3
332	689	1.5
332	697	1.4
332	704	1.1
332	714	1.2
332	720	1.7
332	889	1.5
332	1062	1.3
332	1249	1.4
332	1459	1.5
332	1470	1.9
332	1556	3.5
332	2019	1.7
332	2082	2.2
332	2083	1.2
332	2392	2.4
332	2786	2.1
332	3200	1.4
332	3763	2.0
332	4489	1.5
332	4575	1.3
332	5765	3.4
332	5766	3.2
332	5767	2.3
332	5768	1.6
332	5769	1.6
332	5770	1.4
495	55	1.9
495	157	1.1
495	257	2.6
495	258	1.3
495	265	1.1
495	283	1.8
495	285	1.0
495	288	2.8
495	289	5.0
495	291	2.2
495	292	4.1
495	294	2.5
495	295	1.5
495	299	3.7
495	300	1.0
495	318	1.2
495	320	1.6
495	325	1.8
495	333	1.7
495	340	3.4
495	344	1.1
495	349	1.1
495	523	3.3
495	544	1.9
495	701	3.4
495	786	4.7
495	790	2.2
495	792	4.0
495	797	1.1
495	903	2.6
495	1051	1.1
495	1052	1.0
495	2080	1.2
495	2091	3.4
495	3074	1.9
495	3176	1.6
495	3332	1.9
495	3393	1.1
495	4350	1.2
495	4489	1.3
495	4707	2.4
495	5036	1.5
495	6647	1.3
495	6701	3.7
495	6706	2.6
495	6715	1.3
495	7450	2.4
495	7451	1.7
495	7452	1.2
495	7453	1.1
514	67	3.0
514	89	2.3
514	209	1.6
514	288	2.1
514	291	1.1
514	292	5.0
514	293	2.3
514	299	1.3
514	300	2.0
514	302	2.0
514	318	1.2
514	321	1.9
514	325	2.1
514	333	1.5
514	340	1.3
514	344	2.0
514	349	1.1
514	461	4.7
514	466	1.6
514	470	1.4
514	471	1.3
514	486	2.2
514	523	2.4
514	544	2.7
514	674	1.3
514	681	2.9
514	686	1.5
514	701	1.9
514	704	2.2
514	903	2.0
514	913	1.0
514	972	1.0
514	1463	1.5
514	1556	1.3
514	1580	2.1
514	1590	1.8
514	1596	1.3
514	1782	1.5
514	2521	1.7
514	3196	1.1
514	3266	1.8
514	3375	2.0
514	3570	1.9
514	7391	2.1
514	7655	2.9
514	7656	2.3
514	7657	2.1
514	7658	1.4
514	7659	1.1
514	7660	1.0
536	67	1.8
536	89	3.0
536	157	2.7
536	161	1.9
536	163	1.9
536	184	1.1
536	192	1.4
536	220	1.0
536	227	3.1
536	288	2.5
536	289	5.0
536	292	4.8
536	299	1.4
536	300	2.4
536	301	1.9
536	329	2.8
536	333	2.3
536	455	1.8
536	459	2.2
536	468	1.4
536	511	2.7
536	533	3.1
536	591	1.6
536	614	1.2
536	679	2.3
536	683	3.7
536	701	2.7
536	733	1.8
536	792	1.9
536	802	2.4
536	959	1.3
536	1042	1.9
536	1414	2.7
536	1429	1.1
536	1447	1.1
536	1475	1.4
536	1755	3.3
536	1934	2.9
536	2031	1.1
536	2044	3.3
536	2047	1.0
536	2176	2.2
536	2440	1.1
536	2521	2.0
536	3063	1.2
536	3071	1.4
536	3171	1.3
536	5249	2.2
536	7861	1.6
536	7862	1.4
553	67	1.8
553	157	4.5
553	161	3.5
553	265	1.6
553	288	1.1
553	289	4.2
553	292	5.0
553	295	1.1
553	300	1.4
553	306	1.1
553	340	1.2
553	346	2.2
553	349	1.9
553	478	2.8
553	535	1.3
553	644	1.3
553	660	1.7
553	908	1.1
553	913	1.0
553	1573	1.8
553	1576	2.2
553	1601	1.2
553	3053	1.1
553	3503	4.0
553	4298	2.8
553	4688	1.1
553	5731	1.4
553	5767	1.8
553	6201	1.2
553	6245	1.5
553	7994	3.6
553	7995	3.3
553	7996	2.7
553	7997	2.6
553	7998	2.6
553	7999	2.5
553	8000	2.0
553	8001	1.7
553	8002	1.6
553	8003	1.6
553	8004	1.6
553	8005	1.4
553	8006	1.4
553	8007	1.4
553	8008	1.4
553	8009	1.3
573	69	2.1
573	241	2.9
573	278	1.8
573	292	3.2
573	301	2.1
573	306	2.5
573	330	2.2
573	378	1.2
573	475	2.5
573	903	2.2
573	1611	4.4
573	1613	3.0
573	1641	2.3
573	1936	1.6
573	1952	4.0
573	2179	4.9
573	2226	3.6
573	2253	1.0
573	2906	1.7
573	2909	1.3
573	2916	2.6
573	2921	1.1
573	2924	1.1
573	3047	1.4
573	3227	1.9
573	3357	4.0
573	3838	2.5
573	4586	1.4
573	6621	2.1
573	6626	2.9
573	6629	1.6
573	6895	2.1
573	8173	5.0
573	8174	4.6
573	8175	4.2
573	8176	3.5
573	8177	3.0
573	8178	3.0
573	8179	2.9
573	8180	2.9
573	8181	2.7
573	8182	2.5
573	8183	1.6
573	8184	1.5
573	8185	1.3
573	8186	1.3
573	8187	1.2
573	8188	1.2
573	8189	1.1
573	8190	1.0
717	55	2.8
717	67	2.4
717	89	1.4
717	157	2.2
717	257	1.5
717	288	1.0
717	289	5.0
717	291	1.0
717	292	3.3
717	293	1.0
717	295	1.7
717	298	2.6
717	299	1.8
717	300	2.3
717	301	1.4
717	302	1.8
717	306	2.2
717	310	1.2
717	311	1.1
717	314	1.1
717	318	1.0
717	320	1.0
717	325	2.4
717	333	1.8
717	344	1.3
717	349	1.8
717	377	1.6
717	461	1.7
717	464	1.4
717	466	2.0
717	525	1.0
717	528	2.7
717	542	2.2
717	544	1.4
717	680	1.2
717	701	1.3
717	903	2.4
717	906	1.0
717	908	1.8
717	972	3.1
717	1032	1.0
717	1450	1.2
717	1451	1.4
717	1556	1.9
717	2025	1.7
717	2094	1.3
717	3177	1.2
717	9517	1.6
717	9518	1.3
717	9519	1.0
722	55	2.8
722	67	2.5
722	89	2.3
722	172	2.7
722	187	1.0
722	203	1.6
722	220	1.2
722	230	2.3
722	257	1.6
722	288	2.9
722	289	4.3
722	292	3.4
722	293	3.4
722	295	1.2
722	299	1.0
722	300	2.8
722	302	3.0
722	306	2.3
722	310	2.8
722	318	2.0
722	324	1.4
722	325	1.8
722	326	1.3
722	329	1.5
722	333	3.9
722	344	2.2
722	349	2.1
722	360	1.5
722	386	1.6
722	455	2.5
722	459	2.1
722	461	3.4
722	464	1.4
722	466	3.1
722	475	1.8
722	498	2.6
722	523	2.6
722	525	3.8
722	534	5.0
722	544	1.3
722	545	1.5
722	701	1.9
722	704	2.0
722	790	1.1
722	793	1.1
722	972	2.2
722	1034	1.3
722	1580	2.0
722	2523	1.5
722	5926	2.1
836	55	2.9
836	58	1.1
836	67	2.2
836	77	1.4
836	157	3.5
836	161	2.8
836	251	1.5
836	257	4.5
836	262	2.0
836	265	1.4
836	266	1.0
836	272	1.3
836	285	1.8
836	292	5.0
836	294	2.1
836	299	2.5
836	301	3.8
836	302	3.1
836	306	1.9
836	316	1.8
836	329	2.5
836	362	2.4
836	423	1.7
836	525	2.3
836	534	3.2
836	689	2.8
836	697	2.5
836	701	4.4
836	1076	2.0
836	1475	1.7
836	1601	2.8
836	1772	1.8
836	2175	1.6
836	2220	2.6
836	3237	1.9
836	3672	1.8
836	4619	1.1
836	4704	1.1
836	4883	2.0
836	4920	1.3
836	5746	2.9
836	6317	1.0
836	6385	1.6
836	6426	1.2
836	8878	1.2
836	10510	2.2
836	10511	1.8
836	10512	1.3
836	10513	1.2
836	10514	1.2
852	55	2.8
852	67	1.2
852	71	1.0
852	89	2.4
852	230	1.4
852	257	1.3
852	288	2.4
852	289	3.6
852	290	1.5
852	291	2.2
852	292	3.8
852	294	1.1
852	295	2.2
852	296	1.8
852	298	1.0
852	300	3.3
852	301	1.6
852	306	1.2
852	311	3.2
852	317	1.5
852	318	2.7
852	323	2.9
852	325	1.6
852	333	1.0
852	349	2.5
852	352	2.0
852	374	2.3
852	375	1.5
852	455	3.4
852	461	1.9
852	466	2.3
852	479	1.1
852	525	2.8
852	528	1.7
852	543	1.3
852	686	1.3
852	689	2.2
852	906	5.0
852	908	1.7
852	1034	1.5
852	1459	1.4
852	1519	1.9
852	1684	1.9
852	1694	1.1
852	2083	1.2
852	2521	3.9
852	2607	1.2
852	3201	2.9
852	5533	1.5
852	8654	2.5
861	89	2.7
861	209	2.5
861	257	1.6
861	289	2.0
861	291	2.5
861	292	3.0
861	295	4.0
861	298	1.6
861	300	3.2
861	302	2.5
861	307	2.4
861	311	2.8
861	320	1.9
861	333	5.0
861	344	1.5
861	403	1.4
861	412	1.0
861	430	1.0
861	498	1.4
861	523	2.1
861	542	2.5
861	687	1.2
861	693	1.8
861	903	1.8
861	913	2.1
861	974	1.3
861	1052	2.2
861	1182	1.7
861	1186	1.6
861	1198	1.1
861	1243	1.6
861	1463	1.0
861	2082	1.7
861	2094	2.3
861	2546	1.8
861	2839	1.1
861	3081	1.5
861	3489	4.1
861	4436	1.7
861	4488	1.5
861	5036	1.4
861	6233	2.2
861	7448	1.1
861	7449	2.5
861	7835	1.2
861	9079	1.0
861	10677	2.8
861	10678	1.5
861	10679	1.5
861	10680	1.4
1017	55	2.3
1017	67	1.3
1017	89	2.2
1017	161	2.0
1017	191	2.0
1017	257	2.7
1017	265	1.1
1017	288	2.3
1017	289	5.0
1017	290	1.1
1017	291	2.7
1017	292	3.1
1017	293	1.6
1017	294	3.5
1017	295	2.0
1017	296	2.1
1017	299	2.5
1017	300	1.4
1017	301	1.3
1017	310	1.1
1017	311	1.7
1017	318	2.2
1017	325	3.1
1017	328	1.8
1017	333	1.6
1017	342	1.0
1017	344	1.3
1017	349	1.3
1017	352	3.5
1017	386	1.1
1017	461	2.3
1017	465	2.9
1017	466	2.0
1017	476	1.5
1017	543	1.7
1017	637	1.3
1017	641	2.9
1017	644	1.8
1017	701	2.9
1017	909	2.6
1017	915	2.1
1017	966	1.2
1017	1025	1.1
1017	1051	1.5
1017	1459	2.0
1017	1591	1.4
1017	3397	2.0
1017	3491	3.6
1017	6308	1.4
1017	11813	1.0
1034	7	1.2
1034	191	1.3
1034	230	1.1
1034	288	1.5
1034	292	3.3
1034	296	1.0
1034	300	1.3
1034	302	1.8
1034	306	1.7
1034	310	1.3
1034	314	1.3
1034	317	1.7
1034	326	1.1
1034	327	1.8
1034	367	1.5
1034	377	1.1
1034	378	1.3
1034	393	2.3
1034	400	1.3
1034	409	1.0
1034	410	1.6
1034	456	2.2
1034	466	1.6
1034	475	5.0
1034	484	1.6
1034	486	2.3
1034	545	1.6
1034	680	2.5
1034	704	2.0
1034	706	1.9
1034	907	2.2
1034	913	1.3
1034	1042	1.0
1034	1451	2.1
1034	1455	1.6
1034	1456	1.2
1034	1613	2.5
1034	1641	1.7
1034	1918	1.5
1034	2020	1.5
1034	2092	1.2
1034	2094	3.5
1034	2107	1.3
1034	2247	1.7
1034	2913	1.0
1034	3317	1.4
1034	6618	2.7
1034	6619	1.0
1034	6635	1.3
1034	11891	1.3
1072	67	1.1
1072	89	1.9
1072	172	1.0
1072	257	1.5
1072	283	1.2
1072	288	2.0
1072	289	1.4
1072	291	2.4
1072	292	5.0
1072	295	2.5
1072	296	1.0
1072	298	1.7
1072	300	2.8
1072	301	1.4
1072	302	2.2
1072	306	1.4
1072	307	1.8
1072	316	1.2
1072	325	2.0
1072	333	3.3
1072	340	1.5
1072	342	1.3
1072	344	3.8
1072	349	1.1
1072	360	1.3
1072	461	3.3
1072	498	1.2
1072	542	1.9
1072	546	1.0
1072	680	2.5
1072	701	2.7
1072	708	1.3
1072	802	1.0
1072	890	1.1
1072	903	1.8
1072	907	1.1
1072	1052	1.3
1072	1459	1.1
1072	2523	1.2
1072	2801	1.4
1072	2984	1.5
1072	3173	1.6
1072	3176	1.1
1072	3205	1.5
1072	3332	1.4
1072	3931	1.1
1072	5774	1.2
1072	12108	1.8
1072	12109	1.7
1072	12110	1.2
1145	89	2.4
1145	288	1.2
1145	289	1.6
1145	291	2.3
1145	292	3.6
1145	295	2.3
1145	298	1.8
1145	300	2.8
1145	302	1.5
1145	321	2.6
1145	325	2.5
1145	333	3.1
1145	342	2.1
1145	344	5.0
1145	456	1.1
1145	458	4.9
1145	461	3.4
1145	466	2.4
1145	471	1.6
1145	481	1.5
1145	484	1.0
1145	498	2.0
1145	528	2.5
1145	679	3.3
1145	680	2.6
1145	681	3.0
1145	685	1.5
1145	686	2.8
1145	693	1.6
1145	793	2.2
1145	797	2.1
1145	908	1.4
1145	1042	1.1
1145	1043	1.8
1145	1047	1.3
1145	1054	1.4
1145	1239	1.2
1145	1447	2.2
1145	1458	2.0
1145	1459	2.7
1145	1659	2.2
1145	1673	1.3
1145	1679	1.4
1145	1691	1.6
1145	2392	2.0
1145	2653	2.2
1145	2801	1.3
1145	5267	1.9
1145	5749	1.3
1145	6454	1.5
1171	7	1.0
1171	55	1.3
1171	67	2.2
1171	89	2.7
1171	157	1.9
1171	190	1.0
1171	251	1.2
1171	257	1.4
1171	288	2.8
1171	289	2.8
1171	292	3.4
1171	294	2.6
1171	295	2.3
1171	299	1.9
1171	301	1.4
1171	306	1.5
1171	498	1.1
1171	641	2.7
1171	701	3.5
1171	787	1.4
1171	792	1.0
1171	1440	1.7
1171	1475	1.1
1171	2053	1.0
1171	2390	5.0
1171	2395	1.4
1171	2523	1.3
1171	3060	1.4
1171	3063	1.9
1171	3462	1.0
1171	4702	3.3
1171	4817	2.5
1171	5249	2.4
1171	6000	1.1
1171	6505	1.1
1171	7623	1.5
1171	7837	1.6
1171	7846	2.4
1171	8409	1.4
1171	9183	1.9
1171	9777	1.8
1171	12561	2.2
1171	12920	3.8
1171	12921	2.0
1171	12922	1.9
1171	12923	1.7
1171	12924	1.5
1171	12925	1.5
1171	12926	1.2
1171	12927	1.1
1429	89	2.6
1429	191	1.2
1429	198	1.1
1429	288	2.5
1429	289	2.3
1429	291	2.5
1429	292	3.3
1429	293	1.1
1429	294	2.6
1429	295	3.2
1429	299	1.4
1429	300	2.1
1429	302	1.9
1429	305	2.0
1429	306	1.3
1429	311	1.7
1429	325	2.1
1429	326	1.1
1429	333	1.5
1429	344	1.9
1429	349	2.1
1429	377	1.2
1429	458	1.4
1429	461	1.4
1429	466	1.1
1429	498	2.0
1429	523	1.6
1429	543	1.8
1429	544	2.4
1429	679	3.1
1429	681	1.8
1429	682	2.1
1429	701	2.3
1429	909	1.1
1429	930	2.5
1429	966	1.8
1429	1034	1.7
1429	1051	1.0
1429	1098	2.0
1429	1114	5.0
1429	1246	2.1
1429	1451	1.4
1429	1458	2.0
1429	1673	2.1
1429	1684	1.8
1429	2094	1.1
1429	2990	1.2
1429	3393	1.6
1429	6690	1.0
1429	7864	1.7
1434	65	1.6
1434	67	2.8
1434	89	2.0
1434	155	2.3
1434	161	1.8
1434	288	2.1
1434	289	2.6
1434	290	1.6
1434	291	1.1
1434	292	5.0
1434	294	1.3
1434	299	1.5
1434	300	2.6
1434	301	1.1
1434	302	4.9
1434	306	1.5
1434	310	1.8
1434	340	1.5
1434	386	1.5
1434	466	2.8
1434	474	2.2
1434	475	1.3
1434	526	1.5
1434	544	3.6
1434	641	3.5
1434	679	3.5
1434	701	2.7
1434	903	1.4
1434	972	2.5
1434	1009	2.8
1434	1037	1.6
1434	1042	2.1
1434	1377	2.1
1434	1429	1.9
1434	1934	2.5
1434	1936	1.4
1434	2440	1.2
1434	5758	1.8
1434	6426	1.0
1434	8372	1.7
1434	9907	1.8
1434	12959	2.1
1434	13735	1.0
1434	14535	2.1
1434	14536	1.4
1434	14537	1.2
1434	14538	1.1
1434	14539	1.1
1434	14540	1.1
1434	14541	1.0
1489	55	1.8
1489	67	1.5
1489	190	1.3
1489	209	1.2
1489	265	1.7
1489	288	2.5
1489	289	2.3
1489	291	1.6
1489	292	5.0
1489	294	1.5
1489	296	1.7
1489	299	1.7
1489	305	1.3
1489	310	1.5
1489	318	1.6
1489	326	1.8
1489	329	1.5
1489	349	1.2
1489	377	2.7
1489	378	2.1
1489	472	1.1
1489	486	4.0
1489	488	3.2
1489	491	1.2
1489	498	4.1
1489	518	2.4
1489	536	1.6
1489	540	1.1
1489	670	1.3
1489	701	1.2
1489	786	1.5
1489	907	2.5
1489	909	2.0
1489	1377	1.2
1489	1475	2.4
1489	1854	2.8
1489	1874	1.8
1489	2018	1.2
1489	2440	1.3
1489	2607	1.3
1489	3763	1.0
1489	3859	2.0
1489	3873	1.3
1489	4177	1.6
1489	5746	1.4
1489	6567	1.2
1489	7290	1.5
1489	12923	1.1
1489	14887	1.4
1489	14888	1.2
1593	157	2.0
1593	239	2.9
1593	240	1.6
1593	257	2.1
1593	261	1.1
1593	279	2.2
1593	285	1.8
1593	288	1.7
1593	289	3.4
1593	292	4.6
1593	295	5.0
1593	312	3.2
1593	314	4.5
1593	317	1.1
1593	322	3.4
1593	327	1.6
1593	330	3.8
1593	331	1.8
1593	332	1.0
1593	352	1.1
1593	468	1.3
1593	482	1.2
1593	484	1.8
1593	527	1.7
1593	913	1.5
1593	1037	1.8
1593	1042	1.6
1593	1451	1.8
1593	1537	2.2
1593	1544	1.2
1593	1596	2.6
1593	2083	1.0
1593	2220	2.4
1593	2548	2.5
1593	3314	3.5
1593	3317	1.5
1593	3318	2.2
1593	4617	1.8
1593	4713	3.1
1593	4814	1.6
1593	6346	1.2
1593	8081	1.5
1593	8605	1.1
1593	11069	1.0
1593	12535	2.0
1593	12545	1.1
1593	14734	1.7
1593	15473	3.0
1593	15474	1.4
1593	15475	1.0
1607	7	2.6
1607	55	2.3
1607	161	2.2
1607	288	2.2
1607	289	4.3
1607	292	4.3
1607	300	3.0
1607	316	1.1
1607	318	1.1
1607	324	1.1
1607	325	2.8
1607	326	2.5
1607	329	1.8
1607	333	2.4
1607	360	1.2
1607	378	3.1
1607	386	1.7
1607	461	1.2
1607	465	2.5
1607	466	3.0
1607	468	1.2
1607	475	1.7
1607	486	2.1
1607	498	3.5
1607	523	5.0
1607	531	1.6
1607	543	1.2
1607	544	1.7
1607	679	2.9
1607	680	2.4
1607	681	1.7
1607	686	2.5
1607	701	2.1
1607	704	4.3
1607	797	1.9
1607	903	1.5
1607	1034	2.1
1607	1044	1.7
1607	1045	1.0
1607	1249	1.7
1607	1428	1.5
1607	1455	1.8
1607	1580	2.6
1607	1673	1.7
1607	2020	1.6
1607	2521	2.2
1607	12035	1.2
1607	12925	1.3
1607	13740	1.2
1607	15536	1.5
1726	55	1.1
1726	67	2.2
1726	89	2.4
1726	157	1.4
1726	161	1.2
1726	257	1.6
1726	285	1.9
1726	288	3.0
1726	289	5.0
1726	291	1.7
1726	292	3.2
1726	293	1.5
1726	295	2.5
1726	299	1.7
1726	300	2.6
1726	302	1.5
1726	306	1.8
1726	309	1.8
1726	314	2.0
1726	327	1.5
1726	328	2.4
1726	330	1.1
1726	331	2.2
1726	349	1.8
1726	352	2.4
1726	459	1.2
1726	461	1.3
1726	466	2.3
1726	468	2.3
1726	475	2.0
1726	523	1.0
1726	525	1.5
1726	527	1.3
1726	531	1.1
1726	538	1.4
1726	544	1.5
1726	701	3.0
1726	907	1.7
1726	913	1.6
1726	1032	1.1
1726	1037	2.3
1726	1402	1.0
1726	1456	1.0
1726	2020	1.1
1726	2025	1.4
1726	2083	2.0
1726	2521	1.3
1726	4560	1.4
1726	6376	1.3
1726	6389	1.3
1769	97	2.3
1769	209	4.5
1769	230	1.8
1769	234	2.3
1769	288	1.4
1769	289	5.0
1769	291	2.2
1769	292	4.6
1769	293	2.4
1769	298	3.3
1769	300	4.4
1769	302	1.8
1769	333	1.4
1769	349	1.7
1769	377	1.9
1769	378	2.4
1769	412	3.3
1769	424	1.1
1769	461	2.5
1769	466	2.2
1769	497	2.3
1769	498	2.7
1769	523	2.4
1769	528	3.5
1769	532	2.2
1769	540	1.5
1769	646	2.8
1769	679	1.3
1769	680	1.2
1769	704	2.7
1769	709	1.3
1769	790	1.9
1769	802	2.5
1769	966	1.3
1769	972	2.2
1769	1034	1.0
1769	1047	4.5
1769	1246	2.4
1769	1673	4.8
1769	1814	3.0
1769	2546	1.0
1769	3200	2.1
1769	5149	1.3
1769	9684	2.1
1769	14601	2.0
1769	15821	1.7
1769	16565	2.8
1769	16566	2.6
1769	16567	1.2
1769	16568	1.0
1829	7	2.5
1829	55	2.6
1829	67	1.2
1829	209	2.4
1829	288	2.5
1829	289	2.6
1829	291	1.7
1829	292	3.5
1829	293	2.0
1829	295	1.2
1829	298	4.2
1829	300	2.7
1829	302	1.2
1829	306	2.7
1829	316	5.0
1829	318	2.4
1829	320	1.2
1829	333	1.1
1829	340	1.0
1829	344	3.1
1829	375	2.8
1829	377	2.6
1829	378	1.9
1829	423	4.0
1829	430	2.5
1829	458	4.2
1829	461	1.8
1829	466	3.2
1829	486	3.3
1829	498	1.4
1829	528	1.4
1829	532	2.6
1829	542	1.5
1829	679	2.5
1829	682	1.4
1829	686	1.6
1829	701	2.1
1829	889	1.9
1829	903	1.2
1829	908	1.5
1829	1032	1.1
1829	1034	2.3
1829	1047	1.5
1829	1609	2.2
1829	1688	2.4
1829	2025	1.0
1829	2521	1.3
1829	2546	1.5
1829	3173	2.4
1829	3377	1.1
1898	65	2.1
1898	67	1.0
1898	71	1.7
1898	89	1.4
1898	265	3.0
1898	289	1.8
1898	291	2.6
1898	292	3.1
1898	294	1.7
1898	297	1.6
1898	300	1.6
1898	302	4.5
1898	310	1.1
1898	318	2.0
1898	325	2.9
1898	333	2.9
1898	344	1.3
1898	359	1.2
1898	378	1.7
1898	461	5.0
1898	466	1.0
1898	518	1.3
1898	523	1.9
1898	542	1.6
1898	544	1.4
1898	674	1.3
1898	679	1.6
1898	686	1.2
1898	697	1.8
1898	701	1.3
1898	704	2.4
1898	790	2.2
1898	802	1.4
1898	908	1.1
1898	909	4.0
1898	955	1.2
1898	972	1.2
1898	1034	2.8
1898	1428	1.2
1898	1691	1.1
1898	2392	1.0
1898	4254	1.1
1898	6456	1.2
1898	7289	3.1
1898	9567	1.7
1898	10016	3.5
1898	10017	2.0
1898	10020	2.0
1898	10640	2.4
1898	17477	1.7
1954	65	2.8
1954	207	2.0
1954	230	2.4
1954	257	2.0
1954	278	1.6
1954	288	2.2
1954	290	1.2
1954	292	5.0
1954	295	3.4
1954	298	2.7
1954	300	2.1
1954	301	1.5
1954	302	1.8
1954	312	1.3
1954	317	1.2
1954	320	1.7
1954	327	2.4
1954	328	1.2
1954	330	3.2
1954	331	3.7
1954	377	3.4
1954	466	1.9
1954	468	2.2
1954	475	2.2
1954	482	1.5
1954	485	2.5
1954	491	2.5
1954	525	1.5
1954	528	1.5
1954	547	4.5
1954	701	3.8
1954	735	1.2
1954	841	1.0
1954	1037	1.0
1954	1044	2.4
1954	1145	2.1
1954	1243	1.3
1954	1402	1.3
1954	1613	3.2
1954	1860	1.0
1954	2083	1.9
1954	2226	1.7
1954	2978	1.0
1954	3317	1.1
1954	3318	3.2
1954	3712	1.7
1954	5678	1.7
1954	6226	1.1
1954	9684	1.6
1954	14278	1.8
