userID	artistID	rating
46	89	2.9
46	288	5.0
46	289	2.2
46	290	1.9
46	291	1.1
46	292	2.3
46	295	3.2
46	299	1.7
46	300	3.3
46	301	1.9
46	302	1.2
46	306	2.8
46	314	2.1
46	320	1.3
46	325	2.2
46	327	1.3
46	328	1.5
46	330	1.1
46	333	2.4
46	344	1.2
46	349	2.6
46	352	1.1
46	458	2.6
46	461	2.2
46	464	3.1
46	466	3.4
46	475	1.0
46	484	1.1
46	498	1.9
46	542	1.5
46	646	1.9
46	679	1.1
46	681	1.8
46	686	2.0
46	701	2.2
46	802	2.2
46	908	1.1
46	1032	1.8
46	1037	2.4
46	1042	1.5
46	1051	1.4
46	1428	2.3
46	1450	1.9
46	1451	1.9
46	1452	1.8
46	1453	1.6
46	1454	1.2
46	1455	1.2
46	1456	1.1
46	1457	1.0
53	55	1.2
53	67	1.7
53	89	4.3
53	187	1.0
53	288	4.2
53	289	2.8
53	292	3.0
53	293	2.6
53	296	3.1
53	300	5.0
53	302	1.6
53	306	2.4
53	310	1.6
53	318	1.0
53	330	1.1
53	331	1.2
53	333	1.3
53	349	1.4
53	352	1.9
53	386	1.6
53	466	3.4
53	475	2.8
53	478	3.2
53	483	2.3
53	491	1.4
53	498	1.1
53	525	1.1
53	531	1.7
53	535	2.7
53	545	1.2
53	644	1.6
53	701	2.3
53	1571	3.4
53	1572	3.3
53	1573	2.9
53	1574	2.4
53	1575	2.0
53	1576	1.9
53	1577	1.9
53	1578	1.7
53	1579	1.7
53	1580	1.5
53	1581	1.4
53	1582	1.3
53	1583	1.3
53	1584	1.1
53	1585	1.1
53	1586	1.1
53	1587	1.1
53	1588	1.1
72	55	2.5
72	58	1.5
72	67	5.0
72	71	4.1
72	89	3.8
72	157	1.9
72	251	1.0
72	257	2.5
72	265	4.6
72	285	4.1
72	289	4.5
72	290	4.1
72	291	3.3
72	292	4.9
72	293	1.0
72	294	4.1
72	295	4.7
72	296	1.5
72	298	4.3
72	299	1.5
72	300	4.4
72	302	4.3
72	305	3.8
72	306	1.0
72	310	4.5
72	320	3.8
72	328	2.8
72	329	4.4
72	333	1.0
72	340	3.6
72	386	4.4
72	465	4.2
72	466	3.9
72	485	2.5
72	523	1.0
72	525	3.2
72	686	4.2
72	792	4.9
72	889	3.1
72	913	1.0
72	972	3.6
72	1820	2.1
72	2018	4.1
72	2019	3.7
72	2020	3.6
72	2021	2.3
72	2022	1.5
72	2023	1.0
72	2024	1.0
72	2025	1.0
75	55	3.1
75	67	2.6
75	89	4.1
75	157	1.5
75	161	2.2
75	209	1.7
75	230	3.2
75	288	3.7
75	289	4.3
75	292	4.3
75	295	3.5
75	298	1.1
75	299	1.1
75	300	3.5
75	302	2.9
75	306	4.3
75	329	1.8
75	333	3.8
75	344	1.5
75	352	1.7
75	377	3.7
75	378	2.2
75	412	1.0
75	464	2.0
75	466	3.1
75	475	1.4
75	481	2.7
75	498	5.0
75	531	1.3
75	538	2.2
75	543	1.8
75	544	3.2
75	646	2.8
75	679	4.6
75	687	3.6
75	701	4.4
75	972	1.1
75	1032	2.2
75	1037	3.3
75	1042	2.6
75	1246	1.6
75	1452	1.0
75	1455	1.7
75	1456	2.7
75	2080	2.9
75	2081	2.1
75	2082	1.9
75	2083	1.7
75	2084	1.6
75	2085	1.0
133	67	4.5
133	89	2.3
133	157	3.1
133	257	2.1
133	288	3.6
133	289	4.2
133	290	2.9
133	291	1.2
133	292	5.0
133	295	1.6
133	300	4.0
133	302	1.1
133	306	1.2
133	311	1.6
133	325	2.0
133	329	1.7
133	332	1.0
133	333	2.5
133	340	3.2
133	349	3.3
133	461	3.1
133	464	1.0
133	466	3.8
133	486	1.5
133	498	3.1
133	523	3.2
133	528	1.9
133	531	2.6
133	543	2.4
133	544	1.9
133	646	2.9
133	679	3.8
133	681	2.2
133	701	2.9
133	704	1.1
133	797	2.4
133	802	3.0
133	889	4.4
133	972	1.7
133	1042	1.4
133	1043	1.3
133	1429	1.4
133	1451	2.2
133	1459	1.2
133	2548	2.1
133	2984	3.4
133	3172	2.0
133	3173	1.8
133	3174	1.5
133	3175	1.3
144	55	2.1
144	67	2.3
144	89	3.5
144	157	5.0
144	161	1.5
144	257	3.0
144	285	3.5
144	288	4.4
144	289	4.8
144	292	4.0
144	294	1.1
144	295	4.2
144	299	1.8
144	300	3.1
144	301	2.6
144	302	2.1
144	306	1.9
144	312	1.1
144	314	2.7
144	317	1.7
144	322	1.0
144	327	1.5
144	328	1.5
144	332	1.1
144	333	1.1
144	349	2.1
144	455	1.2
144	458	1.6
144	466	3.1
144	475	1.3
144	525	1.1
144	528	1.2
144	644	1.9
144	652	1.0
144	701	2.3
144	907	1.1
144	913	2.0
144	1037	2.5
144	1444	1.4
144	1596	1.2
144	1825	2.3
144	2083	1.5
144	2094	1.5
144	2220	3.0
144	3313	1.7
144	3314	1.6
144	3315	1.3
144	3316	1.2
144	3317	1.1
144	3318	1.1
233	55	2.3
233	67	2.4
233	89	5.0
233	228	2.5
233	288	3.6
233	289	3.9
233	292	5.0
233	298	1.8
233	300	4.0
233	302	2.4
233	306	2.4
233	329	1.3
233	330	1.1
233	340	2.1
233	377	2.3
233	461	3.8
233	466	4.4
233	475	2.1
233	498	3.4
233	525	2.3
233	526	3.2
233	534	1.3
233	679	2.2
233	680	1.6
233	687	2.0
233	706	3.0
233	714	1.5
233	903	1.4
233	972	2.8
233	1043	1.7
233	1047	2.4
233	1249	2.9
233	1453	1.8
233	1455	3.6
233	1456	1.3
233	1934	2.9
233	2085	3.0
233	2094	2.8
233	2543	1.7
233	3198	2.7
233	3662	1.0
233	3739	3.3
233	4575	2.2
233	4576	1.8
233	4577	1.8
233	4578	1.6
233	4579	1.5
233	4580	1.2
233	4581	1.1
233	4582	1.1
305	55	2.0
305	65	1.0
305	89	5.0
305	161	3.3
305	228	2.0
305	288	4.3
305	289	3.6
305	292	3.1
305	294	4.9
305	295	2.6
305	299	1.9
305	300	3.8
305	302	1.9
305	306	3.8
305	310	1.2
305	311	2.0
305	327	2.3
305	328	2.0
305	329	1.2
305	331	1.5
305	333	2.1
305	344	2.1
305	352	2.5
305	377	2.1
305	386	1.6
305	461	3.6
305	464	2.1
305	466	3.1
305	475	1.1
305	484	1.3
305	486	1.9
305	538	2.3
305	543	2.1
305	544	3.3
305	679	2.1
305	686	4.0
305	701	4.0
305	704	2.6
305	802	3.3
305	1032	2.9
305	1037	4.3
305	1042	2.4
305	1443	1.0
305	1444	1.3
305	1447	3.2
305	1475	1.4
305	1672	3.5
305	1934	3.1
305	2990	2.4
305	4562	1.2
318	67	1.1
318	89	1.5
318	97	2.9
318	167	2.9
318	210	2.4
318	230	3.5
318	257	2.2
318	289	1.8
318	293	2.6
318	298	3.5
318	299	1.3
318	300	4.6
318	302	2.0
318	306	2.3
318	314	1.9
318	318	1.0
318	331	1.4
318	349	1.8
318	360	3.6
318	466	3.7
318	475	2.1
318	525	3.6
318	527	2.7
318	534	1.5
318	540	2.4
318	546	1.2
318	547	2.3
318	701	5.0
318	718	2.3
318	898	2.9
318	1032	1.3
318	1037	3.3
318	1040	3.0
318	1047	2.8
318	1186	1.3
318	1394	1.6
318	1595	1.5
318	1613	2.2
318	2081	1.9
318	2083	1.7
318	2179	1.3
318	2468	1.2
318	3583	1.9
318	4189	1.2
318	4811	1.5
318	5625	1.4
318	5626	1.4
318	5627	1.3
318	5628	1.3
318	5629	1.2
322	89	3.9
322	288	5.0
322	289	1.6
322	292	1.7
322	295	1.8
322	300	3.2
322	306	3.3
322	317	1.7
322	327	1.5
322	328	1.2
322	331	4.6
322	458	1.5
322	461	2.3
322	464	3.4
322	466	3.3
322	468	2.0
322	475	3.0
322	486	2.0
322	527	2.9
322	547	3.8
322	548	1.7
322	701	1.6
322	797	1.0
322	808	1.5
322	907	1.7
322	1037	3.4
322	1042	1.3
322	1104	1.8
322	1410	1.3
322	1455	3.0
322	1613	1.2
322	2242	3.1
322	3036	1.5
322	3317	2.9
322	3713	1.1
322	4562	2.0
322	4564	3.0
322	5071	2.3
322	5232	1.8
322	5536	3.5
322	5674	3.7
322	5675	3.3
322	5676	3.2
322	5677	2.9
322	5678	2.8
322	5679	2.7
322	5680	2.1
322	5681	1.9
322	5682	1.3
322	5683	1.2
327	55	2.7
327	67	1.5
327	71	1.7
327	89	3.3
327	180	2.3
327	229	1.0
327	288	3.4
327	289	5.0
327	292	2.8
327	294	1.9
327	295	1.2
327	300	3.2
327	331	1.6
327	332	1.7
327	352	2.7
327	386	1.6
327	466	3.1
327	475	2.5
327	531	1.0
327	548	2.0
327	686	1.1
327	690	1.3
327	1053	2.2
327	1057	3.0
327	1059	2.0
327	1243	3.7
327	1376	2.5
327	1379	2.8
327	1413	1.3
327	1934	2.3
327	2018	2.1
327	2025	1.2
327	2130	1.9
327	2179	1.3
327	2515	2.0
327	2521	1.2
327	3319	1.1
327	3500	2.4
327	4565	3.0
327	4568	1.6
327	4572	2.4
327	4765	1.5
327	4814	2.2
327	5487	1.0
327	5724	3.2
327	5725	2.3
327	5726	1.7
327	5727	1.2
327	5728	1.1
327	5729	1.0
390	55	5.0
390	67	3.6
390	89	5.0
390	257	3.4
390	288	3.9
390	289	4.0
390	292	3.4
390	294	1.3
390	295	2.1
390	296	2.0
390	299	2.4
390	300	3.9
390	302	1.2
390	306	2.1
390	308	1.2
390	314	1.5
390	317	1.6
390	328	1.6
390	331	1.3
390	332	1.5
390	333	2.0
390	340	1.0
390	386	1.3
390	400	2.2
390	455	1.8
390	461	2.2
390	464	1.1
390	466	3.5
390	475	2.0
390	523	1.4
390	543	2.4
390	646	2.1
390	679	2.7
390	701	3.2
390	802	1.6
390	907	1.9
390	1032	2.2
390	1037	2.8
390	1051	1.6
390	1243	2.5
390	1444	1.0
390	1453	1.4
390	1934	2.2
390	2021	2.4
390	2523	2.5
390	6426	3.2
390	6427	2.0
390	6428	1.6
390	6429	1.4
390	6430	1.1
403	9	1.1
403	67	1.6
403	89	4.1
403	209	1.0
403	288	2.7
403	289	3.2
403	291	1.1
403	292	1.5
403	300	3.6
403	328	1.1
403	344	3.3
403	386	3.3
403	458	3.4
403	461	3.4
403	464	1.3
403	466	4.8
403	487	1.0
403	497	1.3
403	498	1.6
403	504	1.6
403	524	3.1
403	547	1.8
403	680	1.6
403	686	1.2
403	704	1.3
403	1035	1.9
403	1037	2.8
403	1066	3.0
403	1091	3.7
403	1376	1.3
403	1682	1.7
403	2094	2.4
403	3319	2.4
403	3556	1.3
403	3558	4.3
403	4262	1.8
403	5079	5.0
403	5460	1.7
403	5670	1.1
403	6542	4.3
403	6543	3.3
403	6544	2.6
403	6545	1.7
403	6546	1.7
403	6547	1.6
403	6548	1.5
403	6549	1.4
403	6550	1.1
403	6551	1.1
403	6552	1.1
414	55	1.6
414	67	2.5
414	157	2.0
414	256	1.0
414	257	3.1
414	283	2.5
414	288	3.0
414	289	5.0
414	292	2.9
414	293	1.3
414	295	2.6
414	298	2.3
414	300	3.2
414	302	2.2
414	306	1.9
414	313	1.5
414	314	1.9
414	325	1.2
414	333	2.6
414	342	1.5
414	349	2.0
414	378	1.1
414	386	1.4
414	461	2.5
414	464	1.3
414	466	3.2
414	498	3.1
414	526	1.2
414	538	1.8
414	542	2.5
414	544	2.7
414	546	1.5
414	646	1.7
414	679	1.1
414	686	2.3
414	693	1.3
414	701	2.3
414	903	3.0
414	915	1.2
414	966	1.3
414	1032	1.7
414	1035	1.3
414	1045	1.3
414	1452	1.3
414	1771	1.1
414	2082	1.0
414	2988	1.0
414	3200	2.2
414	5934	1.8
414	6647	1.2
425	55	1.5
425	89	3.0
425	161	1.1
425	257	1.1
425	288	2.2
425	289	3.0
425	291	4.7
425	292	2.9
425	295	1.7
425	299	1.2
425	300	4.8
425	301	1.7
425	302	2.4
425	306	1.4
425	311	3.1
425	314	1.5
425	318	2.8
425	323	1.2
425	325	3.2
425	328	1.0
425	333	5.0
425	342	2.4
425	344	4.2
425	349	1.9
425	360	1.4
425	378	1.6
425	386	2.3
425	461	2.7
425	464	1.1
425	466	3.1
425	481	1.2
425	486	1.2
425	498	3.4
425	528	1.9
425	544	1.2
425	646	1.3
425	680	2.8
425	681	2.9
425	686	3.0
425	701	2.2
425	704	1.4
425	797	1.4
425	802	2.2
425	966	1.2
425	1034	1.4
425	1052	1.2
425	1455	1.2
425	1456	1.2
425	1458	1.6
425	2020	1.5
451	89	3.2
451	190	1.4
451	230	2.4
451	288	3.1
451	289	2.2
451	292	1.5
451	295	1.7
451	300	3.1
451	306	3.3
451	314	1.3
451	321	1.0
451	324	2.2
451	325	1.7
451	327	1.1
451	328	1.9
451	329	1.2
451	333	2.0
451	344	2.2
451	349	2.3
451	355	1.0
451	377	1.7
451	458	5.0
451	461	2.5
451	464	3.2
451	466	3.2
451	470	1.8
451	475	1.3
451	498	3.7
451	524	2.0
451	526	1.0
451	528	1.2
451	544	1.1
451	679	1.1
451	680	1.1
451	681	2.3
451	686	3.1
451	687	1.1
451	689	1.4
451	701	1.5
451	704	2.8
451	802	1.1
451	1043	1.5
451	1047	3.5
451	1449	1.0
451	1458	1.2
451	1678	1.2
451	2020	1.6
451	4621	1.1
451	5749	1.1
451	7061	1.4
466	67	1.4
466	89	4.4
466	288	3.1
466	289	1.5
466	292	3.0
466	295	1.1
466	298	2.1
466	300	3.0
466	302	2.1
466	306	1.7
466	328	1.1
466	333	3.1
466	349	1.3
466	378	2.7
466	386	2.1
466	389	1.0
466	453	2.2
466	461	2.1
466	466	3.7
466	504	1.5
466	518	4.6
466	526	2.1
466	542	2.9
466	544	3.4
466	641	1.2
466	679	3.4
466	680	2.3
466	690	3.7
466	704	2.5
466	915	2.9
466	930	1.8
466	972	1.8
466	1034	3.1
466	1098	3.9
466	1673	2.4
466	1775	1.1
466	1781	2.2
466	1905	1.4
466	2014	4.1
466	2022	2.0
466	2988	2.7
466	4135	1.9
466	4561	1.9
466	5459	5.0
466	6201	2.7
466	7191	4.1
466	7192	2.5
466	7193	2.3
466	7194	1.2
466	7195	1.0
472	55	2.3
472	56	2.4
472	67	1.4
472	89	5.0
472	161	2.6
472	176	1.0
472	191	1.4
472	199	3.6
472	228	4.0
472	288	4.6
472	289	3.7
472	295	1.2
472	299	2.8
472	300	3.2
472	306	2.6
472	323	1.0
472	328	1.2
472	330	1.8
472	333	3.3
472	352	1.0
472	386	1.9
472	403	2.0
472	461	1.8
472	466	4.1
472	475	2.3
472	486	2.8
472	498	2.9
472	531	1.7
472	541	1.9
472	543	4.1
472	544	1.9
472	546	2.8
472	686	2.1
472	802	2.3
472	907	1.4
472	1032	1.8
472	1379	4.9
472	1400	4.3
472	1455	2.2
472	1456	2.9
472	1613	1.7
472	1672	2.7
472	2081	1.6
472	2085	2.6
472	2990	1.5
472	4463	1.1
472	4814	1.5
472	7268	2.3
472	7269	1.7
472	7270	1.3
538	55	1.4
538	89	4.6
538	288	4.9
538	289	4.8
538	291	1.1
538	292	4.1
538	293	1.1
538	294	1.7
538	295	2.7
538	299	3.3
538	300	4.2
538	301	2.1
538	302	2.5
538	306	3.0
538	310	1.0
538	323	1.8
538	328	1.5
538	330	1.8
538	333	3.9
538	344	5.0
538	346	2.6
538	352	3.0
538	461	3.7
538	466	4.1
538	468	1.5
538	475	1.9
538	531	1.3
538	543	3.0
538	545	1.1
538	679	1.3
538	686	1.8
538	690	1.9
538	701	2.4
538	907	1.2
538	915	1.0
538	1032	1.9
538	1037	1.1
538	1042	2.3
538	1051	1.4
538	1452	1.1
538	1455	2.6
538	1456	1.8
538	1459	1.1
538	1934	1.9
538	2020	2.7
538	4565	1.3
538	5267	1.4
538	5534	1.6
538	7868	1.3
538	7869	1.2
590	89	4.4
590	157	1.5
590	257	1.9
590	288	2.7
590	289	1.4
590	300	3.5
590	302	4.0
590	304	1.2
590	306	3.8
590	316	1.6
590	327	1.6
590	333	1.0
590	342	1.4
590	349	1.8
590	355	5.0
590	377	1.7
590	458	1.4
590	461	2.5
590	464	3.1
590	466	3.7
590	475	1.6
590	486	3.8
590	498	1.7
590	523	1.4
590	531	1.4
590	545	1.2
590	679	2.5
590	685	1.7
590	691	2.3
590	701	1.7
590	797	1.2
590	907	1.3
590	1458	1.3
590	1470	1.3
590	1681	3.4
590	1775	1.0
590	2548	1.9
590	2591	1.7
590	3171	3.1
590	3384	1.2
590	4291	3.9
590	5099	1.3
590	8358	2.9
590	8359	2.6
590	8360	2.3
590	8361	2.2
590	8362	1.3
590	8363	1.3
590	8364	1.1
590	8365	1.0
646	89	1.6
646	157	1.3
646	161	3.2
646	191	1.0
646	288	3.5
646	289	3.1
646	292	1.7
646	295	2.2
646	299	1.6
646	300	3.7
646	302	1.4
646	304	2.3
646	306	2.4
646	321	4.9
646	325	2.1
646	327	4.3
646	328	1.4
646	333	3.3
646	342	1.4
646	344	3.8
646	377	1.1
646	456	1.9
646	458	5.0
646	461	3.8
646	466	3.3
646	468	2.0
646	475	1.1
646	498	2.3
646	528	2.1
646	538	1.0
646	679	1.4
646	681	3.9
646	686	4.2
646	691	2.1
646	692	2.2
646	701	2.8
646	790	1.3
646	797	2.8
646	907	1.1
646	1032	1.4
646	1042	4.1
646	1047	2.6
646	1452	2.0
646	1455	1.8
646	1458	2.2
646	2607	2.8
646	2939	1.4
646	4562	2.6
646	4811	2.7
646	8863	1.3
682	55	2.3
682	89	2.5
682	190	1.8
682	256	1.6
682	288	2.6
682	289	2.3
682	295	1.4
682	300	3.5
682	304	2.3
682	306	2.8
682	314	2.2
682	324	2.4
682	327	1.3
682	328	2.2
682	333	1.7
682	342	3.2
682	344	5.0
682	456	1.6
682	458	1.6
682	461	2.1
682	464	2.1
682	466	3.0
682	468	1.0
682	486	2.0
682	498	2.6
682	531	1.0
682	538	2.7
682	544	2.3
682	679	2.2
682	681	1.5
682	683	2.6
682	686	1.5
682	691	2.4
682	704	2.2
682	797	1.3
682	1038	1.0
682	1198	1.5
682	1428	2.1
682	1447	1.1
682	1452	1.5
682	1470	1.1
682	2545	1.4
682	2977	1.4
682	2988	1.1
682	3378	1.2
682	5749	1.6
682	5950	1.9
682	8093	1.2
682	9249	4.1
682	9250	2.2
703	55	2.4
703	67	1.1
703	89	5.0
703	246	1.3
703	283	1.0
703	288	4.0
703	289	4.7
703	292	4.0
703	295	1.7
703	299	1.5
703	300	3.8
703	302	1.8
703	306	1.7
703	320	1.8
703	328	1.3
703	333	2.7
703	349	1.0
703	355	1.2
703	458	1.5
703	461	2.5
703	466	3.9
703	475	1.7
703	543	1.3
703	679	3.1
703	790	1.6
703	802	1.3
703	903	1.9
703	1032	2.1
703	1043	1.3
703	1246	1.1
703	1452	2.0
703	1455	1.6
703	2176	1.3
703	2543	2.6
703	4463	1.8
703	4464	1.4
703	4577	1.2
703	5268	1.4
703	6722	1.3
703	9169	1.7
703	9372	1.6
703	9373	1.5
703	9374	1.4
703	9375	1.3
703	9376	1.3
703	9377	1.3
703	9378	1.2
703	9379	1.1
703	9380	1.1
703	9381	1.1
757	89	3.5
757	157	4.3
757	161	4.3
757	184	1.6
757	230	1.6
757	257	2.5
757	265	2.8
757	288	4.4
757	289	4.3
757	291	2.9
757	292	3.0
757	294	1.5
757	295	4.6
757	300	3.9
757	302	2.9
757	306	4.3
757	327	3.1
757	329	3.5
757	330	2.8
757	331	1.3
757	352	2.7
757	456	2.2
757	461	4.2
757	462	3.1
757	466	4.2
757	468	3.2
757	475	4.3
757	484	1.2
757	486	2.0
757	531	2.5
757	538	2.1
757	544	1.8
757	701	5.0
757	903	1.6
757	907	3.5
757	1037	2.5
757	1042	3.3
757	1052	1.1
757	1452	2.1
757	1455	2.4
757	1613	3.1
757	4562	1.3
757	9844	3.4
757	9845	3.1
757	9846	1.8
757	9847	1.5
757	9848	1.4
757	9849	1.1
757	9850	1.1
757	9851	1.0
778	7	1.0
778	55	2.3
778	67	1.7
778	89	2.5
778	209	1.6
778	251	1.2
778	257	5.0
778	265	2.2
778	279	4.6
778	285	2.7
778	288	1.6
778	289	4.8
778	290	2.3
778	291	2.4
778	292	2.9
778	293	1.5
778	299	1.7
778	300	3.1
778	302	2.8
778	304	1.4
778	311	2.2
778	314	1.7
778	318	2.1
778	325	2.0
778	326	2.6
778	342	3.4
778	344	1.9
778	349	1.4
778	355	3.0
778	461	2.5
778	464	1.3
778	466	3.4
778	485	1.5
778	498	3.2
778	523	1.8
778	538	1.8
778	548	2.0
778	602	1.7
778	679	1.1
778	682	2.8
778	691	1.6
778	701	2.6
778	3081	1.7
778	4566	3.1
778	4619	1.9
778	4710	1.9
778	5746	1.4
778	8155	1.4
778	9976	2.0
778	9977	1.4
826	88	1.7
826	89	3.1
826	173	1.2
826	190	2.0
826	289	4.4
826	300	3.2
826	374	3.8
826	375	1.3
826	377	3.6
826	461	2.3
826	466	3.5
826	475	1.9
826	486	1.8
826	488	2.1
826	500	1.6
826	518	1.4
826	534	1.1
826	546	2.6
826	701	5.0
826	704	3.1
826	707	2.3
826	923	1.4
826	930	2.4
826	1081	1.3
826	1104	2.3
826	1338	2.2
826	1410	2.2
826	1452	1.8
826	1456	1.4
826	1463	2.0
826	1913	1.8
826	2009	1.5
826	2102	2.3
826	2963	1.4
826	3324	2.2
826	4575	3.0
826	5083	3.4
826	9462	2.2
826	10429	3.7
826	10430	3.4
826	10431	2.2
826	10432	2.0
826	10433	1.8
826	10434	1.8
826	10435	1.4
826	10436	1.3
826	10437	1.3
826	10438	1.3
826	10439	1.3
826	10440	1.0
878	89	3.5
878	288	3.0
878	289	3.5
878	290	1.5
878	291	2.6
878	292	1.4
878	295	1.0
878	299	1.9
878	300	3.5
878	302	2.2
878	308	1.0
878	309	2.7
878	314	1.2
878	317	1.6
878	318	2.2
878	321	1.2
878	325	2.4
878	333	2.2
878	344	2.1
878	349	2.2
878	378	1.8
878	461	2.9
878	466	3.3
878	468	1.7
878	498	1.6
878	531	1.2
878	681	5.0
878	686	2.8
878	701	1.6
878	793	2.6
878	797	1.6
878	907	1.3
878	1021	1.0
878	1032	1.7
878	1037	1.6
878	1054	1.0
878	1198	2.0
878	1451	1.7
878	1452	1.5
878	1453	1.4
878	2247	1.5
878	2990	1.1
878	4879	2.1
878	8378	2.0
878	10778	2.4
878	10779	2.0
878	10780	1.8
878	10781	1.8
878	10782	1.7
878	10783	1.3
905	55	1.9
905	65	3.4
905	67	2.5
905	89	5.0
905	97	2.8
905	230	1.0
905	288	4.1
905	289	4.3
905	291	1.3
905	292	3.5
905	295	4.3
905	298	4.7
905	300	4.3
905	302	1.5
905	306	2.6
905	310	1.9
905	320	2.5
905	321	1.2
905	327	1.3
905	329	4.1
905	331	4.8
905	342	1.6
905	349	1.2
905	412	1.5
905	461	2.1
905	464	3.2
905	466	4.1
905	475	1.8
905	484	1.0
905	486	1.2
905	498	1.5
905	525	1.5
905	545	2.3
905	546	3.6
905	679	3.1
905	701	2.1
905	903	4.1
905	907	1.8
905	1032	1.8
905	1037	2.6
905	1047	1.0
905	1455	1.3
905	1934	1.2
905	2544	1.6
905	2598	1.1
905	3057	2.0
905	3200	2.6
905	3378	1.2
905	4837	1.1
905	10571	1.5
965	55	2.9
965	67	3.8
965	89	2.6
965	97	1.1
965	157	1.9
965	161	1.0
965	257	3.0
965	285	3.3
965	288	3.3
965	289	5.0
965	291	2.2
965	292	4.5
965	293	1.1
965	294	1.2
965	295	1.9
965	298	2.5
965	299	3.3
965	300	3.2
965	302	2.7
965	306	1.8
965	314	2.2
965	318	2.3
965	320	1.0
965	325	2.6
965	329	1.3
965	333	3.4
965	340	1.5
965	344	2.5
965	349	1.3
965	352	1.4
965	360	1.7
965	455	1.5
965	458	1.4
965	461	2.0
965	465	1.2
965	466	3.2
965	523	2.7
965	525	2.4
965	528	1.1
965	544	1.6
965	679	3.7
965	686	1.8
965	701	3.1
965	889	3.5
965	1451	1.2
965	1580	1.3
965	2020	1.6
965	2094	1.3
965	2523	1.4
965	2801	1.2
995	89	5.0
995	257	1.3
995	288	4.2
995	289	3.9
995	295	1.6
995	299	1.9
995	300	4.3
995	306	2.4
995	328	2.1
995	333	3.1
995	344	3.9
995	461	3.9
995	466	4.2
995	468	2.1
995	475	1.0
995	484	2.1
995	498	2.8
995	528	1.7
995	543	3.2
995	544	2.7
995	679	2.7
995	686	4.1
995	701	2.2
995	790	1.0
995	797	2.4
995	802	1.0
995	1032	2.0
995	1428	1.0
995	1447	1.9
995	1452	2.8
995	1453	1.5
995	1455	2.5
995	1456	2.1
995	1458	2.2
995	1690	2.4
995	6590	1.9
995	11643	1.9
995	11644	1.0
1023	55	3.3
1023	67	4.1
1023	89	3.9
1023	157	2.5
1023	220	1.2
1023	288	2.1
1023	289	5.0
1023	292	4.2
1023	295	1.7
1023	298	2.6
1023	300	3.5
1023	302	1.3
1023	306	1.2
1023	310	1.6
1023	333	3.1
1023	349	1.3
1023	350	1.9
1023	352	2.3
1023	375	2.7
1023	466	3.2
1023	486	2.6
1023	525	1.6
1023	528	1.0
1023	532	1.2
1023	679	2.2
1023	689	1.8
1023	691	1.9
1023	701	1.8
1023	704	1.5
1023	708	2.0
1023	789	1.3
1023	797	1.2
1023	886	1.6
1023	906	1.7
1023	908	1.2
1023	970	1.7
1023	1034	1.5
1023	1456	1.2
1023	1505	2.1
1023	1705	1.9
1023	2102	1.9
1023	2523	1.5
1023	2543	1.6
1023	2801	1.5
1023	3194	1.6
1023	3200	1.5
1023	3324	1.9
1023	3391	1.2
1023	4704	2.0
1023	6262	1.1
1033	55	2.8
1033	67	5.0
1033	89	1.5
1033	97	1.8
1033	155	3.4
1033	180	2.4
1033	258	2.6
1033	265	1.2
1033	288	3.8
1033	289	1.6
1033	291	2.4
1033	292	4.2
1033	294	2.9
1033	295	1.3
1033	300	3.3
1033	301	1.7
1033	302	4.1
1033	306	2.9
1033	310	3.2
1033	329	2.3
1033	333	2.7
1033	340	4.2
1033	346	2.3
1033	349	1.3
1033	466	3.3
1033	475	3.2
1033	485	2.9
1033	690	2.4
1033	691	1.0
1033	701	2.6
1033	959	2.2
1033	1042	2.1
1033	1052	1.5
1033	1379	1.8
1033	1455	2.1
1033	1463	3.2
1033	1601	1.2
1033	1805	2.4
1033	1934	3.2
1033	2024	2.0
1033	2521	1.3
1033	3491	1.4
1033	3795	1.2
1033	4767	2.2
1033	5000	1.8
1033	7340	1.4
1033	7868	1.0
1033	11452	1.6
1033	11889	2.1
1033	11890	1.1
1046	55	1.8
1046	67	1.4
1046	89	4.5
1046	257	2.2
1046	288	3.5
1046	289	3.4
1046	292	3.7
1046	295	2.7
1046	299	1.6
1046	300	3.8
1046	301	1.3
1046	302	2.4
1046	306	2.2
1046	314	1.1
1046	317	2.2
1046	325	2.0
1046	333	2.1
1046	344	2.1
1046	349	1.9
1046	352	1.8
1046	458	3.0
1046	461	5.0
1046	464	2.1
1046	466	4.4
1046	498	1.4
1046	524	3.2
1046	528	1.8
1046	531	1.5
1046	544	1.6
1046	679	4.3
1046	681	1.6
1046	686	3.3
1046	689	1.3
1046	701	3.0
1046	790	1.4
1046	793	2.4
1046	797	1.8
1046	802	1.0
1046	1037	3.2
1046	1054	1.6
1046	1452	1.0
1046	1456	1.0
1046	1458	1.4
1046	2020	1.1
1046	2084	1.0
1046	2548	1.8
1046	2984	1.4
1046	4561	1.1
1046	4562	1.5
1046	11976	1.9
1122	89	2.0
1122	288	2.1
1122	289	1.4
1122	300	2.3
1122	314	1.1
1122	318	1.1
1122	321	1.0
1122	324	1.9
1122	325	1.1
1122	333	1.8
1122	344	5.0
1122	458	2.9
1122	461	2.9
1122	464	1.8
1122	466	3.2
1122	498	2.2
1122	527	1.7
1122	528	2.0
1122	531	1.1
1122	548	1.7
1122	679	1.9
1122	680	1.2
1122	681	2.7
1122	683	1.2
1122	686	2.6
1122	687	1.7
1122	691	2.3
1122	699	2.1
1122	704	3.7
1122	779	1.1
1122	793	2.5
1122	1037	2.4
1122	1042	1.5
1122	1043	2.4
1122	1377	1.2
1122	2498	1.0
1122	2841	1.1
1122	3317	1.5
1122	4562	2.1
1122	5035	3.1
1122	5953	1.0
1122	6346	1.1
1122	8649	1.6
1122	11949	1.5
1122	12477	2.1
1122	12478	1.5
1122	12479	1.4
1122	12480	1.3
1122	12481	1.2
1122	12482	1.1
1179	65	4.6
1179	89	2.9
1179	97	2.4
1179	220	3.8
1179	228	1.1
1179	288	2.5
1179	289	4.8
1179	291	1.1
1179	292	2.1
1179	295	2.1
1179	297	1.6
1179	300	5.0
1179	306	3.9
1179	308	1.2
1179	328	3.2
1179	430	1.2
1179	439	2.4
1179	461	1.6
1179	464	3.4
1179	466	4.1
1179	498	2.3
1179	530	1.4
1179	533	4.5
1179	538	2.1
1179	545	1.0
1179	546	2.5
1179	683	1.6
1179	701	1.1
1179	704	2.0
1179	1042	4.0
1179	1241	2.8
1179	1377	1.9
1179	1449	1.7
1179	1456	1.4
1179	1509	1.8
1179	1613	1.3
1179	1681	1.3
1179	1776	2.9
1179	2080	1.1
1179	3171	1.3
1179	3462	2.0
1179	4716	1.1
1179	6528	3.1
1179	7868	1.5
1179	8155	2.7
1179	8161	1.3
1179	12964	3.3
1179	12965	1.6
1179	12966	1.5
1179	12967	1.0
1198	55	2.6
1198	89	5.0
1198	207	2.1
1198	209	1.2
1198	227	3.1
1198	288	1.2
1198	289	3.2
1198	291	2.0
1198	292	2.8
1198	298	1.3
1198	300	3.7
1198	302	2.0
1198	306	2.4
1198	324	1.5
1198	325	1.1
1198	328	1.5
1198	333	1.1
1198	375	2.7
1198	386	1.5
1198	400	1.2
1198	461	1.3
1198	464	4.3
1198	466	3.4
1198	485	1.7
1198	498	3.4
1198	523	1.1
1198	526	2.1
1198	528	2.3
1198	532	1.6
1198	544	1.7
1198	548	2.5
1198	679	3.1
1198	686	1.5
1198	689	1.2
1198	690	1.2
1198	704	4.5
1198	903	2.5
1198	1034	2.8
1198	1400	2.6
1198	2025	1.2
1198	2083	1.8
1198	2089	1.0
1198	2091	1.1
1198	2092	2.5
1198	2094	2.3
1198	2102	2.7
1198	2137	2.2
1198	2521	2.2
1198	3324	1.0
1198	3404	1.9
1278	65	1.2
1278	89	2.0
1278	161	1.0
1278	191	1.3
1278	288	4.7
1278	295	2.1
1278	300	3.8
1278	302	1.5
1278	306	3.3
1278	312	4.7
1278	318	1.3
1278	325	1.0
1278	327	1.7
1278	328	2.9
1278	332	1.1
1278	333	3.4
1278	352	2.5
1278	464	2.3
1278	466	4.2
1278	475	3.7
1278	498	4.4
1278	528	2.1
1278	531	1.7
1278	545	4.0
1278	644	1.1
1278	680	2.1
1278	701	2.8
1278	704	2.2
1278	915	1.8
1278	1009	1.2
1278	1042	2.4
1278	1057	5.0
1278	1444	2.1
1278	1449	1.4
1278	1455	3.8
1278	1456	3.2
1278	1975	2.5
1278	2084	1.2
1278	2498	1.6
1278	2990	2.7
1278	4564	1.8
1278	4768	1.8
1278	5055	3.1
1278	5530	1.7
1278	5988	1.5
1278	7268	1.3
1278	7868	1.7
1278	8761	4.0
1278	9684	1.2
1278	10987	2.9
1304	89	4.5
1304	191	1.0
1304	288	4.0
1304	289	4.4
1304	292	1.8
1304	299	1.5
1304	300	3.4
1304	302	2.3
1304	327	1.6
1304	332	1.4
1304	333	4.7
1304	342	2.4
1304	344	2.0
1304	378	1.6
1304	386	1.2
1304	458	1.4
1304	461	3.8
1304	464	1.7
1304	466	3.8
1304	469	1.4
1304	498	1.6
1304	528	2.5
1304	543	1.7
1304	646	4.8
1304	686	3.3
1304	699	1.2
1304	704	3.1
1304	790	3.0
1304	793	2.1
1304	802	2.9
1304	1428	4.6
1304	1429	2.0
1304	1430	2.3
1304	1452	1.8
1304	1458	4.4
1304	2020	4.5
1304	2082	1.7
1304	2498	1.2
1304	2548	1.0
1304	2990	1.7
1304	3073	1.6
1304	3462	1.2
1304	4562	2.4
1304	4811	5.0
1304	7340	1.0
1304	13739	3.0
1304	13740	2.5
1304	13741	2.2
1304	13742	1.6
1304	13743	1.1
1305	55	2.1
1305	67	1.0
1305	89	5.0
1305	257	1.7
1305	288	4.0
1305	289	3.2
1305	291	1.1
1305	292	3.2
1305	295	2.2
1305	298	1.5
1305	299	3.1
1305	300	3.2
1305	302	1.4
1305	306	1.6
1305	308	2.3
1305	311	1.1
1305	314	2.3
1305	317	1.2
1305	331	1.0
1305	332	1.1
1305	333	2.6
1305	349	1.7
1305	352	1.6
1305	458	1.2
1305	461	1.7
1305	464	1.2
1305	466	3.0
1305	475	1.3
1305	523	1.2
1305	524	2.4
1305	543	2.7
1305	575	1.1
1305	679	3.2
1305	686	1.7
1305	689	1.5
1305	701	2.4
1305	802	1.4
1305	903	1.2
1305	915	2.2
1305	1032	1.4
1305	1037	3.5
1305	1042	1.4
1305	1452	1.8
1305	1934	2.3
1305	1936	2.2
1305	2091	1.0
1305	2548	1.8
1305	2990	2.4
1305	3179	1.9
1305	6543	1.2
1318	67	3.7
1318	89	5.0
1318	173	1.8
1318	209	3.9
1318	227	2.4
1318	228	3.5
1318	288	1.6
1318	289	2.1
1318	292	1.1
1318	295	3.6
1318	298	2.5
1318	300	4.1
1318	306	1.1
1318	324	3.2
1318	333	1.0
1318	430	2.4
1318	464	2.3
1318	466	3.8
1318	470	2.5
1318	498	3.8
1318	526	3.4
1318	528	3.5
1318	532	1.0
1318	537	2.2
1318	542	3.6
1318	544	1.3
1318	546	3.9
1318	646	3.3
1318	679	3.2
1318	680	1.8
1318	693	3.0
1318	701	2.0
1318	714	1.5
1318	980	1.3
1318	985	1.4
1318	1047	1.2
1318	1246	2.8
1318	1481	1.7
1318	1486	3.0
1318	1760	1.6
1318	3033	1.9
1318	3205	2.6
1318	3247	1.5
1318	3741	3.2
1318	3949	1.8
1318	4385	3.8
1318	4576	1.1
1318	5926	2.3
1318	6121	1.3
1318	13838	1.2
1410	89	2.2
1410	190	1.8
1410	191	1.6
1410	217	1.2
1410	229	1.1
1410	237	1.1
1410	288	1.3
1410	289	2.2
1410	300	3.4
1410	329	3.5
1410	333	2.5
1410	344	5.0
1410	356	2.9
1410	377	1.1
1410	458	3.4
1410	461	4.5
1410	466	3.4
1410	498	1.2
1410	681	1.0
1410	683	1.4
1410	685	1.8
1410	686	1.8
1410	691	1.1
1410	793	3.3
1410	797	2.6
1410	912	2.9
1410	1042	1.3
1410	1043	1.5
1410	1447	1.4
1410	1459	3.4
1410	1602	1.2
1410	1609	1.4
1410	1696	1.7
1410	2436	1.1
1410	2439	2.0
1410	2446	1.9
1410	2982	1.4
1410	4575	1.2
1410	4923	2.4
1410	5266	3.1
1410	6217	2.0
1410	7276	1.0
1410	9271	1.5
1410	9849	1.8
1410	12918	1.3
1410	14386	2.9
1410	14387	2.1
1410	14388	1.9
1410	14389	1.9
1410	14390	1.3
1413	55	3.4
1413	67	1.5
1413	89	3.8
1413	161	3.9
1413	209	1.5
1413	288	3.8
1413	289	5.0
1413	291	2.1
1413	292	3.3
1413	295	2.1
1413	299	3.4
1413	300	4.1
1413	301	1.9
1413	302	3.6
1413	306	3.8
1413	326	1.2
1413	327	1.1
1413	328	1.6
1413	330	3.2
1413	332	1.8
1413	333	2.7
1413	344	2.0
1413	377	1.0
1413	378	1.2
1413	458	1.0
1413	461	2.2
1413	466	4.0
1413	468	2.5
1413	475	2.9
1413	484	2.3
1413	525	2.6
1413	531	1.1
1413	534	2.0
1413	543	3.4
1413	544	1.6
1413	545	2.6
1413	686	2.4
1413	701	2.7
1413	889	2.0
1413	907	1.1
1413	1037	2.0
1413	1042	1.5
1413	1243	1.3
1413	1377	1.2
1413	1452	3.5
1413	1455	1.6
1413	2598	1.3
1413	4561	1.5
1413	7727	1.3
1413	14410	1.2
1461	89	3.8
1461	155	1.2
1461	209	2.8
1461	230	1.2
1461	288	1.1
1461	289	2.8
1461	291	4.4
1461	294	2.0
1461	298	3.1
1461	300	3.9
1461	302	1.8
1461	306	1.1
1461	318	2.7
1461	325	2.6
1461	333	4.8
1461	344	3.5
1461	377	3.4
1461	378	4.1
1461	386	1.3
1461	403	1.3
1461	412	2.2
1461	458	1.8
1461	461	1.1
1461	466	3.7
1461	471	1.7
1461	475	3.1
1461	481	3.4
1461	498	2.7
1461	525	2.3
1461	540	2.1
1461	679	5.0
1461	681	2.5
1461	687	3.1
1461	690	1.3
1461	691	1.5
1461	793	2.4
1461	959	2.8
1461	966	1.6
1461	1047	2.7
1461	2176	2.8
1461	2939	1.1
1461	3033	1.4
1461	3859	1.3
1461	4559	1.4
1461	7183	1.7
1461	7431	1.4
1461	11590	3.3
1461	12967	1.0
1461	14661	1.7
1461	14662	1.3
1492	65	2.2
1492	89	4.5
1492	190	2.8
1492	288	3.8
1492	289	2.6
1492	292	2.0
1492	300	3.1
1492	306	2.7
1492	362	2.8
1492	378	2.5
1492	461	2.2
1492	466	4.0
1492	475	1.8
1492	486	4.4
1492	498	4.8
1492	525	1.7
1492	689	1.8
1492	693	1.5
1492	697	3.1
1492	968	3.1
1492	1009	1.5
1492	1056	3.6
1492	1057	2.7
1492	1379	2.7
1492	1456	2.5
1492	2081	2.8
1492	2085	2.1
1492	2521	1.1
1492	3404	1.2
1492	5038	5.0
1492	5044	1.1
1492	5057	3.1
1492	5475	2.2
1492	5847	2.8
1492	8047	1.4
1492	8761	1.4
1492	8887	1.0
1492	10047	2.0
1492	10429	1.2
1492	10684	1.7
1492	10992	1.4
1492	14898	2.8
1492	14899	1.9
1492	14900	1.6
1492	14901	1.6
1492	14902	1.5
1492	14903	1.4
1492	14904	1.3
1492	14905	1.2
1492	14906	1.2
1511	67	1.7
1511	89	2.6
1511	190	1.8
1511	257	1.1
1511	288	2.9
1511	289	3.8
1511	291	2.2
1511	292	5.0
1511	295	2.3
1511	298	2.2
1511	299	1.0
1511	300	4.7
1511	302	3.1
1511	304	1.6
1511	306	1.5
1511	333	3.6
1511	340	1.4
1511	344	3.1
1511	349	3.6
1511	378	2.8
1511	386	2.5
1511	456	2.5
1511	461	1.9
1511	464	3.1
1511	466	3.0
1511	475	1.4
1511	486	1.5
1511	498	4.6
1511	523	1.8
1511	528	2.9
1511	538	1.1
1511	540	2.1
1511	542	3.6
1511	543	3.4
1511	544	1.0
1511	646	2.1
1511	679	3.3
1511	714	1.0
1511	797	1.2
1511	802	2.5
1511	1032	1.6
1511	1037	1.8
1511	1246	1.6
1511	1452	1.2
1511	1459	3.8
1511	2392	1.3
1511	2977	2.1
1511	3179	1.0
1511	4292	1.4
1511	11252	2.3
1528	55	3.3
1528	67	1.9
1528	89	3.1
1528	161	2.0
1528	207	1.0
1528	288	3.7
1528	289	4.6
1528	292	4.8
1528	295	4.0
1528	299	2.3
1528	300	3.4
1528	306	2.8
1528	314	4.4
1528	317	2.7
1528	318	1.3
1528	327	1.7
1528	332	2.0
1528	333	2.1
1528	349	4.1
1528	461	2.2
1528	466	3.9
1528	468	2.5
1528	485	1.2
1528	524	2.1
1528	528	2.2
1528	531	1.0
1528	542	1.7
1528	543	5.0
1528	544	2.4
1528	646	1.5
1528	686	1.9
1528	701	3.8
1528	790	1.7
1528	797	2.3
1528	802	3.1
1528	903	1.4
1528	1032	1.5
1528	1034	2.0
1528	1243	2.0
1528	1429	1.1
1528	1451	2.5
1528	1452	2.3
1528	1456	1.7
1528	2094	1.2
1528	2521	2.6
1528	2543	2.1
1528	2548	4.0
1528	2990	1.0
1528	11252	2.3
1528	15196	1.3
1568	89	5.0
1568	161	1.9
1568	209	1.0
1568	227	2.3
1568	230	3.0
1568	288	2.8
1568	289	2.8
1568	292	2.3
1568	295	3.6
1568	300	3.3
1568	306	1.9
1568	325	1.2
1568	333	2.2
1568	378	1.0
1568	458	3.3
1568	461	2.0
1568	466	3.6
1568	470	2.7
1568	486	2.6
1568	498	2.1
1568	542	1.8
1568	646	1.8
1568	701	1.2
1568	704	2.4
1568	1032	2.2
1568	1034	1.9
1568	1037	1.1
1568	1039	1.3
1568	1043	1.5
1568	1045	1.5
1568	1430	1.2
1568	1475	2.8
1568	2025	3.2
1568	2080	1.7
1568	2984	1.3
1568	3373	1.0
1568	3378	2.9
1568	4309	1.7
1568	4350	1.0
1568	4471	1.2
1568	4474	2.4
1568	5314	1.6
1568	5749	4.4
1568	5750	1.2
1568	7088	2.6
1568	7091	1.5
1568	7706	1.6
1568	15355	1.9
1568	15356	1.3
1568	15357	1.1
1632	89	4.2
1632	161	4.8
1632	265	1.7
1632	288	3.8
1632	289	2.9
1632	290	2.7
1632	300	3.4
1632	304	3.5
1632	306	1.9
1632	308	1.2
1632	325	1.6
1632	327	2.5
1632	328	1.3
1632	333	1.2
1632	386	1.6
1632	388	3.0
1632	455	1.7
1632	458	5.0
1632	461	4.3
1632	466	3.4
1632	468	1.1
1632	531	1.1
1632	543	2.2
1632	802	3.4
1632	1042	3.6
1632	1045	3.6
1632	1429	2.7
1632	1455	1.1
1632	1659	3.2
1632	2080	3.2
1632	2545	1.5
1632	2548	2.0
1632	2939	4.3
1632	3378	2.0
1632	4474	2.1
1632	4562	4.2
1632	4811	1.0
1632	4850	2.3
1632	5749	1.8
1632	5988	2.1
1632	6308	2.2
1632	9165	2.2
1632	9169	3.7
1632	11249	1.1
1632	11890	2.4
1632	15737	2.0
1632	15738	1.9
1632	15739	1.7
1632	15740	1.6
1632	15741	1.1
1687	89	3.3
1687	161	1.2
1687	288	5.0
1687	289	2.2
1687	292	3.4
1687	295	1.4
1687	300	4.0
1687	302	2.0
1687	306	2.2
1687	328	1.9
1687	331	2.0
1687	333	1.4
1687	344	1.6
1687	349	1.7
1687	355	1.2
1687	438	1.7
1687	439	1.6
1687	458	1.3
1687	461	2.0
1687	464	2.1
1687	466	3.8
1687	475	2.8
1687	498	1.8
1687	528	2.6
1687	531	1.3
1687	540	1.4
1687	544	1.0
1687	546	2.3
1687	680	1.4
1687	689	1.4
1687	701	1.8
1687	907	2.0
1687	1032	1.9
1687	1246	1.7
1687	1441	1.0
1687	1452	1.7
1687	1455	1.9
1687	1456	1.1
1687	1613	1.4
1687	1681	1.0
1687	1934	1.6
1687	3378	2.1
1687	3392	1.3
1687	4466	1.1
1687	4474	1.5
1687	4512	1.2
1687	5685	1.1
1687	6121	2.0
1687	6483	1.6
1687	11326	1.1
1690	55	4.4
1690	58	2.6
1690	67	3.1
1690	89	4.6
1690	227	1.4
1690	288	1.9
1690	289	3.7
1690	291	1.2
1690	292	2.3
1690	298	3.7
1690	300	3.5
1690	323	2.4
1690	333	2.5
1690	344	1.3
1690	352	2.7
1690	430	3.9
1690	437	1.4
1690	461	1.4
1690	466	3.2
1690	498	1.6
1690	525	2.5
1690	526	2.3
1690	528	1.6
1690	530	1.6
1690	532	3.2
1690	535	1.0
1690	546	3.1
1690	548	1.3
1690	679	2.8
1690	689	3.1
1690	690	2.1
1690	691	1.7
1690	703	2.4
1690	886	1.5
1690	906	1.3
1690	980	2.5
1690	1243	1.6
1690	1400	1.1
1690	1781	1.9
1690	1934	1.8
1690	2521	2.1
1690	3057	2.2
1690	3198	1.1
1690	3288	2.0
1690	4704	3.8
1690	5533	1.0
1690	8589	2.3
1690	9737	5.0
1690	12105	2.8
1690	16061	1.0
1788	89	4.1
1788	288	3.5
1788	289	5.0
1788	291	2.9
1788	292	1.7
1788	293	1.6
1788	295	2.0
1788	299	1.5
1788	300	3.7
1788	306	2.3
1788	318	2.6
1788	325	2.4
1788	333	3.0
1788	344	2.4
1788	349	1.3
1788	458	2.5
1788	461	3.9
1788	464	1.6
1788	466	3.1
1788	481	1.1
1788	486	1.4
1788	498	2.0
1788	523	2.4
1788	528	1.6
1788	544	2.9
1788	646	3.1
1788	679	4.7
1788	680	1.7
1788	681	2.3
1788	686	1.8
1788	701	2.9
1788	704	1.3
1788	790	1.2
1788	802	3.1
1788	972	2.7
1788	1043	1.5
1788	1045	1.0
1788	1047	2.2
1788	1428	1.5
1788	1453	1.3
1788	1934	1.4
1788	2020	2.1
1788	2080	1.8
1788	2548	1.7
1788	2801	1.7
1788	4350	1.7
1788	4474	1.2
1788	4870	1.8
1788	5749	2.8
1788	5752	2.4
1820	55	1.7
1820	67	1.4
1820	89	3.1
1820	157	2.7
1820	161	1.5
1820	227	2.1
1820	234	1.0
1820	257	1.3
1820	288	2.9
1820	289	5.0
1820	291	1.8
1820	292	3.3
1820	295	2.0
1820	298	1.7
1820	299	1.6
1820	300	3.4
1820	302	2.3
1820	306	3.0
1820	316	1.6
1820	324	1.3
1820	327	2.3
1820	328	2.0
1820	329	1.1
1820	333	3.8
1820	342	1.3
1820	344	1.1
1820	352	2.2
1820	458	1.0
1820	461	1.5
1820	466	3.1
1820	468	2.0
1820	475	1.8
1820	526	2.1
1820	528	1.1
1820	531	2.6
1820	544	1.2
1820	545	1.3
1820	674	2.3
1820	679	2.6
1820	691	1.6
1820	701	2.4
1820	706	1.7
1820	903	1.7
1820	1042	2.3
1820	1244	2.0
1820	1249	3.0
1820	1456	1.0
1820	2346	1.8
1820	3397	2.2
1820	3713	1.9
1959	55	1.9
1959	89	5.0
1959	161	3.0
1959	209	2.9
1959	288	2.9
1959	289	3.3
1959	292	3.4
1959	295	2.5
1959	300	3.0
1959	302	2.3
1959	304	1.3
1959	306	1.3
1959	321	2.1
1959	325	2.0
1959	333	2.1
1959	344	2.4
1959	458	4.2
1959	464	3.2
1959	466	3.8
1959	471	1.6
1959	498	1.5
1959	524	3.0
1959	526	2.8
1959	541	2.1
1959	544	1.6
1959	646	3.0
1959	679	4.0
1959	680	1.0
1959	681	3.8
1959	686	1.3
1959	689	3.2
1959	692	2.3
1959	704	2.6
1959	903	2.3
1959	1037	1.6
1959	1042	1.6
1959	1045	1.1
1959	1047	2.2
1959	1054	2.7
1959	1243	4.0
1959	1429	1.2
1959	1475	1.2
1959	1698	1.7
1959	2801	2.2
1959	3200	2.4
1959	7434	2.3
1959	8360	2.4
1959	13743	1.9
1959	17891	2.3
1959	17892	1.0
1963	67	2.1
1963	89	3.8
1963	97	1.1
1963	257	1.9
1963	265	2.0
1963	288	2.2
1963	289	3.5
1963	290	2.7
1963	291	3.6
1963	292	1.8
1963	294	3.1
1963	295	2.9
1963	296	1.8
1963	298	1.9
1963	300	3.2
1963	302	1.5
1963	323	3.8
1963	344	5.0
1963	349	1.2
1963	352	1.4
1963	386	1.6
1963	389	1.7
1963	412	1.2
1963	461	4.2
1963	466	3.3
1963	525	1.4
1963	528	2.2
1963	532	1.9
1963	679	1.5
1963	680	1.4
1963	681	3.0
1963	686	2.6
1963	793	2.4
1963	892	2.4
1963	907	1.0
1963	959	1.2
1963	1121	3.0
1963	1459	3.2
1963	1464	1.2
1963	1694	2.8
1963	1705	3.2
1963	2446	2.7
1963	2626	1.2
1963	3763	1.2
1963	4917	2.7
1963	4918	1.0
1963	4923	2.8
1963	7777	2.1
1963	8422	1.0
1963	17911	1.2
2021	55	3.0
2021	89	4.9
2021	257	1.8
2021	288	5.0
2021	289	4.6
2021	290	1.3
2021	291	1.8
2021	292	2.6
2021	294	1.1
2021	295	2.5
2021	296	2.3
2021	299	2.7
2021	300	5.0
2021	302	1.0
2021	306	1.7
2021	310	1.4
2021	323	2.8
2021	325	1.1
2021	326	1.3
2021	328	2.5
2021	333	3.0
2021	344	3.4
2021	352	2.0
2021	386	1.0
2021	458	1.7
2021	461	3.3
2021	464	1.2
2021	466	4.6
2021	523	1.9
2021	528	1.4
2021	548	2.6
2021	644	2.2
2021	679	4.4
2021	680	1.4
2021	681	1.4
2021	686	3.1
2021	691	1.8
2021	701	3.5
2021	790	1.1
2021	907	1.3
2021	915	1.4
2021	1032	2.1
2021	1450	1.0
2021	1451	1.4
2021	1459	1.9
2021	2020	1.0
2021	3319	1.7
2021	3404	1.8
2021	7781	1.8
2021	18270	1.7
