userID	artistID	rating
48	55	1.5
48	67	5.0
48	89	2.5
48	157	2.2
48	176	1.9
48	180	3.3
48	220	2.9
48	227	1.6
48	230	1.7
48	246	1.7
48	258	1.3
48	265	1.6
48	283	2.6
48	288	1.5
48	289	1.8
48	295	1.2
48	299	1.6
48	300	2.0
48	340	3.2
48	378	2.4
48	475	1.0
48	511	3.2
48	533	1.6
48	575	2.1
48	679	1.1
48	701	1.5
48	733	1.7
48	889	2.9
48	945	2.3
48	951	2.4
48	959	1.5
48	972	1.3
48	1421	1.2
48	1464	4.3
48	1465	4.3
48	1466	3.2
48	1467	2.9
48	1468	2.4
48	1469	2.3
48	1470	2.2
48	1471	2.0
48	1472	2.0
48	1473	2.0
48	1474	1.9
48	1475	1.7
48	1476	1.7
48	1477	1.5
48	1478	1.3
48	1479	1.2
48	1480	1.2
68	65	2.3
68	67	3.4
68	89	3.7
68	239	1.4
68	257	3.4
68	283	1.4
68	285	1.8
68	288	3.3
68	289	3.3
68	290	2.1
68	292	1.8
68	294	2.9
68	295	5.0
68	299	2.5
68	300	2.1
68	301	1.6
68	302	1.9
68	306	2.5
68	308	2.1
68	314	1.4
68	317	1.0
68	320	1.1
68	322	2.1
68	327	1.7
68	328	1.5
68	329	1.6
68	330	2.0
68	332	1.0
68	349	2.9
68	366	2.7
68	465	1.3
68	466	1.6
68	468	1.5
68	484	1.2
68	527	1.9
68	531	1.5
68	543	2.4
68	701	1.8
68	913	1.9
68	1032	2.8
68	1379	1.3
68	1934	2.5
68	1935	2.3
68	1936	2.3
68	1937	2.1
68	1938	2.0
68	1939	1.7
68	1940	1.7
68	1941	1.1
68	1942	1.0
87	67	4.6
87	161	1.6
87	257	1.6
87	265	2.2
87	285	4.1
87	288	1.1
87	289	4.4
87	292	5.0
87	294	3.8
87	295	4.9
87	300	3.2
87	301	2.8
87	302	3.6
87	305	1.0
87	310	4.2
87	318	2.8
87	320	2.6
87	329	4.2
87	332	3.1
87	340	1.2
87	349	1.5
87	456	1.6
87	457	1.0
87	458	1.2
87	465	3.4
87	466	2.1
87	476	1.2
87	484	1.1
87	525	4.0
87	535	3.4
87	641	2.7
87	686	2.0
87	788	2.0
87	792	2.8
87	889	3.4
87	913	2.7
87	1441	2.4
87	1449	1.3
87	1936	1.6
87	1937	2.0
87	2019	1.0
87	2023	1.2
87	2390	3.7
87	2391	3.3
87	2392	3.2
87	2393	2.2
87	2394	2.1
87	2395	1.7
87	2396	1.3
87	2397	1.1
130	55	2.9
130	67	3.2
130	71	3.0
130	89	3.4
130	157	1.4
130	161	1.8
130	241	1.0
130	251	1.3
130	257	4.1
130	265	1.9
130	285	2.2
130	288	3.7
130	289	5.0
130	290	1.3
130	292	2.9
130	293	3.6
130	294	1.9
130	295	3.8
130	298	2.3
130	299	1.8
130	300	1.4
130	311	1.1
130	326	1.3
130	333	2.0
130	344	1.5
130	349	1.7
130	362	3.7
130	378	2.5
130	389	3.0
130	461	2.8
130	465	2.5
130	523	2.7
130	525	1.5
130	532	2.4
130	535	1.8
130	680	1.1
130	701	1.9
130	906	1.3
130	961	1.2
130	972	3.5
130	1034	2.5
130	1441	1.5
130	1450	1.8
130	1463	3.5
130	1580	2.3
130	2094	2.2
130	2548	1.9
130	3127	2.5
130	3128	2.3
130	3129	2.1
214	55	2.4
214	67	4.8
214	89	2.0
214	157	5.0
214	227	2.2
214	285	2.9
214	288	2.3
214	289	3.3
214	292	2.5
214	295	2.4
214	298	1.9
214	300	1.6
214	302	1.4
214	306	1.4
214	329	2.2
214	331	1.8
214	340	1.2
214	349	1.7
214	461	1.5
214	466	1.7
214	484	1.2
214	498	1.5
214	544	2.3
214	578	1.3
214	601	3.0
214	646	1.8
214	701	1.7
214	704	3.1
214	706	3.0
214	889	2.2
214	903	1.5
214	951	1.2
214	959	1.3
214	966	1.9
214	1244	1.6
214	1369	1.1
214	1412	1.4
214	1467	2.5
214	1807	2.7
214	1825	2.3
214	2020	1.2
214	2179	1.7
214	2788	2.2
214	3313	2.3
214	3743	1.2
214	4348	1.5
214	4349	1.2
214	4350	1.2
214	4351	1.1
214	4352	1.0
256	55	2.3
256	67	3.3
256	89	3.4
256	184	1.4
256	204	2.8
256	246	1.9
256	256	1.9
256	257	2.0
256	261	1.0
256	270	2.0
256	283	3.5
256	288	3.1
256	289	4.7
256	291	1.9
256	292	3.4
256	295	2.9
256	300	2.2
256	301	1.4
256	302	2.0
256	306	2.0
256	311	1.3
256	320	1.2
256	328	1.1
256	329	1.6
256	333	1.4
256	349	2.7
256	352	1.1
256	439	2.0
256	465	1.3
256	466	2.5
256	476	1.3
256	701	1.6
256	708	1.6
256	1241	1.4
256	1771	1.9
256	2082	1.1
256	2548	5.0
256	2984	1.5
256	2988	1.3
256	3173	1.1
256	3376	1.2
256	3396	2.5
256	4561	1.0
256	4818	1.3
256	4819	1.4
256	4866	2.3
256	4867	2.1
256	4868	2.0
256	4869	1.1
256	4870	1.0
278	55	2.8
278	67	3.5
278	89	1.6
278	157	2.9
278	167	1.9
278	257	2.4
278	289	5.0
278	291	2.8
278	292	3.4
278	293	2.6
278	298	1.8
278	300	1.2
278	306	1.3
278	316	1.1
278	318	1.9
278	329	1.8
278	331	1.3
278	333	2.6
278	377	1.3
278	378	1.2
278	386	3.2
278	461	1.0
278	466	1.3
278	468	2.5
278	475	1.7
278	481	1.8
278	498	1.6
278	523	1.3
278	544	1.9
278	679	3.1
278	701	1.2
278	789	1.1
278	951	2.1
278	966	1.7
278	970	2.0
278	972	1.0
278	1243	1.5
278	1450	1.5
278	1459	2.7
278	1556	1.5
278	1580	1.7
278	3795	1.8
278	4560	2.1
278	4704	1.5
278	5119	1.9
278	5120	1.6
278	5121	1.4
278	5122	1.3
278	5123	1.1
278	5124	1.1
301	67	3.3
301	89	4.2
301	97	1.7
301	173	5.0
301	228	1.7
301	283	2.6
301	288	2.8
301	289	4.2
301	292	2.4
301	295	2.7
301	298	3.7
301	300	1.3
301	302	3.1
301	316	3.4
301	333	3.8
301	430	1.1
301	461	2.8
301	498	3.1
301	523	3.6
301	525	1.5
301	539	3.2
301	599	2.8
301	646	1.3
301	704	2.8
301	705	1.7
301	706	2.8
301	735	4.9
301	739	1.5
301	802	1.7
301	898	1.6
301	903	2.5
301	959	1.1
301	982	2.6
301	985	2.3
301	1246	1.4
301	1249	4.5
301	1400	1.3
301	1464	1.9
301	1767	4.7
301	1775	2.9
301	1803	1.0
301	1934	2.4
301	1988	1.7
301	2184	1.2
301	2343	3.7
301	2346	3.3
301	2988	1.7
301	3200	2.7
301	3741	1.4
301	5458	1.3
333	55	1.4
333	67	3.7
333	97	1.1
333	191	1.1
333	265	2.0
333	288	2.1
333	289	5.0
333	290	1.0
333	291	1.5
333	292	2.8
333	295	2.1
333	298	1.0
333	299	1.9
333	300	1.7
333	302	1.8
333	306	1.6
333	318	1.9
333	320	1.1
333	324	1.1
333	329	1.4
333	333	2.6
333	349	2.0
333	377	1.3
333	386	1.2
333	455	1.3
333	459	1.4
333	466	1.4
333	481	1.1
333	523	4.0
333	679	1.5
333	701	1.8
333	907	1.0
333	1475	1.1
333	1580	2.6
333	2523	1.9
333	3332	2.1
333	3796	1.6
333	4350	2.0
333	4463	1.3
333	5771	2.3
333	5772	2.1
333	5773	1.5
333	5774	1.3
333	5775	1.3
333	5776	1.1
333	5777	1.1
333	5778	1.1
333	5779	1.1
333	5780	1.0
333	5781	1.0
380	67	3.1
380	89	3.1
380	161	1.4
380	241	1.0
380	257	1.1
380	285	2.9
380	288	3.3
380	289	5.0
380	291	1.4
380	292	2.7
380	294	1.7
380	295	2.9
380	296	2.2
380	299	2.9
380	308	2.1
380	314	1.6
380	317	1.6
380	318	2.7
380	320	1.1
380	323	1.7
380	325	2.0
380	326	1.5
380	332	1.2
380	349	2.3
380	352	1.2
380	456	2.4
380	465	2.9
380	466	2.4
380	476	1.6
380	523	1.5
380	525	1.9
380	543	1.4
380	908	2.0
380	913	1.7
380	915	1.4
380	1052	2.8
380	1596	1.4
380	1601	2.3
380	1602	1.3
380	1937	1.3
380	2094	1.9
380	2990	1.9
380	4883	2.5
380	6308	2.2
380	6309	1.4
380	6310	1.3
380	6311	1.3
380	6312	1.2
380	6313	1.1
380	6314	1.1
387	67	3.3
387	157	2.9
387	173	2.6
387	204	1.1
387	227	3.3
387	241	3.2
387	251	1.3
387	262	1.6
387	266	1.6
387	279	5.0
387	287	1.9
387	288	1.3
387	301	1.3
387	302	1.3
387	316	3.0
387	430	2.2
387	437	1.2
387	548	1.2
387	907	3.3
387	1155	1.1
387	1409	1.3
387	1595	2.1
387	1613	1.2
387	1620	1.9
387	2083	2.5
387	2220	1.7
387	2226	1.5
387	2521	3.5
387	4732	1.0
387	4883	2.5
387	5048	3.7
387	5186	1.7
387	5789	1.0
387	6373	4.9
387	6374	3.7
387	6375	3.5
387	6376	3.2
387	6377	2.2
387	6378	1.9
387	6379	1.7
387	6380	1.6
387	6381	1.6
387	6382	1.4
387	6383	1.4
387	6384	1.4
387	6385	1.3
387	6386	1.2
387	6387	1.1
387	6388	1.1
387	6389	1.0
413	55	1.8
413	65	2.2
413	67	5.0
413	69	1.6
413	88	1.4
413	157	1.0
413	190	1.4
413	203	1.7
413	220	2.2
413	229	1.8
413	230	2.7
413	288	1.5
413	291	2.5
413	292	3.1
413	295	3.6
413	298	2.4
413	301	2.2
413	302	3.4
413	304	2.4
413	306	1.1
413	310	1.9
413	311	1.8
413	316	1.2
413	329	1.1
413	331	1.4
413	344	3.1
413	377	1.2
413	461	1.1
413	466	1.9
413	525	2.0
413	526	1.7
413	547	1.1
413	641	1.6
413	679	1.9
413	689	1.0
413	701	3.5
413	735	1.8
413	900	1.2
413	903	2.0
413	913	2.0
413	1447	1.3
413	1455	1.2
413	1458	1.6
413	1613	1.4
413	1936	1.2
413	2080	2.0
413	3460	1.5
413	3708	1.2
413	6645	1.4
413	6646	1.2
420	55	1.6
420	63	1.8
420	67	3.0
420	97	1.3
420	161	3.1
420	171	2.0
420	180	2.6
420	257	2.0
420	333	1.6
420	340	2.1
420	457	2.1
420	641	1.2
420	792	3.6
420	889	5.0
420	1015	1.2
420	1047	1.3
420	1464	3.0
420	3067	1.5
420	3920	1.0
420	4880	4.3
420	4981	1.2
420	6247	2.0
420	6640	1.6
420	6696	4.1
420	6697	3.6
420	6698	3.2
420	6699	3.1
420	6700	3.1
420	6701	3.0
420	6702	2.9
420	6703	2.9
420	6704	2.8
420	6705	2.8
420	6706	2.3
420	6707	2.3
420	6708	2.0
420	6709	1.8
420	6710	1.8
420	6711	1.7
420	6712	1.5
420	6713	1.5
420	6714	1.5
420	6715	1.4
420	6716	1.4
420	6717	1.2
420	6718	1.2
420	6719	1.2
420	6720	1.2
420	6721	1.1
420	6722	1.0
470	55	3.0
470	67	4.5
470	89	3.5
470	157	1.6
470	180	1.5
470	227	1.7
470	253	1.3
470	257	1.0
470	288	3.2
470	289	5.0
470	290	1.5
470	291	1.3
470	292	4.3
470	293	2.0
470	295	3.1
470	298	1.5
470	300	2.8
470	302	1.0
470	306	2.5
470	310	2.1
470	318	1.7
470	320	1.9
470	325	2.6
470	329	1.1
470	333	2.7
470	342	1.6
470	344	2.9
470	352	1.3
470	461	2.6
470	466	1.9
470	523	1.1
470	525	1.8
470	526	1.6
470	528	2.0
470	544	1.9
470	646	1.1
470	686	2.5
470	701	1.8
470	704	1.6
470	802	1.5
470	889	2.7
470	903	1.9
470	908	2.2
470	959	1.0
470	1459	2.4
470	1464	1.6
470	1580	1.5
470	2031	1.5
470	3302	1.1
470	3397	1.3
482	56	2.0
482	67	3.3
482	89	3.9
482	157	1.4
482	173	4.5
482	182	1.0
482	190	1.5
482	225	2.7
482	227	2.5
482	228	2.2
482	229	3.1
482	295	1.1
482	300	3.3
482	306	1.2
482	378	2.0
482	412	2.2
482	439	1.8
482	486	2.9
482	498	2.5
482	526	2.7
482	615	5.0
482	679	1.3
482	689	1.5
482	716	1.0
482	1104	2.2
482	1106	3.2
482	1126	1.5
482	1242	1.3
482	1243	1.0
482	1246	1.5
482	1377	2.1
482	1390	1.3
482	1400	1.0
482	1406	1.9
482	1416	2.8
482	1464	1.9
482	1492	1.1
482	1771	2.0
482	1782	1.0
482	2176	3.4
482	2607	1.6
482	2632	1.2
482	2638	2.3
482	3186	1.1
482	7324	2.5
482	7351	3.1
482	7352	2.4
482	7353	2.4
482	7354	1.5
482	7355	1.3
498	55	1.8
498	67	3.2
498	71	1.4
498	77	2.5
498	89	2.5
498	157	2.4
498	180	2.3
498	184	1.5
498	239	2.0
498	241	1.0
498	251	2.8
498	257	5.0
498	262	2.2
498	279	2.0
498	285	2.1
498	288	3.1
498	289	3.6
498	291	2.8
498	292	2.8
498	294	1.2
498	295	3.6
498	299	2.7
498	300	2.0
498	301	2.8
498	302	1.5
498	306	2.5
498	310	2.3
498	311	1.8
498	314	1.6
498	317	1.1
498	328	1.0
498	329	2.0
498	330	1.0
498	331	2.6
498	332	1.6
498	349	2.3
498	378	1.3
498	468	1.4
498	472	1.6
498	484	1.6
498	485	1.5
498	525	2.1
498	701	1.2
498	907	1.9
498	913	2.3
498	1052	1.0
498	2220	1.3
498	2222	1.0
498	3749	1.3
498	7462	1.7
558	7	2.3
558	67	5.0
558	157	2.4
558	251	1.2
558	340	2.7
558	535	1.5
558	701	1.7
558	889	2.3
558	2789	2.2
558	3304	1.2
558	8051	1.5
558	8052	1.0
581	7	1.4
581	55	2.4
581	67	3.9
581	86	4.2
581	89	1.3
581	157	3.0
581	161	1.9
581	220	2.8
581	251	2.2
581	257	1.5
581	265	4.5
581	288	1.2
581	289	1.2
581	292	1.1
581	294	3.0
581	295	3.0
581	299	1.4
581	310	1.1
581	333	3.1
581	637	1.2
581	889	3.5
581	917	1.5
581	954	2.5
581	961	3.1
581	1130	2.7
581	1274	1.7
581	1406	1.1
581	1979	1.1
581	2179	3.2
581	3227	2.9
581	3500	1.3
581	3501	5.0
581	3674	1.9
581	3940	3.7
581	4126	3.4
581	4917	3.2
581	6429	1.1
581	7232	1.0
581	7241	3.2
581	8281	3.7
581	8282	3.6
581	8283	3.5
581	8284	3.0
581	8285	3.0
581	8286	2.5
581	8287	1.6
581	8288	1.4
581	8289	1.4
581	8290	1.2
581	8291	1.1
604	55	1.6
604	67	5.0
604	71	1.7
604	89	2.7
604	155	2.1
604	257	1.6
604	265	2.3
604	288	2.4
604	289	3.0
604	291	1.3
604	292	1.8
604	293	1.4
604	295	1.5
604	296	1.5
604	299	4.2
604	300	1.4
604	301	1.6
604	302	2.0
604	306	1.7
604	310	2.8
604	311	1.8
604	316	1.0
604	333	3.2
604	349	1.6
604	360	2.6
604	378	4.2
604	389	2.3
604	518	1.8
604	525	2.7
604	534	1.3
604	592	1.7
604	701	2.2
604	722	1.4
604	891	2.0
604	907	2.0
604	913	2.0
604	930	3.4
604	959	2.3
604	1729	1.3
604	2220	1.8
604	2523	2.4
604	4883	1.8
604	4920	2.8
604	5767	1.1
604	5768	1.0
604	7148	1.7
604	8495	1.5
604	8496	1.5
604	8497	1.3
604	8498	1.0
632	55	2.7
632	67	3.4
632	89	3.5
632	207	1.6
632	257	1.6
632	285	1.3
632	288	2.6
632	289	5.0
632	291	3.0
632	292	3.7
632	293	3.2
632	294	1.3
632	295	3.3
632	296	1.5
632	298	2.5
632	299	1.3
632	300	1.5
632	302	2.5
632	306	2.6
632	310	1.0
632	311	1.5
632	318	2.4
632	325	1.2
632	326	1.0
632	333	1.9
632	344	2.2
632	349	1.7
632	352	1.3
632	461	1.5
632	466	4.3
632	498	2.3
632	525	1.5
632	536	2.3
632	538	2.5
632	680	1.1
632	681	1.3
632	701	2.0
632	903	1.7
632	913	1.7
632	972	2.2
632	980	1.6
632	1451	1.1
632	1684	1.6
632	2018	1.2
632	2083	1.6
632	2521	2.2
632	3057	1.6
632	3200	1.0
632	3501	1.2
632	5934	1.0
684	67	3.2
684	161	1.8
684	257	2.2
684	288	4.6
684	289	5.0
684	290	1.1
684	291	1.6
684	292	4.1
684	294	1.9
684	295	3.8
684	296	2.0
684	299	2.8
684	300	3.5
684	301	1.4
684	302	2.5
684	306	1.7
684	309	1.0
684	318	1.9
684	323	2.1
684	325	1.7
684	327	1.3
684	328	1.5
684	331	1.1
684	332	1.4
684	333	2.7
684	344	2.6
684	349	2.3
684	352	2.2
684	461	3.3
684	466	2.8
684	468	1.6
684	475	1.8
684	498	1.3
684	523	2.9
684	525	1.0
684	543	2.3
684	544	1.4
684	686	1.0
684	701	1.5
684	704	1.0
684	972	1.9
684	1032	1.2
684	1037	2.8
684	1451	3.0
684	2020	1.9
684	3397	1.3
684	4814	1.4
684	9257	2.0
684	9258	1.9
684	9259	1.8
689	55	2.9
689	67	3.4
689	89	5.0
689	161	1.6
689	180	2.8
689	288	2.4
689	289	3.7
689	292	2.4
689	295	1.4
689	299	1.7
689	300	2.4
689	304	1.9
689	306	2.7
689	311	1.4
689	317	1.8
689	325	1.4
689	326	2.0
689	328	1.9
689	333	4.2
689	344	3.5
689	352	3.0
689	461	2.5
689	466	3.1
689	486	1.4
689	531	1.4
689	542	2.1
689	543	2.3
689	544	2.5
689	679	3.9
689	701	1.9
689	982	2.0
689	1452	1.1
689	1456	3.1
689	1795	2.2
689	2046	1.0
689	2067	1.1
689	2082	1.5
689	2548	3.0
689	3311	1.4
689	3393	2.1
689	3741	1.5
689	4912	2.0
689	5988	1.8
689	7864	1.2
689	9278	3.0
689	9279	1.8
689	9280	1.5
689	9281	1.4
689	9282	1.1
689	9283	1.1
730	55	1.2
730	67	4.5
730	72	1.2
730	86	2.8
730	89	3.7
730	154	3.2
730	163	1.3
730	185	2.7
730	190	1.3
730	209	3.4
730	227	4.9
730	230	1.4
730	258	1.1
730	288	2.5
730	289	3.9
730	292	3.9
730	295	2.5
730	300	1.3
730	310	1.1
730	314	2.1
730	333	2.5
730	340	1.0
730	344	2.7
730	352	1.0
730	357	2.4
730	461	3.8
730	466	2.2
730	498	2.8
730	511	2.5
730	562	2.1
730	563	1.0
730	704	2.7
730	735	5.0
730	868	1.3
730	874	2.8
730	903	1.1
730	1104	1.8
730	1122	1.1
730	1412	2.3
730	1414	2.0
730	1415	1.4
730	1464	1.2
730	1793	2.4
730	2444	2.0
730	2526	2.2
730	3067	1.5
730	4123	1.7
730	7792	1.0
730	9646	2.1
730	9647	1.1
749	55	1.5
749	65	1.7
749	67	3.3
749	89	2.9
749	191	2.6
749	207	1.0
749	227	1.6
749	229	3.6
749	257	2.6
749	262	1.0
749	288	2.0
749	289	4.3
749	291	1.6
749	292	4.6
749	294	2.2
749	295	2.9
749	298	2.1
749	300	2.7
749	301	1.6
749	306	1.5
749	320	1.7
749	324	1.9
749	325	2.2
749	333	1.4
749	344	2.1
749	349	2.6
749	352	2.3
749	375	1.1
749	461	5.0
749	466	2.1
749	498	1.0
749	523	1.7
749	528	2.3
749	679	3.7
749	688	1.3
749	691	2.0
749	915	1.5
749	961	1.6
749	1243	2.0
749	1246	1.0
749	1377	1.3
749	1459	2.1
749	1602	3.0
749	2025	1.4
749	2544	1.5
749	2584	1.4
749	2977	3.0
749	3128	1.9
749	3397	2.9
749	3488	1.2
779	67	3.6
779	72	4.7
779	89	1.6
779	157	1.7
779	159	1.0
779	163	2.4
779	187	2.7
779	289	3.5
779	475	2.9
779	511	2.8
779	518	1.3
779	539	1.0
779	706	1.1
779	711	1.0
779	722	2.0
779	877	1.8
779	917	2.2
779	919	2.7
779	930	2.2
779	957	1.3
779	959	1.0
779	1415	1.7
779	1463	1.1
779	1596	1.5
779	1704	5.0
779	1793	1.7
779	1900	2.0
779	2500	1.8
779	2514	1.0
779	2533	1.3
779	3719	1.5
779	4258	1.6
779	4871	1.1
779	4912	1.1
779	5254	1.1
779	6200	3.8
779	6626	2.8
779	6748	2.1
779	7414	2.5
779	7415	1.9
779	9978	2.7
779	9979	2.2
779	9980	2.1
779	9981	2.0
779	9982	1.7
779	9983	1.5
779	9984	1.5
779	9985	1.5
779	9986	1.4
779	9987	1.0
793	55	2.8
793	65	2.1
793	67	5.0
793	89	3.1
793	155	1.4
793	157	1.0
793	190	2.1
793	198	1.8
793	207	1.5
793	228	1.1
793	229	1.8
793	265	1.3
793	285	1.3
793	288	2.4
793	289	3.9
793	292	3.0
793	295	2.2
793	296	1.3
793	300	1.2
793	306	2.5
793	310	2.1
793	328	1.4
793	329	1.2
793	349	1.8
793	466	1.6
793	526	1.7
793	532	1.4
793	534	1.4
793	535	2.1
793	538	1.9
793	544	1.1
793	679	2.3
793	886	2.0
793	907	1.2
793	959	1.0
793	1109	1.1
793	1409	1.7
793	1464	1.7
793	2523	1.6
793	3046	2.4
793	3058	1.7
793	3502	1.4
793	3674	1.0
793	4026	1.2
793	5000	1.3
793	5150	1.3
793	8962	1.4
793	10073	1.6
793	10074	1.1
793	10075	1.1
859	55	2.8
859	59	2.4
859	66	1.6
859	67	3.1
859	70	2.2
859	72	5.0
859	88	1.6
859	89	2.4
859	153	1.0
859	166	1.3
859	203	3.0
859	253	1.6
859	288	1.8
859	295	1.9
859	299	2.3
859	301	1.1
859	318	2.4
859	328	1.3
859	377	1.0
859	429	1.5
859	463	2.0
859	466	1.4
859	511	1.4
859	529	2.1
859	532	1.7
859	533	2.8
859	536	1.5
859	605	3.8
859	661	1.2
859	701	1.5
859	986	1.5
859	1061	2.7
859	1099	3.4
859	1104	2.7
859	1379	1.9
859	1520	1.1
859	1795	1.5
859	1817	1.7
859	1990	2.0
859	2020	1.0
859	2083	1.6
859	2220	1.3
859	2500	1.3
859	2539	1.0
859	3739	1.1
859	4043	1.3
859	5256	1.6
859	5683	1.1
859	6246	2.2
859	10523	1.0
873	55	2.0
873	67	3.5
873	89	3.7
873	97	1.0
873	157	1.1
873	257	3.3
873	279	1.1
873	285	2.0
873	288	2.8
873	289	5.0
873	290	1.7
873	291	1.7
873	292	3.1
873	294	1.9
873	295	3.5
873	296	1.9
873	298	1.7
873	299	2.0
873	300	2.4
873	302	2.2
873	306	1.3
873	308	1.3
873	310	1.7
873	311	1.3
873	314	2.6
873	317	1.4
873	325	1.1
873	329	1.4
873	332	1.5
873	333	1.3
873	344	1.3
873	349	2.3
873	354	1.4
873	377	1.2
873	378	1.2
873	461	1.0
873	466	2.5
873	523	1.1
873	543	1.7
873	701	2.4
873	1037	1.1
873	1379	1.3
873	1580	1.1
873	2025	1.8
873	10730	1.7
873	10731	1.7
873	10732	1.6
873	10733	1.2
873	10734	1.1
873	10735	1.0
885	55	2.9
885	67	3.8
885	89	2.9
885	157	1.1
885	257	1.9
885	285	1.6
885	288	3.2
885	289	5.0
885	292	2.7
885	293	2.7
885	295	2.2
885	298	1.1
885	299	2.2
885	300	1.9
885	306	2.3
885	309	1.0
885	310	1.6
885	312	2.2
885	314	1.7
885	317	1.8
885	318	2.7
885	325	2.0
885	328	1.1
885	333	2.2
885	349	3.6
885	455	2.2
885	456	1.6
885	466	3.2
885	523	2.9
885	525	1.6
885	528	1.7
885	543	1.5
885	680	2.4
885	701	1.6
885	704	2.4
885	794	1.4
885	907	1.3
885	908	1.2
885	1451	1.7
885	1589	1.1
885	1684	2.2
885	2018	1.1
885	2392	1.0
885	2523	1.5
885	3075	2.3
885	3397	1.4
885	3489	1.0
885	9401	2.3
885	10822	2.6
885	10823	1.1
909	55	1.1
909	65	1.3
909	67	3.6
909	89	2.4
909	173	3.7
909	190	2.9
909	198	3.3
909	209	3.7
909	229	3.0
909	230	1.2
909	234	1.7
909	289	3.9
909	292	1.3
909	293	2.1
909	295	1.5
909	306	1.0
909	324	1.8
909	329	1.5
909	377	2.6
909	378	2.2
909	405	1.9
909	412	2.1
909	486	1.7
909	488	4.3
909	497	2.6
909	536	2.2
909	537	2.0
909	540	2.5
909	726	2.4
909	1044	1.3
909	1104	5.0
909	1179	2.3
909	1186	1.3
909	1246	5.0
909	1406	1.3
909	1714	2.4
909	1810	1.1
909	1860	1.9
909	1914	1.3
909	2179	1.7
909	2526	1.5
909	2664	1.2
909	2835	2.6
909	2961	1.1
909	3367	2.6
909	5609	3.0
909	10983	3.2
909	10984	2.4
909	10985	2.0
909	10986	1.5
963	55	2.4
963	67	5.0
963	89	2.2
963	157	1.7
963	187	2.0
963	283	1.2
963	289	1.5
963	306	1.3
963	340	1.7
963	679	1.1
963	725	1.2
963	794	2.5
963	877	1.3
963	903	1.4
963	985	3.1
963	1001	1.0
963	1014	2.3
963	1015	1.0
963	1062	1.6
963	1243	1.1
963	1464	4.9
963	1465	2.9
963	1471	1.8
963	1480	1.6
963	1755	2.2
963	1892	1.9
963	1941	1.6
963	3281	2.0
963	5458	1.4
963	5775	2.2
963	6232	2.4
963	6703	2.9
963	6869	1.1
963	7452	1.1
963	8067	1.1
963	9745	1.3
963	10358	1.7
963	11171	1.5
963	11443	2.5
963	11444	2.2
963	11445	2.1
963	11446	1.9
963	11447	1.7
963	11448	1.4
963	11449	1.3
963	11450	1.2
963	11451	1.1
963	11452	1.1
963	11453	1.0
963	11454	1.0
984	67	3.7
984	89	5.0
984	161	3.5
984	190	1.7
984	191	1.5
984	288	5.0
984	289	4.9
984	295	3.0
984	300	3.8
984	302	2.5
984	306	2.7
984	317	1.4
984	328	2.3
984	329	1.8
984	331	3.0
984	333	1.4
984	344	1.4
984	352	1.8
984	371	2.8
984	377	2.8
984	386	1.3
984	458	2.1
984	464	4.4
984	466	2.1
984	475	3.1
984	486	1.0
984	502	1.7
984	518	1.2
984	545	1.0
984	547	1.0
984	674	1.7
984	679	3.7
984	701	3.5
984	907	1.5
984	1441	2.6
984	1449	3.3
984	1452	3.7
984	1455	3.0
984	1470	3.5
984	1576	2.7
984	3123	1.4
984	4242	1.2
984	4688	1.0
984	4814	1.1
984	9684	2.6
984	11574	3.3
984	11575	3.2
984	11576	2.8
984	11577	2.6
984	11578	1.6
985	55	1.4
985	67	5.0
985	89	4.1
985	157	4.6
985	161	1.1
985	265	1.1
985	283	1.8
985	285	2.4
985	288	3.5
985	291	1.9
985	292	4.6
985	295	3.5
985	299	2.5
985	300	2.2
985	302	2.9
985	306	2.1
985	310	3.7
985	314	2.0
985	316	2.6
985	320	1.8
985	325	1.5
985	328	1.2
985	329	2.9
985	333	2.0
985	349	2.7
985	360	1.4
985	377	1.5
985	378	2.7
985	484	1.1
985	498	1.4
985	525	2.7
985	526	2.0
985	534	2.4
985	538	1.4
985	542	2.3
985	701	3.2
985	714	2.5
985	727	2.7
985	903	1.0
985	907	2.3
985	913	2.0
985	972	2.2
985	1032	1.2
985	1052	1.1
985	1243	2.7
985	1464	1.7
985	3313	1.0
985	3992	1.7
985	6777	1.3
985	11579	1.1
1014	65	1.0
1014	67	5.0
1014	288	1.0
1014	301	1.3
1014	306	2.0
1014	327	1.0
1014	328	2.6
1014	455	2.1
1014	458	3.6
1014	461	1.7
1014	466	2.3
1014	527	1.0
1014	545	1.0
1014	686	1.0
1014	903	1.0
1014	1037	1.5
1014	1042	1.3
1014	1444	1.3
1014	1449	2.1
1014	1452	2.2
1014	1455	1.0
1014	1475	2.1
1014	1673	2.8
1014	4811	1.5
1014	8375	1.3
1132	55	2.5
1132	65	1.6
1132	67	4.4
1132	89	4.9
1132	157	1.2
1132	257	1.8
1132	288	3.4
1132	289	5.0
1132	291	3.3
1132	292	3.8
1132	293	2.2
1132	294	1.9
1132	295	3.4
1132	298	1.6
1132	300	2.9
1132	302	3.1
1132	306	1.2
1132	311	1.6
1132	316	2.5
1132	318	1.3
1132	320	1.4
1132	324	1.3
1132	325	3.1
1132	333	3.8
1132	342	2.2
1132	344	2.0
1132	349	2.2
1132	378	1.3
1132	430	1.3
1132	461	2.5
1132	464	2.4
1132	466	1.4
1132	472	1.8
1132	498	2.9
1132	528	1.6
1132	538	1.7
1132	679	2.8
1132	680	1.5
1132	689	1.2
1132	701	2.7
1132	903	1.5
1132	908	2.2
1132	966	1.1
1132	1042	1.1
1132	1043	1.3
1132	1047	1.3
1132	1450	1.0
1132	2977	1.3
1132	3756	1.1
1132	3859	1.8
1180	65	1.0
1180	67	3.2
1180	89	2.2
1180	157	3.3
1180	228	3.1
1180	279	1.2
1180	288	3.1
1180	295	1.4
1180	306	5.0
1180	310	1.8
1180	327	1.7
1180	328	2.6
1180	329	2.3
1180	330	1.5
1180	331	4.4
1180	468	2.4
1180	477	1.8
1180	484	1.5
1180	527	2.5
1180	531	1.3
1180	546	2.3
1180	903	3.9
1180	907	2.4
1180	959	1.8
1180	969	1.6
1180	1090	1.0
1180	1402	2.5
1180	1409	2.9
1180	1613	2.5
1180	2132	1.8
1180	2179	1.7
1180	2220	1.0
1180	2598	1.3
1180	2907	1.4
1180	2919	1.3
1180	3316	1.0
1180	3730	3.2
1180	6377	1.0
1180	6389	1.5
1180	6902	1.0
1180	7340	1.9
1180	8067	1.6
1180	8173	4.0
1180	9907	1.5
1180	11063	1.1
1180	12968	2.6
1180	12969	1.2
1180	12970	1.1
1180	12971	1.1
1180	12972	1.0
1184	55	2.9
1184	58	1.5
1184	67	4.2
1184	89	5.0
1184	155	1.1
1184	167	3.1
1184	230	1.0
1184	288	1.5
1184	289	4.0
1184	292	2.3
1184	295	2.2
1184	299	1.0
1184	300	2.9
1184	302	1.4
1184	306	1.4
1184	310	1.3
1184	321	1.8
1184	328	2.6
1184	329	1.3
1184	331	1.6
1184	466	1.5
1184	485	1.9
1184	525	1.1
1184	532	1.9
1184	546	1.1
1184	701	2.8
1184	794	1.3
1184	886	1.5
1184	889	1.6
1184	903	2.5
1184	980	1.3
1184	1244	2.6
1184	1464	2.4
1184	1475	1.4
1184	2018	2.5
1184	2858	1.4
1184	3069	1.6
1184	3080	1.4
1184	3310	1.5
1184	3403	1.0
1184	3557	1.3
1184	3948	1.4
1184	4024	1.0
1184	5239	1.7
1184	6527	2.0
1184	8067	1.3
1184	12984	1.8
1184	12985	1.7
1184	12986	1.1
1184	12987	1.0
1220	58	1.7
1220	64	1.8
1220	65	1.7
1220	67	3.5
1220	70	1.4
1220	80	1.5
1220	84	1.0
1220	97	2.1
1220	157	2.4
1220	159	3.6
1220	167	1.1
1220	172	1.1
1220	173	5.0
1220	183	1.9
1220	199	1.3
1220	228	1.2
1220	229	1.2
1220	292	4.4
1220	301	2.2
1220	378	1.9
1220	416	1.1
1220	425	1.9
1220	432	1.3
1220	436	2.0
1220	437	1.5
1220	533	2.8
1220	546	1.0
1220	689	3.4
1220	701	2.2
1220	757	2.1
1220	886	2.3
1220	901	1.2
1220	903	2.1
1220	1001	1.4
1220	1009	1.7
1220	1090	1.7
1220	1409	2.6
1220	1424	1.1
1220	1556	2.0
1220	1934	2.1
1220	1954	1.2
1220	2083	1.5
1220	2277	1.5
1220	3502	1.4
1220	4384	1.2
1220	4435	2.2
1220	5045	1.3
1220	5150	1.3
1220	5932	1.0
1220	8675	1.1
1222	67	3.0
1222	89	1.3
1222	180	1.5
1222	187	1.3
1222	257	1.8
1222	279	1.0
1222	285	1.6
1222	289	2.7
1222	291	1.4
1222	292	1.8
1222	295	1.9
1222	296	4.7
1222	299	1.1
1222	302	2.0
1222	305	1.2
1222	323	3.2
1222	328	1.0
1222	333	1.1
1222	342	1.0
1222	349	1.9
1222	350	1.9
1222	455	5.0
1222	456	1.8
1222	459	1.6
1222	462	2.8
1222	465	1.1
1222	467	2.9
1222	472	1.3
1222	474	1.7
1222	479	3.5
1222	786	1.3
1222	798	1.2
1222	800	2.3
1222	891	2.4
1222	906	2.4
1222	951	2.0
1222	1081	1.8
1222	1459	1.5
1222	1602	2.6
1222	2021	1.0
1222	2022	1.0
1222	3460	1.5
1222	3748	3.9
1222	3763	1.6
1222	4257	1.4
1222	5000	1.5
1222	9231	1.6
1222	11725	1.0
1222	13265	2.2
1222	13266	1.8
1298	67	4.4
1298	89	3.2
1298	257	1.6
1298	288	3.2
1298	289	4.2
1298	290	1.0
1298	291	2.9
1298	292	2.6
1298	299	1.7
1298	300	1.6
1298	302	1.1
1298	309	3.1
1298	310	1.6
1298	317	1.9
1298	318	2.0
1298	326	1.3
1298	327	1.5
1298	330	2.2
1298	344	3.0
1298	352	2.4
1298	360	4.2
1298	386	1.3
1298	389	2.1
1298	455	2.1
1298	458	1.7
1298	461	3.1
1298	466	2.5
1298	468	1.1
1298	484	1.0
1298	686	1.5
1298	701	1.1
1298	793	1.1
1298	906	1.5
1298	907	2.4
1298	1444	1.6
1298	1447	1.9
1298	1459	2.1
1298	1489	5.0
1298	1589	1.5
1298	1684	1.1
1298	2018	2.1
1298	2437	1.9
1298	3397	1.2
1298	4562	1.9
1298	6459	1.1
1298	6693	1.4
1298	7868	1.0
1298	9847	1.2
1298	10989	1.2
1298	13730	1.0
1301	55	2.9
1301	67	4.5
1301	89	4.1
1301	157	2.0
1301	251	1.5
1301	257	2.9
1301	265	1.2
1301	288	2.4
1301	289	5.0
1301	291	2.4
1301	292	2.3
1301	293	1.4
1301	295	2.9
1301	298	2.8
1301	301	1.8
1301	302	2.9
1301	304	3.0
1301	306	2.0
1301	325	1.1
1301	340	3.7
1301	349	1.8
1301	375	2.6
1301	389	2.1
1301	430	1.5
1301	523	2.4
1301	524	3.3
1301	525	2.8
1301	534	1.1
1301	535	1.3
1301	680	2.4
1301	890	2.5
1301	903	2.4
1301	906	3.6
1301	972	2.3
1301	1098	1.5
1301	1580	1.0
1301	1601	2.0
1301	2022	2.0
1301	2024	2.7
1301	2102	3.3
1301	3057	1.9
1301	3200	1.0
1301	3206	1.0
1301	3324	1.7
1301	3488	2.2
1301	3575	3.2
1301	4350	1.2
1301	5036	3.0
1301	8363	1.5
1301	13735	3.2
1308	55	2.2
1308	65	1.8
1308	67	5.0
1308	89	1.6
1308	157	4.3
1308	251	1.7
1308	253	1.7
1308	257	3.5
1308	265	1.2
1308	285	4.5
1308	288	2.1
1308	289	4.2
1308	290	1.3
1308	291	2.5
1308	292	2.7
1308	293	1.7
1308	294	2.0
1308	295	2.6
1308	296	1.6
1308	299	2.5
1308	301	1.5
1308	302	1.4
1308	305	1.1
1308	311	1.1
1308	316	1.0
1308	318	2.3
1308	325	1.9
1308	329	1.4
1308	333	1.9
1308	349	1.5
1308	362	1.0
1308	378	1.3
1308	455	1.9
1308	465	1.3
1308	466	1.0
1308	518	1.1
1308	523	2.1
1308	525	1.2
1308	701	1.6
1308	889	1.0
1308	903	1.4
1308	913	2.0
1308	966	1.8
1308	1459	1.9
1308	1602	1.8
1308	2024	1.6
1308	2523	2.2
1308	3575	1.2
1308	4915	1.3
1308	13749	1.4
1394	65	1.6
1394	67	4.2
1394	88	3.1
1394	89	5.0
1394	154	1.6
1394	167	2.3
1394	190	1.6
1394	207	2.7
1394	217	3.3
1394	227	1.8
1394	228	1.5
1394	230	1.9
1394	288	3.5
1394	289	3.3
1394	291	2.1
1394	292	3.5
1394	295	2.6
1394	298	1.3
1394	300	1.9
1394	302	1.1
1394	306	1.1
1394	310	2.1
1394	320	1.9
1394	344	2.5
1394	349	2.6
1394	353	1.9
1394	355	2.7
1394	416	2.4
1394	430	1.4
1394	466	2.5
1394	498	2.3
1394	545	1.5
1394	546	2.1
1394	679	3.4
1394	689	1.3
1394	703	1.0
1394	735	1.7
1394	903	1.8
1394	980	1.7
1394	982	2.0
1394	1037	2.6
1394	1048	3.6
1394	1243	2.2
1394	1400	1.8
1394	1463	1.8
1394	1613	1.0
1394	1772	3.4
1394	1934	1.2
1394	2176	3.0
1394	13715	1.1
1560	67	4.6
1560	89	4.3
1560	157	2.9
1560	251	1.0
1560	256	2.7
1560	288	3.6
1560	289	5.0
1560	292	3.2
1560	295	2.7
1560	300	3.8
1560	306	4.0
1560	321	1.8
1560	329	2.1
1560	355	1.5
1560	439	1.7
1560	458	2.4
1560	466	2.8
1560	468	2.7
1560	481	3.1
1560	531	2.7
1560	542	1.8
1560	545	2.0
1560	622	4.0
1560	679	3.2
1560	701	2.9
1560	708	2.5
1560	725	2.3
1560	889	2.3
1560	903	1.4
1560	907	3.5
1560	1045	2.8
1560	1247	3.0
1560	1444	3.0
1560	1455	2.2
1560	1464	3.6
1560	1832	1.0
1560	2025	3.2
1560	2080	3.5
1560	3080	4.6
1560	3231	3.9
1560	3317	4.3
1560	3332	1.3
1560	3743	3.2
1560	3769	2.4
1560	7340	4.8
1560	8364	2.6
1560	8707	2.0
1560	15322	1.8
1560	15323	1.8
1560	15324	1.7
1564	55	2.0
1564	67	3.1
1564	97	1.2
1564	157	1.6
1564	161	1.0
1564	257	2.1
1564	288	3.6
1564	289	5.0
1564	291	1.8
1564	292	2.8
1564	294	2.0
1564	295	2.7
1564	298	1.1
1564	299	2.7
1564	300	2.8
1564	302	1.7
1564	306	2.3
1564	314	2.2
1564	321	1.1
1564	325	1.9
1564	328	1.3
1564	331	1.4
1564	333	2.0
1564	344	2.5
1564	349	1.8
1564	352	1.6
1564	458	1.6
1564	461	2.5
1564	466	2.4
1564	475	1.8
1564	523	1.2
1564	528	1.6
1564	531	1.2
1564	543	1.8
1564	646	1.1
1564	679	2.8
1564	681	1.8
1564	686	2.1
1564	701	2.8
1564	802	1.9
1564	1042	1.1
1564	1246	1.0
1564	1428	1.0
1564	1453	1.1
1564	1613	1.3
1564	1934	2.2
1564	2020	1.5
1564	2548	1.0
1564	2984	1.9
1564	3173	1.4
1572	55	1.8
1572	67	3.2
1572	89	2.7
1572	257	2.3
1572	279	1.0
1572	285	2.9
1572	288	3.0
1572	289	5.0
1572	291	2.0
1572	292	3.0
1572	293	2.6
1572	294	1.7
1572	295	1.7
1572	296	2.7
1572	299	2.9
1572	300	1.5
1572	301	1.5
1572	302	2.5
1572	309	1.4
1572	310	1.7
1572	312	1.6
1572	314	1.2
1572	318	2.4
1572	325	1.7
1572	326	1.3
1572	333	3.6
1572	344	2.0
1572	349	2.1
1572	378	1.3
1572	455	1.1
1572	461	1.6
1572	465	1.1
1572	466	2.7
1572	498	1.6
1572	523	2.1
1572	646	2.0
1572	679	1.7
1572	680	2.1
1572	690	1.1
1572	701	1.3
1572	793	1.4
1572	906	2.3
1572	908	1.2
1572	1601	1.6
1572	1684	1.9
1572	2021	1.0
1572	2523	1.5
1572	2801	1.9
1572	6383	1.4
1572	6543	1.6
1587	52	4.1
1587	53	1.9
1587	54	1.1
1587	55	2.1
1587	67	3.6
1587	70	4.4
1587	152	3.9
1587	154	2.3
1587	163	3.2
1587	165	1.7
1587	171	1.0
1587	172	3.4
1587	173	2.0
1587	182	3.2
1587	183	2.7
1587	186	1.7
1587	217	2.7
1587	221	5.0
1587	223	1.9
1587	225	2.4
1587	229	2.7
1587	538	2.1
1587	614	3.0
1587	968	3.8
1587	1048	1.7
1587	1118	3.7
1587	1151	1.9
1587	1385	3.4
1587	1394	1.9
1587	1395	1.2
1587	1632	2.2
1587	1728	2.5
1587	1873	1.4
1587	1958	1.3
1587	2289	1.6
1587	2407	3.2
1587	2641	2.7
1587	3046	3.9
1587	3164	2.7
1587	3501	2.7
1587	3670	2.4
1587	3945	1.3
1587	4649	1.0
1587	6252	2.4
1587	7871	1.3
1587	11491	3.4
1587	15456	2.2
1587	15457	2.1
1587	15458	2.1
1587	15459	1.0
1608	55	1.7
1608	56	1.0
1608	65	1.5
1608	67	3.9
1608	89	2.5
1608	190	2.4
1608	207	1.4
1608	217	1.1
1608	228	1.9
1608	229	3.8
1608	288	1.1
1608	289	5.0
1608	292	3.0
1608	293	1.7
1608	295	1.7
1608	300	2.2
1608	333	1.5
1608	420	1.8
1608	424	1.2
1608	432	1.8
1608	439	2.4
1608	453	1.3
1608	455	1.3
1608	456	1.3
1608	459	1.3
1608	528	1.3
1608	538	1.3
1608	546	2.0
1608	679	2.9
1608	689	1.0
1608	716	1.1
1608	841	1.1
1608	886	1.5
1608	903	2.1
1608	980	1.3
1608	1098	2.7
1608	1104	1.4
1608	1400	3.2
1608	1515	1.1
1608	1934	1.3
1608	2083	1.7
1608	2523	2.6
1608	3200	3.0
1608	3741	1.3
1608	4028	1.7
1608	4706	1.7
1608	5446	1.3
1608	5934	1.2
1608	15537	3.1
1608	15538	1.2
1659	55	1.8
1659	67	3.1
1659	89	5.0
1659	289	2.2
1659	292	3.5
1659	293	1.6
1659	295	1.0
1659	298	1.8
1659	300	1.7
1659	325	1.7
1659	328	1.3
1659	352	2.1
1659	423	3.6
1659	466	3.3
1659	470	1.1
1659	528	2.6
1659	637	2.8
1659	652	1.5
1659	701	1.8
1659	787	1.6
1659	788	2.9
1659	790	2.6
1659	792	1.4
1659	795	2.4
1659	802	1.5
1659	903	1.1
1659	1001	1.1
1659	1392	1.1
1659	1446	1.4
1659	1609	1.8
1659	2390	1.6
1659	2396	2.0
1659	4260	2.1
1659	4702	1.4
1659	6318	2.6
1659	6856	1.9
1659	7502	1.9
1659	12576	1.8
1659	14474	1.2
1659	15288	1.1
1659	15905	2.9
1659	15906	2.4
1659	15907	2.2
1659	15908	2.1
1659	15909	1.9
1659	15910	1.7
1659	15911	1.5
1659	15912	1.1
1659	15913	1.1
1659	15914	1.1
1753	55	2.6
1753	65	1.4
1753	67	4.0
1753	89	5.0
1753	157	2.4
1753	228	1.1
1753	229	1.1
1753	257	1.7
1753	288	3.8
1753	289	4.6
1753	292	2.9
1753	295	1.7
1753	299	1.8
1753	300	2.7
1753	302	1.2
1753	306	4.2
1753	310	1.8
1753	328	4.3
1753	329	1.6
1753	331	3.0
1753	332	1.5
1753	333	1.3
1753	352	2.2
1753	377	2.3
1753	386	1.5
1753	461	2.4
1753	464	2.3
1753	466	3.6
1753	468	1.5
1753	475	1.3
1753	485	3.6
1753	486	2.3
1753	526	1.4
1753	531	4.3
1753	543	2.2
1753	545	1.4
1753	679	2.9
1753	689	3.1
1753	701	1.3
1753	889	1.8
1753	1009	1.6
1753	1032	1.8
1753	1042	1.3
1753	1047	1.4
1753	1456	2.1
1753	1934	1.6
1753	3397	1.9
1753	4024	1.0
1753	4814	3.3
1753	7868	1.4
1762	67	4.0
1762	89	3.2
1762	157	2.2
1762	161	1.0
1762	184	3.1
1762	207	1.6
1762	288	2.1
1762	289	3.1
1762	292	1.9
1762	293	3.1
1762	294	2.7
1762	295	1.7
1762	300	4.3
1762	302	1.2
1762	306	1.8
1762	324	2.6
1762	329	5.0
1762	330	2.4
1762	333	1.0
1762	344	2.4
1762	349	2.9
1762	378	1.1
1762	424	1.2
1762	455	1.3
1762	459	2.4
1762	464	1.3
1762	466	2.4
1762	498	1.7
1762	528	2.0
1762	532	1.5
1762	540	3.1
1762	641	1.0
1762	693	1.2
1762	699	4.0
1762	701	3.8
1762	907	2.6
1762	1032	1.7
1762	1246	1.4
1762	1433	1.6
1762	1985	1.7
1762	3322	1.9
1762	3427	1.1
1762	3712	1.3
1762	4184	1.2
1762	5099	1.7
1762	5235	1.3
1762	8371	1.1
1762	13292	1.2
1762	14600	1.2
1762	16524	2.3
1771	55	1.0
1771	67	3.1
1771	89	3.1
1771	157	2.1
1771	161	1.2
1771	191	1.1
1771	257	2.9
1771	288	2.2
1771	289	5.0
1771	291	1.4
1771	293	1.2
1771	300	2.1
1771	303	1.5
1771	314	1.1
1771	318	2.0
1771	329	1.1
1771	330	2.0
1771	331	1.8
1771	344	1.9
1771	349	1.8
1771	360	1.5
1771	403	1.3
1771	412	2.6
1771	455	1.9
1771	456	1.0
1771	459	1.9
1771	461	1.5
1771	466	2.8
1771	471	1.1
1771	488	2.5
1771	498	1.7
1771	523	1.9
1771	527	1.1
1771	534	1.1
1771	536	1.3
1771	538	1.4
1771	540	3.6
1771	913	1.1
1771	966	2.7
1771	1043	1.4
1771	1182	1.7
1771	1684	1.5
1771	1866	2.2
1771	1905	1.5
1771	2018	1.1
1771	2523	1.7
1771	3097	1.7
1771	4291	1.7
1771	4762	2.6
1771	16585	1.0
1873	55	1.0
1873	67	3.5
1873	89	1.3
1873	198	1.6
1873	257	1.0
1873	288	3.2
1873	289	5.0
1873	291	1.7
1873	292	1.8
1873	295	3.5
1873	299	2.7
1873	306	2.1
1873	310	2.3
1873	316	2.6
1873	317	1.2
1873	320	2.5
1873	326	1.3
1873	327	2.4
1873	329	3.8
1873	331	1.4
1873	333	3.1
1873	349	3.1
1873	377	3.3
1873	378	3.2
1873	405	2.2
1873	455	5.0
1873	459	2.1
1873	468	2.1
1873	469	2.2
1873	484	2.5
1873	491	2.2
1873	498	2.7
1873	525	1.6
1873	538	3.8
1873	540	2.5
1873	543	1.8
1873	903	3.9
1873	907	3.4
1873	913	2.5
1873	966	2.5
1873	982	2.2
1873	1246	1.2
1873	1247	1.1
1873	1397	1.3
1873	1444	1.9
1873	2598	1.3
1873	3392	2.2
1873	17291	3.2
1873	17292	1.5
1873	17293	1.1
1910	55	2.8
1910	58	3.2
1910	67	3.5
1910	70	1.9
1910	89	3.7
1910	173	2.7
1910	217	2.1
1910	229	1.7
1910	298	1.4
1910	316	5.0
1910	423	3.9
1910	425	2.2
1910	430	1.8
1910	532	1.2
1910	548	2.7
1910	615	1.5
1910	689	3.0
1910	697	2.2
1910	703	3.3
1910	961	3.2
1910	1075	1.0
1910	1097	2.4
1910	1098	4.4
1910	1243	3.0
1910	1379	2.4
1910	1383	2.5
1910	1390	1.1
1910	1409	2.1
1910	1609	1.7
1910	1632	2.6
1910	1934	2.9
1910	1971	3.2
1910	1990	1.0
1910	2277	1.4
1910	2521	3.4
1910	2591	1.1
1910	3502	3.3
1910	4032	1.1
1910	4704	1.4
1910	4706	1.6
1910	5045	1.1
1910	5149	1.5
1910	5150	3.3
1910	5836	1.0
1910	5891	1.7
1910	5925	1.2
1910	7660	2.1
1910	8589	1.2
1910	8676	2.3
1910	15752	1.7
1928	55	2.6
1928	64	2.7
1928	65	1.3
1928	67	3.7
1928	72	1.0
1928	174	1.5
1928	199	2.1
1928	238	1.1
1928	251	1.7
1928	299	1.7
1928	340	1.4
1928	384	1.8
1928	416	2.1
1928	575	1.7
1928	985	3.3
1928	1167	2.5
1928	1243	2.0
1928	1400	2.5
1928	1464	2.3
1928	1694	2.4
1928	1820	1.3
1928	1834	1.9
1928	1983	2.1
1928	2054	1.0
1928	2299	1.1
1928	2301	5.0
1928	2324	1.5
1928	2332	1.3
1928	2616	1.3
1928	2632	3.0
1928	3304	1.7
1928	3465	1.3
1928	3902	1.6
1928	4025	2.9
1928	4069	1.8
1928	7261	1.4
1928	7626	1.4
1928	8983	1.1
1928	10142	1.2
1928	13281	1.0
1928	15973	1.6
1928	16765	2.8
1928	17644	3.1
1928	17645	2.8
1928	17646	2.6
1928	17647	2.5
1928	17648	1.8
1928	17649	1.5
1928	17650	1.2
1928	17651	1.1
2000	67	3.4
2000	161	1.8
2000	288	4.2
2000	289	2.2
2000	294	1.8
2000	328	3.0
2000	329	3.5
2000	330	2.9
2000	331	4.2
2000	468	2.2
2000	475	4.9
2000	527	4.5
2000	545	3.9
2000	644	2.7
2000	701	2.9
2000	907	3.2
2000	1444	5.0
2000	1449	2.4
2000	2018	1.6
2000	2031	1.3
2000	2179	3.7
2000	2226	1.9
2000	2236	1.6
2000	2247	1.7
2000	2500	2.0
2000	2919	4.2
2000	2927	1.3
2000	3713	1.1
2000	5988	3.2
2000	6621	1.3
2000	6626	2.9
2000	7340	1.6
2000	8364	1.6
2000	9902	2.0
2000	10429	2.1
2000	11139	3.0
2000	18121	4.1
2000	18122	3.2
2000	18123	2.9
2000	18124	2.7
2000	18125	2.2
2000	18126	2.0
2000	18127	1.9
2000	18128	1.6
2000	18129	1.4
2000	18130	1.3
2000	18131	1.3
2000	18132	1.2
2000	18133	1.0
2000	18134	1.0
2025	51	1.4
2025	59	2.3
2025	67	3.2
2025	72	5.0
2025	157	1.6
2025	159	1.9
2025	163	3.0
2025	233	1.0
2025	436	2.0
2025	511	3.2
2025	517	2.6
2025	707	3.6
2025	864	1.6
2025	889	1.3
2025	917	2.3
2025	1000	3.3
2025	1001	3.7
2025	1014	1.5
2025	1019	2.2
2025	1073	2.1
2025	1131	3.7
2025	1330	1.5
2025	2183	1.0
2025	2347	1.9
2025	3289	2.1
2025	3675	1.0
2025	4590	1.0
2025	13176	1.2
2025	14343	1.7
2025	18282	3.3
2025	18283	2.9
2025	18284	2.8
2025	18285	2.8
2025	18286	2.4
2025	18287	2.4
2025	18288	2.2
2025	18289	2.1
2025	18290	2.0
2025	18291	1.9
2025	18292	1.8
2025	18293	1.7
2025	18294	1.6
2025	18295	1.6
2025	18296	1.6
2025	18297	1.5
2025	18298	1.5
2025	18299	1.3
2025	18300	1.2
2025	18301	1.1
2025	18302	1.1
2037	67	5.0
2037	69	3.0
2037	97	3.8
2037	155	1.9
2037	157	1.3
2037	190	1.5
2037	241	1.7
2037	257	3.9
2037	262	4.0
2037	285	2.7
2037	288	4.2
2037	292	3.2
2037	294	2.8
2037	295	3.0
2037	296	2.0
2037	298	1.6
2037	299	4.1
2037	300	3.8
2037	301	1.9
2037	302	3.5
2037	306	2.1
2037	308	1.2
2037	310	2.5
2037	314	1.8
2037	317	1.3
2037	331	2.3
2037	332	1.2
2037	344	1.4
2037	352	2.3
2037	466	1.8
2037	468	1.3
2037	475	1.9
2037	525	2.2
2037	535	2.9
2037	543	2.1
2037	701	3.0
2037	900	1.9
2037	903	1.2
2037	1032	2.2
2037	1037	2.5
2037	1379	2.9
2037	1452	1.5
2037	1601	3.0
2037	1613	1.0
2037	1934	4.5
2037	1936	1.7
2037	3046	1.0
2037	3502	1.0
2037	4814	2.1
2037	6226	1.2
