userID	artistID	rating
153	90	1.8
153	154	1.0
153	159	3.7
153	162	2.7
153	174	2.5
153	188	1.7
153	189	5.0
153	190	1.1
153	215	2.2
153	223	1.7
153	225	1.6
153	228	1.6
153	370	2.9
153	416	4.7
153	423	1.7
153	506	4.5
153	518	2.2
153	854	3.4
153	1094	2.8
153	1119	1.3
153	1151	3.8
153	1375	2.7
153	1376	2.4
153	1410	1.0
153	2006	1.6
153	2370	1.4
153	2374	2.2
153	2775	2.5
153	2794	1.2
153	2962	2.7
153	3405	4.1
153	3406	3.7
153	3407	2.5
153	3408	2.5
153	3409	2.4
153	3410	2.3
153	3411	2.2
153	3412	2.1
153	3413	2.1
153	3414	2.0
153	3415	1.8
153	3416	1.7
153	3417	1.7
153	3418	1.6
153	3419	1.5
153	3420	1.3
153	3421	1.2
153	3422	1.0
153	3423	1.0
153	3424	1.0
166	88	1.0
166	96	1.8
166	159	5.0
166	173	3.5
166	192	3.1
166	197	2.7
166	199	2.2
166	200	2.6
166	205	4.4
166	212	1.5
166	223	3.5
166	227	3.1
166	229	1.8
166	316	2.2
166	346	2.1
166	355	3.5
166	366	1.1
166	429	3.9
166	474	1.8
166	530	1.6
166	533	2.2
166	618	5.0
166	734	3.0
166	851	4.3
166	859	1.1
166	1249	3.3
166	1789	1.3
166	1843	1.0
166	1957	1.3
166	1985	1.0
166	1989	2.0
166	2277	1.1
166	2595	1.2
166	2629	2.8
166	2893	1.0
166	3264	4.9
166	3665	2.9
166	3666	2.6
166	3667	2.4
166	3668	2.3
166	3669	2.1
166	3670	1.9
166	3671	1.8
166	3672	1.7
166	3673	1.3
166	3674	1.3
166	3675	1.2
166	3676	1.1
166	3677	1.0
166	3678	1.0
183	59	1.7
183	61	1.2
183	67	2.7
183	69	1.1
183	72	5.0
183	77	1.0
183	99	2.1
183	154	2.9
183	157	1.7
183	159	3.3
183	163	2.3
183	172	1.3
183	193	1.4
183	215	2.8
183	220	1.9
183	221	1.3
183	420	1.5
183	429	2.5
183	511	1.1
183	533	1.7
183	562	2.0
183	575	1.0
183	962	1.1
183	1072	2.3
183	1083	1.5
183	1085	1.4
183	1098	1.4
183	1118	1.2
183	1122	1.2
183	1384	1.0
183	1412	2.8
183	1713	1.4
183	2531	2.3
183	2559	1.8
183	3201	1.9
183	3280	2.7
183	3364	1.3
183	3884	2.7
183	3885	2.5
183	3886	2.3
183	3887	2.3
183	3888	2.1
183	3889	2.0
183	3890	1.9
183	3891	1.2
183	3892	1.2
183	3893	1.1
183	3894	1.1
183	3895	1.1
183	3896	1.0
303	56	2.9
303	88	1.9
303	159	4.2
303	163	2.4
303	198	1.2
303	226	2.5
303	227	2.1
303	228	4.7
303	234	2.7
303	250	1.2
303	383	1.3
303	412	4.0
303	441	3.7
303	549	4.2
303	562	2.9
303	703	2.5
303	706	3.0
303	707	2.1
303	709	1.9
303	712	1.6
303	843	1.1
303	857	3.1
303	859	2.8
303	868	1.7
303	1206	1.4
303	1274	3.1
303	1369	3.5
303	1406	1.2
303	1412	2.9
303	1415	3.3
303	1426	1.6
303	1504	3.9
303	1513	5.0
303	1804	2.7
303	1873	1.4
303	1974	3.6
303	1979	1.3
303	2347	2.1
303	2834	1.6
303	2853	1.8
303	2855	1.2
303	2901	3.4
303	3398	1.0
303	3792	1.2
303	4115	4.4
303	4129	2.3
303	5172	1.6
303	5469	3.7
303	5470	2.5
303	5471	1.7
304	16	1.0
304	65	1.1
304	72	5.0
304	84	1.3
304	153	2.6
304	156	1.9
304	159	3.4
304	163	1.0
304	171	1.6
304	172	1.8
304	173	2.2
304	190	1.2
304	193	1.3
304	208	1.7
304	227	1.4
304	233	1.5
304	436	1.4
304	450	2.3
304	487	2.1
304	547	2.2
304	689	3.2
304	757	2.6
304	961	2.5
304	1048	2.3
304	1075	1.5
304	1083	2.1
304	1379	3.3
304	1384	1.4
304	1534	1.6
304	1713	2.0
304	1807	1.2
304	1824	3.1
304	2405	1.5
304	2605	1.9
304	2813	3.0
304	3183	1.2
304	3201	2.5
304	3258	2.3
304	3501	1.6
304	5079	2.2
304	5472	1.7
304	5473	1.5
304	5474	1.5
304	5475	1.4
304	5476	1.4
304	5477	1.1
304	5478	1.1
304	5479	1.1
304	5480	1.0
304	5481	1.0
369	89	2.6
369	159	3.5
369	173	3.3
369	195	3.9
369	199	3.3
369	207	1.3
369	210	4.9
369	217	5.0
369	225	4.9
369	229	4.0
369	424	4.8
369	426	4.4
369	429	4.2
369	450	2.0
369	540	1.0
369	615	2.2
369	618	3.8
369	689	1.0
369	961	3.1
369	1048	2.3
369	1090	1.5
369	1097	2.7
369	1231	1.9
369	1375	2.9
369	1960	1.1
369	2139	2.1
369	2407	1.2
369	2531	2.5
369	2580	2.4
369	2600	2.0
369	2601	2.9
369	2815	3.0
369	3057	2.0
369	3258	1.4
369	3692	3.0
369	4118	3.9
369	4262	1.8
369	4385	1.7
369	4810	1.9
369	5439	1.4
369	5546	1.3
369	6222	3.2
369	6223	1.9
369	6224	1.8
369	6225	1.5
369	6226	1.5
369	6227	1.3
369	6228	1.2
369	6229	1.2
369	6230	1.1
464	65	1.9
464	159	3.8
464	207	1.3
464	217	2.4
464	225	1.2
464	228	1.9
464	229	3.0
464	419	2.7
464	424	4.7
464	427	3.9
464	533	3.6
464	703	1.2
464	716	5.0
464	735	2.4
464	857	2.1
464	868	2.0
464	969	2.8
464	1090	4.6
464	1101	1.9
464	1376	2.3
464	1377	1.3
464	1390	3.0
464	1516	3.3
464	1517	1.7
464	2134	2.6
464	2539	1.8
464	2587	4.7
464	2601	2.8
464	2666	1.1
464	2815	2.1
464	3030	1.0
464	3370	2.0
464	3767	2.8
464	5030	3.5
464	6223	1.7
464	6920	1.1
464	7177	3.1
464	7178	2.5
464	7179	2.3
464	7180	2.2
464	7181	2.1
464	7182	2.1
464	7183	2.1
464	7184	2.0
464	7185	2.0
464	7186	2.0
464	7187	1.8
464	7188	1.4
464	7189	1.1
464	7190	1.1
496	6	1.7
496	9	2.2
496	16	1.6
496	30	2.5
496	39	1.6
496	46	1.0
496	56	2.6
496	65	2.6
496	154	1.8
496	159	4.8
496	163	2.4
496	166	1.2
496	173	2.8
496	188	1.4
496	190	2.9
496	504	3.4
496	515	1.2
496	518	1.2
496	522	5.0
496	726	1.1
496	868	1.7
496	875	2.5
496	920	1.2
496	930	3.4
496	959	4.0
496	1069	1.1
496	1083	1.0
496	1090	3.4
496	1109	4.2
496	1114	2.6
496	1116	2.0
496	1132	1.2
496	1295	1.4
496	1298	1.6
496	1300	1.6
496	1303	1.7
496	1491	2.4
496	1914	3.0
496	2055	3.2
496	4317	1.6
496	4872	1.4
496	5020	1.1
496	6282	2.3
496	7454	2.8
496	7455	2.6
496	7456	2.5
496	7457	2.1
496	7458	2.0
496	7459	2.0
496	7460	1.1
560	2	1.9
560	7	2.6
560	9	4.4
560	56	1.3
560	59	1.7
560	72	4.2
560	159	3.9
560	181	1.1
560	187	1.0
560	203	1.7
560	204	1.7
560	227	4.3
560	370	2.4
560	429	1.9
560	432	2.6
560	448	1.3
560	512	5.0
560	533	1.8
560	605	2.3
560	709	1.0
560	716	3.4
560	718	1.1
560	858	3.1
560	997	1.4
560	998	1.2
560	1061	3.1
560	1083	4.0
560	1098	2.7
560	1099	1.8
560	1104	3.1
560	1155	1.6
560	1394	1.1
560	1414	1.5
560	1707	1.7
560	1814	1.1
560	2531	1.8
560	2708	1.8
560	3280	2.0
560	3291	1.7
560	3767	1.4
560	4387	2.0
560	4994	1.5
560	7187	1.9
560	7639	1.4
560	8065	4.0
560	8066	3.1
560	8067	2.0
560	8068	1.5
560	8069	1.4
560	8070	1.2
728	7	1.5
728	59	2.0
728	72	1.7
728	76	1.8
728	159	3.2
728	207	1.1
728	225	2.1
728	226	3.0
728	229	1.7
728	233	3.1
728	425	1.4
728	436	3.6
728	450	2.1
728	511	3.6
728	517	3.8
728	599	1.0
728	715	1.8
728	860	1.1
728	862	1.4
728	869	1.0
728	969	3.1
728	1089	1.5
728	1151	1.2
728	1164	1.0
728	1240	1.4
728	1376	1.8
728	1510	2.5
728	1787	2.3
728	1886	1.4
728	1985	2.6
728	2531	3.9
728	3290	1.6
728	3941	2.0
728	4022	1.2
728	4058	3.1
728	4069	5.0
728	4316	1.1
728	4435	1.6
728	4451	1.4
728	5890	3.0
728	6728	4.4
728	6730	2.1
728	6920	2.0
728	7074	1.2
728	7128	1.0
728	9629	2.8
728	9630	1.6
728	9631	1.6
728	9632	1.6
728	9633	1.1
762	30	2.9
762	65	2.2
762	72	5.0
762	75	2.3
762	159	3.8
762	187	1.7
762	190	1.4
762	193	1.0
762	220	1.3
762	227	1.6
762	229	2.4
762	441	2.0
762	450	1.7
762	486	1.0
762	511	1.6
762	515	1.2
762	522	1.2
762	601	1.4
762	707	1.2
762	865	1.7
762	877	1.9
762	878	1.7
762	959	1.6
762	1019	1.2
762	1055	2.1
762	1072	2.6
762	1073	1.1
762	1075	1.1
762	1099	1.6
762	1104	2.0
762	1244	1.4
762	1376	3.0
762	1379	2.5
762	1400	1.2
762	1534	1.1
762	1713	2.1
762	1714	2.2
762	1799	1.5
762	2130	1.5
762	2783	1.2
762	4872	1.7
762	5483	1.0
762	7324	1.2
762	7426	1.0
762	9864	3.6
762	9865	2.1
762	9866	1.4
762	9867	1.3
762	9868	1.1
762	9869	1.0
959	51	1.1
959	58	1.2
959	59	2.4
959	61	2.1
959	65	1.7
959	68	2.1
959	70	2.3
959	72	5.0
959	84	1.3
959	89	2.9
959	98	2.9
959	99	2.0
959	154	1.2
959	155	1.7
959	159	3.2
959	187	1.3
959	221	1.0
959	429	2.1
959	511	1.2
959	599	3.6
959	644	1.6
959	858	2.1
959	878	3.1
959	959	3.4
959	972	3.4
959	993	2.1
959	1001	2.0
959	1013	2.7
959	1109	2.7
959	1384	3.5
959	1492	1.7
959	1708	1.3
959	1764	1.7
959	1886	2.8
959	1892	2.1
959	1895	1.8
959	1897	2.2
959	2059	1.0
959	2554	1.6
959	2783	1.3
959	3104	1.0
959	4423	1.1
959	4448	1.7
959	5480	1.0
959	7096	1.1
959	9632	1.5
959	11397	2.2
959	11398	1.7
959	11399	1.3
959	11400	1.1
1004	159	3.1
1004	197	2.2
1004	554	1.0
1004	601	1.0
1004	859	1.0
1004	917	1.0
1004	1947	1.5
1004	1976	1.0
1004	2289	1.0
1004	2422	1.0
1004	2541	3.4
1004	3267	4.4
1004	3730	1.5
1004	4384	1.0
1004	4620	1.0
1004	4795	1.0
1004	5412	1.5
1004	6382	1.5
1004	6687	3.8
1004	7324	1.5
1004	9877	1.5
1004	11732	5.0
1004	11733	4.7
1004	11734	4.2
1004	11735	3.6
1004	11736	3.2
1004	11737	3.1
1004	11738	3.0
1004	11739	2.6
1004	11740	2.4
1004	11741	1.5
1004	11742	1.5
1004	11743	1.5
1004	11744	1.5
1004	11745	1.0
1004	11746	1.0
1004	11747	1.0
1004	11748	1.0
1004	11749	1.0
1004	11750	1.0
1004	11751	1.0
1067	30	1.0
1067	59	1.1
1067	89	1.2
1067	154	1.1
1067	159	5.0
1067	163	4.3
1067	207	1.1
1067	227	4.8
1067	250	2.1
1067	306	2.2
1067	331	1.3
1067	412	2.2
1067	424	2.6
1067	429	1.4
1067	441	1.1
1067	470	1.2
1067	714	1.7
1067	779	2.2
1067	875	1.7
1067	903	2.3
1067	1083	1.5
1067	1513	2.4
1067	1639	1.1
1067	1645	2.6
1067	1654	3.4
1067	2080	1.9
1067	2637	1.1
1067	2938	1.0
1067	3430	1.0
1067	3444	1.4
1067	3456	1.8
1067	4087	1.3
1067	4385	1.7
1067	4459	1.1
1067	4791	2.7
1067	4800	2.6
1067	4821	2.5
1067	4825	2.0
1067	4831	2.0
1067	4834	2.5
1067	5416	2.3
1067	5630	1.3
1067	5639	2.4
1067	6120	2.2
1067	7330	1.5
1067	8713	1.3
1067	10124	1.7
1067	11276	1.5
1067	12092	1.7
1067	12093	1.4
1087	72	1.5
1087	159	3.7
1087	207	2.1
1087	208	2.5
1087	210	3.0
1087	225	4.2
1087	227	4.2
1087	228	1.3
1087	424	3.0
1087	428	4.3
1087	429	5.0
1087	432	1.3
1087	441	4.9
1087	443	3.8
1087	562	2.3
1087	599	2.8
1087	612	1.7
1087	735	1.1
1087	863	3.4
1087	1048	2.0
1087	1090	1.3
1087	1376	1.2
1087	1390	1.3
1087	1412	1.3
1087	1517	1.0
1087	1811	1.5
1087	1888	2.7
1087	2531	1.2
1087	2591	2.9
1087	3371	1.3
1087	3797	1.6
1087	4129	2.4
1087	4369	1.4
1087	4541	3.2
1087	4649	1.7
1087	5088	1.0
1087	5429	3.4
1087	5785	1.4
1087	7076	2.8
1087	7179	1.9
1087	7663	1.5
1087	10105	2.2
1087	12218	3.7
1087	12219	3.1
1087	12220	3.0
1087	12221	2.6
1087	12222	2.3
1087	12223	1.5
1087	12224	1.3
1087	12225	1.1
1149	51	1.9
1149	59	2.3
1149	72	5.0
1149	77	1.6
1149	81	1.5
1149	159	3.6
1149	172	1.6
1149	173	3.9
1149	193	1.9
1149	225	2.5
1149	227	2.6
1149	429	1.5
1149	436	2.0
1149	441	1.7
1149	599	2.5
1149	715	2.2
1149	851	1.8
1149	866	1.2
1149	868	2.3
1149	875	3.0
1149	879	1.5
1149	1083	3.6
1149	1119	1.2
1149	1121	1.3
1149	1122	1.7
1149	1412	1.9
1149	1464	1.5
1149	1707	2.1
1149	1708	1.0
1149	1726	1.8
1149	1914	1.6
1149	1985	1.7
1149	2469	1.3
1149	3886	1.5
1149	4493	1.7
1149	4982	1.2
1149	5242	2.2
1149	6075	1.2
1149	6823	1.6
1149	7577	1.9
1149	9149	1.6
1149	9632	1.7
1149	12672	3.0
1149	12673	2.3
1149	12674	1.8
1149	12675	1.7
1149	12676	1.5
1149	12677	1.5
1149	12678	1.2
1149	12679	1.2
1165	65	1.3
1165	72	4.8
1165	85	1.2
1165	154	1.4
1165	159	3.3
1165	173	1.9
1165	190	1.0
1165	212	1.7
1165	220	2.0
1165	227	1.0
1165	228	1.1
1165	229	1.5
1165	230	1.3
1165	355	1.1
1165	436	2.3
1165	511	2.9
1165	533	1.2
1165	562	2.3
1165	614	5.0
1165	630	1.4
1165	683	1.6
1165	715	1.5
1165	734	2.0
1165	735	3.1
1165	951	1.3
1165	993	1.2
1165	1048	1.1
1165	1079	1.0
1165	1090	1.1
1165	1116	1.3
1165	1249	1.8
1165	1375	1.1
1165	1382	1.5
1165	1489	2.5
1165	1513	4.4
1165	1519	1.7
1165	1713	1.6
1165	1778	1.8
1165	2439	1.7
1165	3302	1.4
1165	4179	1.1
1165	6724	1.2
1165	6728	1.3
1165	6926	1.4
1165	12831	2.3
1165	12832	1.7
1165	12833	1.7
1165	12834	1.5
1165	12835	1.3
1165	12836	1.2
1232	30	1.2
1232	51	1.2
1232	59	2.0
1232	72	5.0
1232	154	1.4
1232	159	4.5
1232	173	1.3
1232	418	1.6
1232	429	1.1
1232	441	4.1
1232	450	2.1
1232	515	3.3
1232	599	3.4
1232	858	1.5
1232	866	2.3
1232	875	3.1
1232	1072	1.2
1232	1083	3.5
1232	1089	1.5
1232	1151	1.7
1232	1534	2.7
1232	1707	1.4
1232	1713	2.0
1232	1886	1.8
1232	2531	2.6
1232	2938	1.9
1232	3280	3.0
1232	3441	2.4
1232	3472	1.0
1232	4649	1.2
1232	4973	1.9
1232	5260	1.3
1232	5906	2.2
1232	5908	1.0
1232	5913	2.9
1232	5918	2.2
1232	6883	1.3
1232	9256	2.8
1232	9501	1.6
1232	11489	1.7
1232	13341	3.4
1232	13342	3.1
1232	13343	3.1
1232	13344	2.8
1232	13345	2.5
1232	13346	2.2
1232	13347	2.0
1232	13348	1.4
1232	13349	1.2
1232	13350	1.0
1336	7	2.7
1336	51	2.2
1336	70	1.4
1336	72	4.3
1336	88	2.6
1336	99	1.1
1336	154	1.8
1336	159	5.0
1336	162	2.8
1336	163	2.8
1336	173	2.3
1336	198	1.4
1336	203	1.7
1336	220	2.6
1336	226	1.0
1336	233	2.9
1336	234	1.7
1336	235	1.5
1336	377	1.3
1336	441	2.2
1336	450	2.8
1336	511	1.7
1336	515	2.6
1336	599	1.7
1336	715	1.0
1336	755	1.5
1336	859	1.6
1336	865	1.4
1336	959	1.9
1336	969	3.3
1336	982	2.3
1336	1055	1.4
1336	1061	1.9
1336	1083	3.0
1336	1099	1.3
1336	1104	1.8
1336	1249	1.3
1336	1412	1.2
1336	1713	1.5
1336	1974	1.1
1336	1981	1.5
1336	1984	1.6
1336	3053	1.9
1336	3625	1.8
1336	3650	1.5
1336	3683	2.2
1336	4069	1.7
1336	7038	1.4
1336	13016	1.0
1336	13959	1.4
1428	159	3.8
1428	196	1.0
1428	207	1.5
1428	212	3.8
1428	220	1.6
1428	234	2.5
1428	316	3.7
1428	333	3.0
1428	383	1.4
1428	428	1.4
1428	498	2.3
1428	533	1.8
1428	542	1.6
1428	562	2.2
1428	706	2.4
1428	707	2.4
1428	714	4.0
1428	726	1.6
1428	754	1.2
1428	815	2.6
1428	841	1.8
1428	917	2.2
1428	918	1.5
1428	924	1.0
1428	928	1.4
1428	932	5.0
1428	937	1.2
1428	982	1.9
1428	1246	2.0
1428	1249	2.1
1428	1274	1.0
1428	1281	1.0
1428	1351	1.7
1428	1360	1.9
1428	1364	1.8
1428	1372	1.0
1428	1406	1.8
1428	1521	1.2
1428	1545	1.3
1428	1651	1.4
1428	1672	2.5
1428	2664	1.1
1428	2834	1.6
1428	2861	1.3
1428	2963	1.1
1428	3427	2.0
1428	4087	1.2
1428	4156	1.3
1428	4821	1.1
1428	7329	2.6
1439	72	2.1
1439	152	1.3
1439	154	2.8
1439	159	3.2
1439	166	2.1
1439	173	1.3
1439	190	1.0
1439	215	2.3
1439	227	2.5
1439	229	1.6
1439	233	2.1
1439	316	1.9
1439	366	2.5
1439	436	5.0
1439	438	1.0
1439	689	3.4
1439	892	3.1
1439	967	1.5
1439	982	1.6
1439	986	1.0
1439	1116	3.1
1439	1118	1.3
1439	1145	2.9
1439	1643	1.6
1439	1666	4.8
1439	1672	1.3
1439	2006	1.4
1439	2265	2.4
1439	2346	1.5
1439	3057	2.2
1439	3084	2.8
1439	3110	1.9
1439	3119	1.4
1439	3171	1.3
1439	3193	1.8
1439	3373	1.9
1439	4616	1.1
1439	5184	2.0
1439	5216	1.0
1439	6678	1.5
1439	6724	1.1
1439	7140	1.2
1439	7777	2.1
1439	8043	1.4
1439	10416	1.1
1439	11177	3.5
1439	12773	3.2
1439	14563	2.8
1439	14564	1.8
1439	14565	1.1
1498	51	1.8
1498	72	2.3
1498	159	4.2
1498	166	1.6
1498	173	2.5
1498	185	1.0
1498	238	1.2
1498	389	2.1
1498	418	1.5
1498	429	3.1
1498	441	1.6
1498	511	3.8
1498	599	3.5
1498	618	3.3
1498	620	1.6
1498	715	2.8
1498	867	3.2
1498	871	2.3
1498	878	3.1
1498	900	1.0
1498	1013	1.4
1498	1083	1.6
1498	1098	1.8
1498	1150	3.1
1498	1707	2.7
1498	1739	2.1
1498	1884	1.2
1498	2469	1.8
1498	2531	2.8
1498	3280	1.9
1498	3281	1.8
1498	3893	4.3
1498	3920	2.1
1498	4144	1.6
1498	4609	3.3
1498	6181	1.3
1498	7157	1.7
1498	7533	5.0
1498	8831	2.7
1498	9980	1.8
1498	11602	1.6
1498	12820	5.0
1498	13888	1.4
1498	14979	2.9
1498	14980	2.8
1498	14981	2.1
1498	14982	1.8
1498	14983	1.8
1498	14984	1.8
1498	14985	1.1
1531	28	1.7
1531	159	3.1
1531	841	1.1
1531	918	1.3
1531	954	2.9
1531	1206	3.8
1531	1358	2.0
1531	1369	1.0
1531	1513	2.3
1531	1521	3.2
1531	1522	1.9
1531	1804	5.0
1531	2853	3.1
1531	3011	1.0
1531	3354	1.0
1531	3417	1.4
1531	3435	1.3
1531	3445	2.2
1531	3453	2.5
1531	3509	1.6
1531	3540	1.9
1531	3790	1.5
1531	3792	1.6
1531	4265	1.9
1531	4272	3.6
1531	5421	2.6
1531	9212	2.2
1531	9213	1.5
1531	9215	4.3
1531	9872	2.3
1531	10370	4.3
1531	10672	1.1
1531	10742	1.3
1531	10768	3.9
1531	13971	1.2
1531	15198	3.3
1531	15199	2.9
1531	15200	2.8
1531	15201	2.6
1531	15202	2.3
1531	15203	2.3
1531	15204	2.3
1531	15205	2.2
1531	15206	1.9
1531	15207	1.9
1531	15208	1.5
1531	15209	1.4
1531	15210	1.3
1531	15211	1.1
1531	15212	1.0
1987	8	1.0
1987	65	2.4
1987	72	2.7
1987	159	4.2
1987	163	2.4
1987	173	2.8
1987	190	1.7
1987	197	4.6
1987	200	3.3
1987	201	1.1
1987	205	4.0
1987	223	4.1
1987	355	1.3
1987	366	1.5
1987	599	2.4
1987	707	3.1
1987	734	2.0
1987	851	3.9
1987	861	1.3
1987	881	1.2
1987	964	1.5
1987	1376	2.4
1987	1413	1.9
1987	1790	2.5
1987	1981	1.9
1987	2226	1.3
1987	2343	1.1
1987	2369	2.9
1987	2463	1.0
1987	2595	1.4
1987	3264	5.0
1987	3269	2.4
1987	3462	1.9
1987	3645	1.1
1987	3665	1.7
1987	3670	2.4
1987	3707	1.8
1987	3712	1.1
1987	4675	2.4
1987	5175	3.7
1987	5306	1.9
1987	6823	1.8
1987	7140	1.0
1987	10026	1.1
1987	11756	1.1
1987	12495	2.4
1987	14439	2.2
1987	18023	2.9
1987	18024	1.9
1987	18025	1.1
2014	51	2.2
2014	59	1.4
2014	61	2.8
2014	67	2.1
2014	72	3.2
2014	96	2.0
2014	100	1.4
2014	157	1.4
2014	159	5.0
2014	187	1.7
2014	193	1.2
2014	429	2.4
2014	436	2.0
2014	441	2.5
2014	511	2.1
2014	599	4.0
2014	601	1.5
2014	712	1.5
2014	852	2.3
2014	874	1.5
2014	875	2.9
2014	877	1.0
2014	992	1.7
2014	993	2.6
2014	997	1.9
2014	998	2.3
2014	1001	1.5
2014	1004	2.6
2014	1013	3.1
2014	1083	2.9
2014	1249	1.1
2014	1464	1.7
2014	1844	1.8
2014	1881	2.0
2014	1886	2.1
2014	2029	1.7
2014	2531	1.0
2014	2861	1.1
2014	2936	1.7
2014	2938	1.5
2014	3201	2.1
2014	3264	1.7
2014	3280	1.1
2014	3464	1.2
2014	4123	1.7
2014	5929	2.6
2014	7054	2.1
2014	18224	1.3
2014	18225	1.1
2014	18226	1.1
