userID	artistID	rating
41	706	2.7
41	843	2.0
41	917	5.0
41	918	3.6
41	922	3.0
41	928	2.4
41	942	4.1
41	947	2.3
41	954	1.9
41	957	2.0
41	1257	2.7
41	1261	2.6
41	1337	3.7
41	1338	3.4
41	1339	3.4
41	1340	3.0
41	1341	2.8
41	1342	2.6
41	1343	2.4
41	1344	2.4
41	1345	2.3
41	1346	2.3
41	1347	2.3
41	1348	2.2
41	1349	2.1
41	1350	2.0
41	1351	2.0
41	1352	1.8
41	1353	1.8
41	1354	1.7
41	1355	1.7
41	1356	1.6
41	1357	1.6
41	1358	1.5
41	1359	1.5
41	1360	1.4
41	1361	1.4
41	1362	1.4
41	1363	1.4
41	1364	1.3
41	1365	1.3
41	1366	1.2
41	1367	1.1
41	1368	1.1
41	1369	1.1
41	1370	1.1
41	1371	1.1
41	1372	1.1
41	1373	1.1
41	1374	1.0
51	163	2.2
51	173	2.1
51	188	3.5
51	198	3.0
51	225	2.7
51	503	3.9
51	706	1.5
51	707	3.7
51	726	1.0
51	806	3.6
51	841	4.6
51	917	3.9
51	918	5.0
51	923	3.7
51	928	1.8
51	947	3.6
51	949	2.4
51	954	2.1
51	959	2.0
51	1104	3.4
51	1214	3.5
51	1249	2.5
51	1257	3.5
51	1261	2.1
51	1264	3.7
51	1274	2.1
51	1337	1.6
51	1344	1.6
51	1356	1.1
51	1358	3.8
51	1360	3.5
51	1364	1.9
51	1369	1.8
51	1412	3.6
51	1521	3.5
51	1522	2.5
51	1523	2.4
51	1524	2.3
51	1525	2.2
51	1526	2.1
51	1527	1.9
51	1528	1.9
51	1529	1.6
51	1530	1.5
51	1531	1.3
51	1532	1.3
51	1533	1.2
51	1534	1.2
51	1535	1.2
51	1536	1.2
235	15	3.0
235	152	1.3
235	163	1.5
235	188	4.6
235	441	1.0
235	503	3.7
235	707	2.3
235	769	2.9
235	812	4.1
235	821	2.9
235	824	3.4
235	917	5.0
235	918	2.4
235	920	2.8
235	930	2.2
235	942	4.1
235	943	1.0
235	944	1.2
235	953	1.5
235	954	2.8
235	955	2.9
235	957	1.4
235	1131	1.9
235	1134	2.4
235	1216	1.1
235	1342	1.7
235	1358	4.6
235	1368	1.6
235	1369	1.2
235	1992	1.0
235	2172	1.7
235	2370	2.4
235	2969	1.7
235	2975	1.4
235	3240	1.0
235	3415	1.1
235	3810	2.3
235	3940	1.6
235	4604	3.1
235	4605	2.7
235	4606	2.5
235	4607	2.1
235	4608	2.0
235	4609	1.4
235	4610	1.3
235	4611	1.3
235	4612	1.2
235	4613	1.1
235	4614	1.1
235	4615	1.0
281	157	2.1
281	176	2.4
281	234	1.1
281	377	1.1
281	614	1.4
281	707	1.3
281	716	1.3
281	724	2.1
281	732	2.9
281	854	1.2
281	917	5.0
281	918	1.2
281	922	3.0
281	928	1.0
281	951	1.9
281	952	1.3
281	956	1.4
281	1249	2.3
281	1343	1.3
281	1358	2.2
281	1369	2.5
281	1803	1.5
281	1808	3.0
281	2183	1.2
281	2342	1.7
281	2343	3.7
281	2558	2.6
281	2595	1.0
281	2646	1.9
281	2834	1.8
281	2936	1.0
281	2973	2.3
281	3471	2.0
281	4124	3.0
281	5155	2.6
281	5156	2.3
281	5157	1.8
281	5158	1.8
281	5159	1.8
281	5160	1.6
281	5161	1.5
281	5162	1.5
281	5163	1.3
281	5164	1.2
281	5165	1.1
281	5166	1.1
281	5167	1.1
281	5168	1.0
281	5169	1.0
281	5170	1.0
285	65	3.2
285	88	1.1
285	198	2.4
285	220	2.4
285	234	3.4
285	283	2.6
285	298	1.4
285	300	2.4
285	316	2.1
285	377	2.2
285	383	1.3
285	412	1.8
285	439	3.3
285	533	1.0
285	538	2.7
285	542	2.7
285	614	2.8
285	706	2.8
285	707	2.8
285	714	2.6
285	854	3.3
285	917	3.5
285	932	1.1
285	957	1.7
285	966	2.5
285	979	1.3
285	982	3.2
285	1206	5.0
285	1286	2.2
285	1358	2.9
285	1360	3.5
285	1377	1.0
285	1513	2.3
285	1873	2.4
285	2346	1.0
285	3205	3.0
285	3540	1.5
285	3670	1.3
285	3780	1.4
285	3819	1.4
285	5218	4.1
285	5219	1.8
285	5220	1.7
285	5221	1.6
285	5222	1.4
285	5223	1.4
285	5224	1.4
285	5225	1.3
285	5226	1.2
285	5227	1.1
295	163	3.2
295	198	1.7
295	220	1.4
295	503	3.4
295	706	2.5
295	707	2.0
295	732	1.6
295	735	1.5
295	841	2.8
295	843	3.0
295	917	3.7
295	918	2.3
295	922	1.8
295	923	2.0
295	942	1.6
295	949	1.8
295	953	1.1
295	954	3.5
295	959	1.7
295	1093	1.7
295	1261	2.9
295	1275	1.0
295	1338	1.5
295	1342	1.2
295	1352	1.0
295	1358	2.4
295	1360	5.0
295	1364	2.0
295	1366	1.4
295	1369	2.6
295	1372	2.4
295	1412	4.4
295	1513	1.4
295	1520	2.7
295	1522	1.5
295	1523	1.0
295	1527	4.0
295	1531	1.5
295	1535	1.6
295	1803	1.7
295	1992	1.8
295	2342	1.1
295	2343	3.1
295	2838	1.3
295	3444	1.8
295	3476	2.9
295	3509	1.2
295	4273	1.2
295	5365	2.9
295	5366	1.5
313	9	2.2
313	10	1.6
313	11	1.2
313	15	1.0
313	25	2.1
313	34	1.9
313	176	1.1
313	181	1.3
313	504	1.6
313	517	1.7
313	807	2.0
313	837	1.8
313	843	1.6
313	917	5.0
313	918	1.1
313	922	3.3
313	928	1.3
313	930	1.7
313	936	2.2
313	1079	1.2
313	1104	1.9
313	1249	1.3
313	1299	1.2
313	1339	1.8
313	1347	1.7
313	1361	1.0
313	1366	1.5
313	1369	1.6
313	1711	1.4
313	2787	1.0
313	2961	2.2
313	2975	1.8
313	3244	1.2
313	3470	1.9
313	3774	1.9
313	3798	1.1
313	3806	1.6
313	4161	1.8
313	4319	1.2
313	4326	1.2
313	5577	1.6
313	5578	1.6
313	5579	1.6
313	5580	1.3
313	5581	1.3
313	5582	1.2
313	5583	1.1
313	5584	1.1
313	5585	1.0
313	5586	1.0
321	7	1.4
321	518	2.8
321	706	3.7
321	724	2.4
321	813	2.0
321	830	1.6
321	834	3.7
321	841	3.1
321	846	1.7
321	917	4.6
321	918	2.8
321	919	2.5
321	930	2.9
321	955	4.0
321	1119	1.5
321	1195	3.5
321	1249	2.3
321	1274	2.3
321	1358	4.4
321	1360	3.0
321	1366	2.1
321	1369	4.5
321	1547	3.1
321	1672	3.0
321	1803	3.6
321	1914	2.9
321	1917	1.0
321	2014	3.0
321	2062	3.4
321	2343	4.8
321	2347	5.0
321	2363	2.5
321	2379	3.1
321	3546	3.6
321	4135	1.7
321	4136	4.2
321	4137	1.4
321	4342	1.8
321	4343	1.8
321	4356	3.3
321	5100	1.6
321	5606	1.2
321	5666	4.0
321	5667	4.0
321	5668	3.1
321	5669	2.6
321	5670	2.5
321	5671	2.2
321	5672	1.0
321	5673	1.0
343	227	1.1
343	234	2.2
343	706	3.0
343	707	3.7
343	724	3.0
343	732	2.7
343	808	2.4
343	843	1.1
343	857	1.3
343	917	5.0
343	918	4.7
343	922	3.3
343	956	1.0
343	982	4.3
343	1110	3.8
343	1249	1.3
343	1343	2.1
343	1358	3.9
343	1360	3.6
343	1369	4.1
343	1372	4.3
343	1412	3.2
343	1426	3.1
343	1639	2.3
343	1810	1.1
343	1873	1.7
343	1974	3.2
343	2342	3.4
343	2343	1.7
343	2346	4.0
343	2347	1.9
343	2787	2.8
343	2853	4.2
343	3470	3.6
343	3475	3.3
343	4124	3.0
343	4458	1.4
343	4680	1.1
343	5157	2.2
343	5172	3.1
343	5365	1.2
343	5697	2.0
343	5895	3.3
343	5896	3.1
343	5897	1.9
343	5898	1.7
343	5899	1.4
343	5900	1.4
343	5901	1.2
343	5902	1.1
376	163	4.3
376	201	2.0
376	234	2.3
376	707	4.0
376	841	3.5
376	917	5.0
376	922	3.5
376	959	2.2
376	1257	1.8
376	1261	1.2
376	1274	2.7
376	1343	2.1
376	1344	3.5
376	1358	3.2
376	1369	2.0
376	1425	3.6
376	1522	2.8
376	1639	1.2
376	1796	2.5
376	1913	3.7
376	2704	1.0
376	2744	2.7
376	3470	2.9
376	5157	2.0
376	5365	2.2
376	5503	1.3
376	6263	2.7
376	6264	2.3
376	6265	2.2
376	6266	2.2
376	6267	2.1
376	6268	2.0
376	6269	2.0
376	6270	1.9
376	6271	1.9
376	6272	1.8
376	6273	1.6
376	6274	1.2
376	6275	1.2
376	6276	1.2
376	6277	1.1
376	6278	1.1
376	6279	1.1
376	6280	1.1
376	6281	1.1
376	6282	1.1
376	6283	1.1
376	6284	1.0
376	6285	1.0
376	6286	1.0
491	12	1.5
491	152	1.7
491	163	3.7
491	226	1.3
491	533	1.3
491	583	1.2
491	706	3.5
491	707	4.9
491	710	3.8
491	821	2.2
491	841	4.2
491	843	2.8
491	846	2.3
491	917	2.7
491	918	5.0
491	920	2.6
491	947	2.6
491	949	2.1
491	954	2.3
491	1206	2.5
491	1257	2.2
491	1260	1.5
491	1261	2.3
491	1276	1.5
491	1337	1.5
491	1351	2.0
491	1358	3.1
491	1360	4.5
491	1364	2.3
491	1369	2.0
491	1372	2.5
491	1412	2.3
491	1523	1.2
491	1527	2.5
491	1528	1.8
491	1531	1.1
491	1975	1.4
491	2360	1.9
491	2744	1.0
491	2765	3.0
491	2834	2.1
491	2901	1.8
491	3509	2.1
491	3624	4.0
491	3636	2.2
491	7419	2.0
491	7420	1.8
491	7421	1.7
491	7422	1.6
491	7423	1.1
519	13	1.0
519	72	2.3
519	183	1.4
519	198	3.3
519	234	1.3
519	370	2.5
519	377	1.6
519	487	1.2
519	490	1.1
519	706	2.8
519	807	1.0
519	917	5.0
519	918	4.9
519	920	3.0
519	922	2.0
519	928	3.1
519	936	1.9
519	940	3.4
519	944	1.1
519	946	1.2
519	954	1.8
519	959	1.3
519	1113	3.1
519	1339	2.4
519	1344	1.8
519	1358	3.2
519	1406	1.0
519	1788	2.7
519	1797	1.4
519	1803	1.8
519	1913	2.0
519	2004	1.3
519	2014	2.1
519	2342	2.5
519	2797	1.7
519	2972	2.4
519	3425	1.8
519	3739	1.6
519	3946	1.4
519	4342	1.5
519	4670	2.0
519	5115	1.2
519	5461	1.4
519	7707	4.3
519	7708	2.8
519	7709	2.2
519	7710	1.5
519	7711	1.5
519	7712	1.4
519	7713	1.2
595	25	1.8
595	163	1.2
595	506	2.0
595	707	3.0
595	724	1.5
595	737	1.2
595	821	1.5
595	841	3.1
595	843	1.3
595	917	5.0
595	918	2.8
595	920	1.6
595	922	3.1
595	923	1.2
595	924	1.2
595	928	2.6
595	930	2.0
595	934	2.0
595	936	2.3
595	937	2.7
595	942	2.9
595	947	2.1
595	952	1.3
595	953	1.5
595	954	2.1
595	956	1.5
595	957	2.9
595	1206	1.1
595	1257	1.5
595	1274	1.9
595	1337	1.2
595	1338	1.4
595	1339	1.4
595	1343	1.8
595	1344	1.1
595	1349	1.9
595	1355	1.1
595	1358	1.2
595	1364	1.0
595	1369	2.5
595	1374	1.0
595	1412	1.3
595	1527	1.9
595	1992	1.7
595	2838	1.2
595	3425	1.6
595	4326	1.3
595	4680	2.2
595	8386	1.1
595	8387	1.1
676	198	2.5
676	234	1.8
676	250	1.2
676	383	1.4
676	436	1.0
676	503	1.0
676	562	2.4
676	614	5.0
676	630	1.0
676	706	2.2
676	707	1.0
676	709	2.0
676	724	1.9
676	728	1.6
676	732	2.4
676	735	1.5
676	841	2.7
676	854	3.3
676	856	2.0
676	859	2.4
676	917	2.8
676	918	2.9
676	949	1.4
676	959	1.3
676	982	2.0
676	1119	1.0
676	1131	1.4
676	1202	2.1
676	1206	2.4
676	1261	1.0
676	1274	1.3
676	1281	1.6
676	1358	3.1
676	1360	2.2
676	1369	3.4
676	1412	3.8
676	1533	1.2
676	2343	2.9
676	2347	1.1
676	2369	2.3
676	2970	1.5
676	3476	3.0
676	4155	2.0
676	4218	1.4
676	4359	2.7
676	5157	1.0
676	5785	1.7
676	9204	2.1
676	9205	1.3
676	9206	1.0
699	51	3.6
699	72	5.0
699	98	1.5
699	99	2.8
699	159	3.7
699	176	2.4
699	187	1.2
699	193	2.6
699	227	1.6
699	429	1.6
699	706	2.0
699	707	1.4
699	852	2.6
699	859	1.8
699	861	1.2
699	917	3.2
699	982	2.9
699	993	1.1
699	997	2.6
699	998	1.7
699	1008	2.1
699	1013	3.4
699	1027	1.1
699	1073	1.2
699	1132	3.3
699	1351	1.2
699	1358	2.1
699	1360	3.1
699	1369	2.1
699	1372	2.0
699	1415	1.9
699	1803	1.1
699	1878	1.2
699	1881	3.0
699	1891	1.5
699	1892	1.4
699	1899	1.4
699	2013	2.6
699	2029	2.5
699	2342	1.0
699	2343	2.1
699	2347	2.9
699	2624	1.8
699	2853	1.7
699	2901	3.0
699	3476	1.9
699	3777	3.0
699	6541	3.4
699	6957	2.4
699	6959	1.9
735	25	1.6
735	55	1.8
735	67	1.6
735	89	4.4
735	157	4.6
735	180	1.8
735	220	2.2
735	283	2.0
735	289	1.3
735	295	2.0
735	306	1.2
735	378	1.9
735	512	3.2
735	518	1.3
735	706	2.8
735	707	1.5
735	710	1.9
735	718	1.6
735	724	1.4
735	792	1.5
735	843	2.5
735	903	1.9
735	917	4.7
735	918	2.0
735	922	1.9
735	930	2.4
735	932	3.9
735	940	2.1
735	957	1.0
735	959	3.4
735	966	1.1
735	1214	1.2
735	1249	1.4
735	1264	3.1
735	1281	1.2
735	1360	5.0
735	1369	2.5
735	1372	1.0
735	1412	2.7
735	1415	3.3
735	1513	1.9
735	2343	3.7
735	3462	1.3
735	4087	1.9
735	4990	3.8
735	6527	2.1
735	7927	1.4
735	9674	2.7
735	9675	2.1
735	9676	1.2
845	188	3.9
845	503	4.0
845	533	1.8
845	593	1.8
845	607	2.7
845	707	4.8
845	726	1.0
845	812	4.6
845	841	1.0
845	917	5.0
845	918	4.5
845	920	3.7
845	949	3.4
845	1249	2.8
845	1274	1.0
845	1358	1.0
845	1360	4.2
845	1364	1.0
845	1411	2.6
845	2006	1.9
845	4787	4.0
845	6282	4.1
845	9552	1.9
845	10584	3.6
845	10585	3.3
845	10586	3.2
845	10587	1.5
845	10588	1.5
1064	96	1.6
1064	163	4.2
1064	192	2.5
1064	234	1.9
1064	316	1.2
1064	378	2.1
1064	706	4.0
1064	707	4.7
1064	710	3.0
1064	717	3.0
1064	724	4.2
1064	730	2.0
1064	732	1.6
1064	868	2.1
1064	917	4.0
1064	918	1.5
1064	930	2.6
1064	956	2.6
1064	959	3.4
1064	982	1.0
1064	1110	2.7
1064	1160	1.6
1064	1249	2.1
1064	1358	4.0
1064	1369	4.4
1064	1372	1.6
1064	1412	1.5
1064	1425	4.8
1064	1468	2.1
1064	1803	1.3
1064	2342	3.2
1064	2343	5.0
1064	2346	2.8
1064	2463	2.0
1064	2569	1.9
1064	2787	1.0
1064	2861	1.0
1064	2936	1.2
1064	3445	1.4
1064	3470	2.2
1064	3888	1.2
1064	4130	3.7
1064	5812	2.7
1064	8340	1.3
1064	8423	1.2
1064	8555	3.4
1064	8794	1.3
1064	12081	2.9
1064	12082	2.6
1064	12083	1.2
1231	63	3.8
1231	67	2.7
1231	72	2.6
1231	93	4.6
1231	157	3.7
1231	163	1.2
1231	234	2.6
1231	511	3.3
1231	706	1.0
1231	712	4.2
1231	715	3.2
1231	724	3.6
1231	729	1.2
1231	733	1.7
1231	734	2.1
1231	735	2.0
1231	868	4.9
1231	917	3.3
1231	959	1.9
1231	1098	2.1
1231	1110	4.3
1231	1130	4.6
1231	1131	5.0
1231	1244	2.8
1231	1249	2.0
1231	1272	1.2
1231	1285	1.4
1231	1372	3.1
1231	1412	2.3
1231	1413	1.0
1231	1415	2.8
1231	1425	1.1
1231	1800	1.5
1231	2375	2.1
1231	2901	1.5
1231	4126	2.2
1231	4600	3.3
1231	5073	2.2
1231	5175	2.4
1231	5497	1.3
1231	5521	4.8
1231	7119	1.1
1231	7152	2.1
1231	8802	2.2
1231	9706	1.4
1231	11193	1.2
1231	12352	1.2
1231	12738	2.2
1231	13339	2.7
1231	13340	2.2
1350	56	3.2
1350	96	3.0
1350	163	3.1
1350	176	1.9
1350	190	1.1
1350	220	1.1
1350	226	2.7
1350	227	4.2
1350	233	1.8
1350	383	3.3
1350	607	3.9
1350	706	2.0
1350	724	3.3
1350	735	2.1
1350	856	1.3
1350	917	4.8
1350	918	1.6
1350	920	1.5
1350	922	2.4
1350	924	1.9
1350	940	1.8
1350	942	2.3
1350	959	1.1
1350	1110	4.1
1350	1122	2.1
1350	1132	1.2
1350	1249	2.1
1350	1338	1.2
1350	1343	3.2
1350	1350	1.0
1350	1358	2.7
1350	1369	2.4
1350	1372	2.4
1350	1394	1.9
1350	1412	4.1
1350	1639	3.3
1350	1703	1.9
1350	1883	1.9
1350	1993	1.3
1350	2346	2.6
1350	2362	1.1
1350	2565	1.1
1350	3774	1.3
1350	3777	1.9
1350	4130	2.5
1350	4675	2.9
1350	7052	1.8
1350	7054	5.0
1350	14052	2.0
1350	14053	1.7
1536	12	1.6
1536	15	1.7
1536	72	2.7
1536	190	1.1
1536	198	2.8
1536	220	1.0
1536	517	2.1
1536	706	1.6
1536	707	1.6
1536	824	1.0
1536	841	3.5
1536	917	5.0
1536	918	3.6
1536	922	3.1
1536	947	2.1
1536	949	2.9
1536	954	1.9
1536	959	1.4
1536	1044	2.7
1536	1104	2.7
1536	1119	1.4
1536	1249	1.8
1536	1257	2.1
1536	1261	2.9
1536	1339	1.4
1536	1347	2.2
1536	1350	1.0
1536	1358	2.8
1536	1360	2.9
1536	1372	1.1
1536	1521	1.3
1536	1527	2.1
1536	1639	1.7
1536	1804	1.4
1536	1810	1.1
1536	2342	1.1
1536	2346	1.1
1536	2347	2.4
1536	2493	1.2
1536	2835	1.1
1536	3624	1.4
1536	4271	2.2
1536	4680	1.0
1536	5076	1.6
1536	5157	1.1
1536	6273	1.7
1536	7386	1.7
1536	10686	1.5
1536	15222	2.1
1536	15223	1.3
1640	176	1.1
1640	181	2.3
1640	198	4.3
1640	233	1.3
1640	234	3.2
1640	370	2.8
1640	486	1.9
1640	488	3.3
1640	497	1.1
1640	503	1.4
1640	504	1.8
1640	706	3.2
1640	710	2.3
1640	724	2.1
1640	726	2.5
1640	735	2.1
1640	841	2.1
1640	917	5.0
1640	918	4.2
1640	922	4.1
1640	923	3.5
1640	982	3.1
1640	1044	2.8
1640	1179	1.9
1640	1249	2.7
1640	1347	1.0
1640	1351	4.3
1640	1358	2.8
1640	1360	1.0
1640	1369	3.0
1640	1372	1.5
1640	1412	1.9
1640	1672	2.0
1640	1984	2.6
1640	2342	2.9
1640	2372	1.3
1640	2595	2.9
1640	2664	2.3
1640	2765	1.5
1640	2794	1.4
1640	3238	1.4
1640	3624	1.6
1640	3628	2.7
1640	3646	1.2
1640	4286	1.6
1640	6259	1.3
1640	8422	1.0
1640	15769	2.6
1640	15770	2.4
1640	15771	1.5
1858	7	1.6
1858	176	1.7
1858	198	2.3
1858	227	1.4
1858	500	1.0
1858	517	1.7
1858	724	4.4
1858	732	2.2
1858	841	3.7
1858	843	2.3
1858	846	2.2
1858	917	4.6
1858	918	3.7
1858	922	2.5
1858	923	1.3
1858	928	3.4
1858	942	1.8
1858	947	2.0
1858	957	1.8
1858	1342	1.5
1858	1343	1.3
1858	1346	2.2
1858	1353	3.1
1858	1358	4.9
1858	1360	4.2
1858	1366	3.5
1858	1369	5.0
1858	1372	2.9
1858	1527	2.8
1858	1531	1.4
1858	1535	1.2
1858	1803	1.5
1858	1992	1.7
1858	2341	2.4
1858	2342	4.2
1858	2343	1.7
1858	2347	1.0
1858	2380	1.4
1858	2664	2.8
1858	2787	2.1
1858	2838	2.9
1858	3445	2.3
1858	3470	3.0
1858	3471	1.2
1858	3476	3.1
1858	4286	1.5
1858	5157	3.8
1858	5668	1.8
1858	6748	1.6
1858	10686	2.5
1860	706	3.1
1860	707	4.5
1860	724	2.5
1860	841	2.8
1860	843	1.1
1860	917	5.0
1860	918	4.4
1860	922	1.4
1860	928	2.5
1860	937	2.1
1860	942	2.1
1860	946	3.9
1860	947	2.1
1860	949	3.8
1860	953	1.5
1860	956	1.5
1860	957	2.9
1860	1110	1.6
1860	1257	3.0
1860	1339	2.5
1860	1349	1.9
1860	1350	3.3
1860	1352	2.4
1860	1358	4.1
1860	1360	3.6
1860	1364	1.3
1860	1369	4.4
1860	1372	2.0
1860	1412	1.0
1860	1521	1.9
1860	1522	1.9
1860	1526	1.2
1860	1527	2.6
1860	2004	1.7
1860	2342	4.4
1860	3470	2.2
1860	3476	1.9
1860	4156	3.6
1860	5585	1.7
1860	5688	2.4
1860	5689	1.5
1860	5899	1.8
1860	8696	1.5
1860	17173	3.0
1860	17174	3.0
1860	17175	2.9
1860	17176	2.5
1860	17177	2.4
1860	17178	1.3
1860	17179	1.2
1868	157	2.3
1868	163	4.2
1868	383	2.2
1868	533	1.6
1868	614	2.7
1868	706	4.0
1868	728	2.5
1868	917	5.0
1868	922	4.8
1868	959	3.8
1868	966	2.0
1868	975	3.9
1868	1104	3.4
1868	1249	3.3
1868	1347	3.0
1868	1358	3.7
1868	1369	4.6
1868	1372	3.4
1868	1425	3.2
1868	1426	3.7
1868	1639	1.8
1868	2342	4.4
1868	2347	2.1
1868	2763	1.2
1868	2855	3.2
1868	3470	2.9
1868	5155	1.4
1868	5164	2.7
1868	5485	1.8
1868	5688	3.1
1868	6259	3.7
1868	17270	2.7
1868	17271	2.0
1868	17272	1.0
1868	17273	1.0
1868	17274	1.0
1968	7	2.2
1968	176	1.2
1968	198	2.9
1968	220	2.0
1968	226	1.7
1968	227	1.6
1968	234	3.2
1968	377	2.5
1968	614	3.9
1968	706	3.2
1968	707	4.1
1968	710	3.7
1968	724	5.0
1968	735	1.2
1968	854	2.6
1968	856	1.8
1968	860	2.0
1968	917	3.0
1968	922	1.3
1968	952	1.3
1968	1044	1.4
1968	1104	2.7
1968	1119	1.9
1968	1249	3.9
1968	1358	1.5
1968	1360	2.7
1968	1369	4.6
1968	1372	3.0
1968	1412	1.6
1968	1778	1.1
1968	1873	2.1
1968	2342	1.2
1968	2346	3.2
1968	2379	1.4
1968	2595	1.5
1968	2789	2.4
1968	2791	1.5
1968	2835	1.7
1968	2836	1.6
1968	2975	1.2
1968	3475	1.3
1968	4105	3.2
1968	4342	1.7
1968	4800	1.4
1968	5105	1.3
1968	5688	1.7
1968	8351	1.7
1968	9716	2.0
1968	16950	1.3
1968	17925	1.0
1978	154	1.5
1978	176	2.0
1978	220	1.1
1978	234	1.1
1978	511	1.2
1978	706	2.2
1978	707	5.0
1978	724	3.5
1978	732	3.1
1978	841	1.5
1978	843	1.0
1978	854	1.3
1978	917	3.5
1978	918	5.0
1978	920	1.4
1978	951	4.5
1978	952	3.1
1978	959	1.1
1978	1249	3.7
1978	1358	3.7
1978	1360	1.7
1978	1364	1.6
1978	1369	2.8
1978	1372	1.0
1978	1412	1.0
1978	1803	3.8
1978	1808	1.9
1978	1810	3.7
1978	2342	1.4
1978	2343	3.2
1978	2346	2.4
1978	2347	3.2
1978	2360	1.1
1978	2565	2.0
1978	2787	2.1
1978	2790	2.6
1978	2859	1.8
1978	2973	1.1
1978	3083	2.1
1978	3473	1.3
1978	3474	1.0
1978	4165	3.1
1978	4180	1.6
1978	4460	1.5
1978	5165	1.7
1978	6292	1.1
1978	9462	1.6
1978	9822	1.1
1978	17991	1.9
1978	17992	1.4
1986	152	1.4
1986	163	2.7
1986	176	1.1
1986	227	1.9
1986	234	1.2
1986	380	1.2
1986	498	2.1
1986	607	2.5
1986	706	3.1
1986	707	2.5
1986	724	3.0
1986	841	3.4
1986	843	2.6
1986	917	5.0
1986	918	3.6
1986	923	1.0
1986	928	2.1
1986	932	2.9
1986	942	2.6
1986	946	2.3
1986	953	1.4
1986	954	2.0
1986	957	1.5
1986	1338	1.3
1986	1358	2.6
1986	1360	2.3
1986	1364	2.0
1986	1369	2.9
1986	1412	3.1
1986	1415	1.6
1986	1672	2.9
1986	1854	1.2
1986	2341	1.0
1986	2342	1.9
1986	2343	1.2
1986	2347	1.7
1986	2664	1.3
1986	2746	3.1
1986	2765	1.3
1986	2797	2.4
1986	2834	1.7
1986	2844	3.6
1986	3093	1.1
1986	5451	2.4
1986	5772	1.3
1986	6282	1.6
1986	8042	1.0
1986	8351	1.4
1986	8386	1.6
1986	18022	2.3
2093	96	2.0
2093	176	2.6
2093	554	1.1
2093	607	2.1
2093	706	2.8
2093	718	1.3
2093	724	3.9
2093	728	1.0
2093	730	1.1
2093	733	1.1
2093	735	3.9
2093	868	1.8
2093	917	1.6
2093	959	1.3
2093	1244	3.3
2093	1360	3.6
2093	1369	4.2
2093	1372	5.0
2093	1415	3.6
2093	1426	2.1
2093	1639	3.8
2093	2342	2.2
2093	2343	1.1
2093	2346	1.2
2093	2742	1.8
2093	2786	3.0
2093	2787	2.3
2093	2834	2.8
2093	2853	3.6
2093	2855	2.2
2093	2871	1.4
2093	2893	2.4
2093	2899	2.3
2093	3470	1.5
2093	3774	3.0
2093	3888	3.2
2093	4251	2.1
2093	4369	1.1
2093	4541	1.6
2093	5168	1.2
2093	5844	1.7
2093	6165	3.6
2093	8111	2.6
2093	8122	1.1
2093	8794	2.4
2093	9347	1.2
2093	9926	1.2
2093	10412	1.6
2093	18656	1.8
2093	18657	1.0
