userID	artistID	rating
7	55	2.6
7	67	2.5
7	89	3.2
7	257	3.1
7	288	5.0
7	289	3.8
7	290	3.3
7	291	3.1
7	292	2.9
7	293	2.9
7	294	2.7
7	295	2.6
7	296	2.4
7	297	2.2
7	298	2.1
7	299	2.1
7	300	2.1
7	301	2.0
7	302	2.0
7	303	1.9
7	304	1.9
7	305	1.8
7	306	1.8
7	307	1.8
7	308	1.7
7	309	1.6
7	310	1.6
7	311	1.6
7	312	1.6
7	313	1.5
7	314	1.5
7	315	1.5
7	316	1.4
7	317	1.4
7	318	1.4
7	319	1.4
7	320	1.3
7	321	1.3
7	322	1.3
7	323	1.2
7	324	1.2
7	325	1.2
7	326	1.2
7	327	1.1
7	328	1.1
7	329	1.1
7	330	1.1
7	331	1.0
7	332	1.0
7	333	1.0
13	55	1.5
13	67	1.7
13	89	5.0
13	173	1.5
13	228	1.5
13	292	1.3
13	295	1.0
13	298	2.0
13	299	1.3
13	300	1.0
13	302	1.7
13	310	2.0
13	316	1.3
13	318	1.0
13	325	1.2
13	328	1.8
13	333	2.4
13	344	1.0
13	349	1.2
13	352	1.0
13	378	1.0
13	461	1.2
13	466	1.3
13	498	1.5
13	523	1.7
13	524	1.6
13	525	1.5
13	526	1.5
13	527	1.3
13	528	1.3
13	529	1.2
13	530	1.2
13	531	1.2
13	532	1.2
13	533	1.0
13	534	1.0
13	535	1.0
13	536	1.0
13	537	1.0
13	538	1.0
13	539	1.0
13	540	1.0
13	541	1.0
13	542	1.0
13	543	1.0
13	544	1.0
13	545	1.0
13	546	1.0
13	547	1.0
13	548	1.0
16	89	4.9
16	161	3.6
16	346	2.4
16	386	1.2
16	532	2.3
16	634	5.0
16	635	4.6
16	636	4.2
16	637	3.8
16	638	3.7
16	639	3.6
16	640	3.2
16	641	3.2
16	642	3.2
16	643	3.1
16	644	3.1
16	645	2.8
16	646	2.7
16	647	2.7
16	648	2.6
16	649	2.3
16	650	2.3
16	651	2.3
16	652	2.1
16	653	2.1
16	654	2.0
16	655	2.0
16	656	2.0
16	657	1.9
16	658	1.8
16	659	1.7
16	660	1.5
16	661	1.4
16	662	1.4
16	663	1.4
16	664	1.2
16	665	1.2
16	666	1.2
16	667	1.2
16	668	1.2
16	669	1.2
16	670	1.1
16	671	1.1
16	672	1.1
16	673	1.1
16	674	1.1
16	675	1.1
16	676	1.0
16	677	1.0
16	678	1.0
17	56	1.7
17	67	1.9
17	89	3.0
17	229	2.4
17	230	1.1
17	288	1.2
17	289	1.1
17	292	1.1
17	298	1.6
17	300	2.9
17	306	1.3
17	324	1.9
17	325	1.6
17	344	3.3
17	403	1.0
17	461	2.8
17	464	1.8
17	466	2.8
17	498	3.2
17	526	1.0
17	528	1.9
17	538	1.5
17	544	2.2
17	548	3.1
17	679	5.0
17	680	2.8
17	681	2.7
17	682	2.5
17	683	2.2
17	684	2.2
17	685	2.1
17	686	2.0
17	687	2.0
17	688	2.0
17	689	1.8
17	690	1.7
17	691	1.6
17	692	1.5
17	693	1.5
17	694	1.5
17	695	1.4
17	696	1.4
17	697	1.4
17	698	1.3
17	699	1.1
17	700	1.1
17	701	1.1
17	702	1.1
17	703	1.0
17	704	1.0
30	89	3.7
30	190	1.6
30	228	2.3
30	229	1.9
30	230	2.6
30	234	2.0
30	288	2.2
30	289	4.6
30	291	1.4
30	295	2.1
30	300	3.4
30	304	2.4
30	315	3.2
30	318	2.8
30	321	3.8
30	325	1.7
30	333	3.5
30	344	1.8
30	355	1.1
30	455	1.4
30	456	1.7
30	461	4.7
30	465	2.1
30	471	1.2
30	481	2.2
30	498	4.9
30	521	3.5
30	538	1.3
30	646	1.5
30	679	2.8
30	680	2.2
30	687	1.7
30	793	3.6
30	908	1.2
30	951	1.6
30	966	1.0
30	1043	2.5
30	1047	5.0
30	1048	4.8
30	1049	2.6
30	1050	2.3
30	1051	2.0
30	1052	1.9
30	1053	1.7
30	1054	1.7
30	1055	1.6
30	1056	1.4
30	1057	1.4
30	1058	1.1
30	1059	1.0
57	89	3.6
57	207	2.1
57	234	1.5
57	288	2.3
57	289	1.5
57	292	1.1
57	295	1.0
57	300	2.6
57	333	3.7
57	344	3.7
57	377	1.2
57	378	2.7
57	424	1.7
57	464	1.0
57	466	1.3
57	470	4.1
57	471	2.9
57	475	1.6
57	481	3.0
57	486	2.7
57	498	2.9
57	686	1.1
57	704	3.6
57	779	4.8
57	889	2.5
57	1034	1.0
57	1041	3.3
57	1043	3.2
57	1045	2.7
57	1180	4.5
57	1185	2.2
57	1188	2.7
57	1190	2.7
57	1196	2.6
57	1246	1.3
57	1429	1.4
57	1541	2.1
57	1659	1.4
57	1670	5.0
57	1671	3.6
57	1672	3.2
57	1673	3.0
57	1674	2.9
57	1675	2.6
57	1676	2.5
57	1677	2.3
57	1678	2.2
57	1679	1.2
57	1680	1.2
57	1681	1.0
104	89	3.3
104	188	2.4
104	192	4.4
104	229	1.0
104	230	1.8
104	234	1.5
104	289	4.1
104	324	1.7
104	378	1.4
104	383	1.4
104	425	1.0
104	464	1.5
104	498	2.7
104	500	1.2
104	504	1.6
104	680	1.1
104	687	2.2
104	693	2.4
104	705	3.0
104	928	1.4
104	966	1.2
104	1038	1.8
104	1041	2.3
104	1043	1.6
104	1044	4.4
104	1045	3.8
104	1119	2.8
104	1185	1.1
104	1201	1.5
104	1249	4.4
104	1274	4.0
104	1412	1.2
104	1515	1.1
104	1933	3.8
104	2637	2.0
104	2652	5.0
104	2653	3.4
104	2654	3.3
104	2655	3.0
104	2656	2.7
104	2657	2.6
104	2658	2.6
104	2659	2.3
104	2660	2.2
104	2661	2.2
104	2662	2.1
104	2663	2.0
104	2664	1.1
104	2665	1.1
104	2666	1.0
110	55	1.2
110	89	3.0
110	257	1.7
110	265	1.5
110	288	4.2
110	289	5.0
110	291	1.5
110	292	2.2
110	294	1.1
110	295	1.8
110	300	2.4
110	314	1.2
110	324	1.3
110	325	2.8
110	333	1.0
110	349	2.1
110	367	3.1
110	369	1.1
110	377	1.0
110	388	3.4
110	393	2.3
110	400	3.5
110	409	2.6
110	413	2.1
110	524	1.1
110	679	1.4
110	1904	1.5
110	1906	1.5
110	1918	1.4
110	2089	3.0
110	2091	3.4
110	2092	3.4
110	2094	2.1
110	2097	1.6
110	2098	2.6
110	2102	3.2
110	2106	2.0
110	2117	1.3
110	2798	2.2
110	2799	1.9
110	2800	1.8
110	2801	1.8
110	2802	1.7
110	2803	1.5
110	2804	1.4
110	2805	1.4
110	2806	1.3
110	2807	1.0
110	2808	1.0
110	2809	1.0
121	89	3.3
121	161	1.9
121	257	1.4
121	283	1.5
121	288	2.6
121	289	3.4
121	290	1.7
121	292	3.5
121	295	2.9
121	300	2.9
121	301	1.1
121	302	1.9
121	306	1.2
121	321	5.0
121	327	1.7
121	333	2.4
121	342	1.1
121	360	1.7
121	377	2.8
121	378	2.6
121	458	4.0
121	461	3.0
121	475	1.9
121	518	2.2
121	542	1.4
121	641	1.0
121	646	1.5
121	683	1.6
121	701	2.4
121	802	2.4
121	908	1.4
121	966	1.4
121	1042	1.7
121	1247	1.4
121	1429	2.2
121	1447	1.7
121	1458	1.6
121	1470	1.6
121	2080	1.6
121	2176	1.7
121	2352	1.0
121	2655	1.7
121	2983	2.0
121	2984	1.7
121	2985	1.6
121	2986	1.5
121	2987	1.3
121	2988	1.1
121	2989	1.0
121	2990	1.0
129	55	1.8
129	67	2.6
129	71	1.0
129	89	5.0
129	257	2.9
129	265	1.2
129	288	3.5
129	289	2.8
129	292	2.3
129	293	2.6
129	294	1.3
129	295	1.8
129	296	3.1
129	299	1.5
129	300	3.2
129	302	2.1
129	304	1.5
129	323	1.3
129	325	2.0
129	333	2.8
129	344	3.2
129	352	1.7
129	362	3.8
129	374	2.6
129	389	2.9
129	423	1.1
129	461	2.8
129	465	3.4
129	466	2.9
129	523	1.4
129	525	1.1
129	544	1.8
129	548	2.2
129	686	1.6
129	689	1.7
129	690	1.2
129	704	2.1
129	906	2.3
129	915	1.3
129	961	1.4
129	972	2.2
129	1052	1.1
129	1459	1.0
129	1463	3.5
129	1580	1.3
129	1971	1.9
129	3123	1.5
129	3124	1.2
129	3125	1.1
129	3126	1.1
135	2	2.1
135	9	1.0
135	30	1.3
135	55	2.0
135	67	2.2
135	72	1.1
135	89	4.6
135	166	1.2
135	173	1.2
135	288	1.3
135	289	3.4
135	292	1.9
135	296	1.2
135	300	1.6
135	352	1.6
135	386	1.3
135	466	2.5
135	487	1.7
135	518	2.9
135	544	1.4
135	686	1.0
135	790	2.5
135	802	1.2
135	906	2.2
135	930	1.1
135	970	1.5
135	972	2.4
135	1034	1.0
135	1066	2.3
135	1075	1.5
135	1263	1.0
135	1300	5.0
135	1714	1.2
135	2014	1.1
135	3183	3.7
135	3184	2.9
135	3185	2.4
135	3186	1.8
135	3187	1.6
135	3188	1.5
135	3189	1.5
135	3190	1.3
135	3191	1.3
135	3192	1.2
135	3193	1.2
135	3194	1.1
135	3195	1.1
135	3196	1.1
135	3197	1.1
135	3198	1.1
146	67	1.8
146	89	3.0
146	97	1.1
146	257	2.8
146	288	5.0
146	289	3.1
146	290	2.4
146	291	1.7
146	292	1.2
146	294	1.4
146	295	3.6
146	298	1.8
146	300	3.8
146	301	1.1
146	302	1.5
146	306	2.7
146	311	1.0
146	314	1.2
146	318	2.3
146	320	1.1
146	325	1.5
146	330	1.2
146	333	2.0
146	344	3.3
146	349	2.7
146	386	2.3
146	461	2.8
146	466	2.9
146	484	1.3
146	498	2.0
146	528	1.7
146	543	1.2
146	545	1.2
146	546	1.1
146	701	2.8
146	1444	1.0
146	1450	1.2
146	1613	1.3
146	1904	3.0
146	2091	2.4
146	2092	3.6
146	2094	3.6
146	2106	1.8
146	2799	2.2
146	2803	1.9
146	2990	3.0
146	3323	2.4
146	3324	1.9
146	3325	1.7
146	3326	1.4
149	71	1.5
149	89	3.8
149	159	2.4
149	173	3.3
149	198	3.2
149	230	1.8
149	291	1.1
149	300	1.4
149	302	2.2
149	306	2.3
149	342	1.8
149	366	2.2
149	378	3.6
149	436	2.1
149	486	2.2
149	488	1.9
149	492	1.4
149	497	2.6
149	498	5.0
149	518	1.5
149	536	2.4
149	546	1.3
149	572	2.4
149	680	2.7
149	687	1.1
149	697	1.1
149	966	1.2
149	972	3.1
149	982	1.6
149	1041	1.4
149	1044	2.5
149	1052	2.6
149	1116	1.8
149	1130	1.7
149	1400	1.2
149	1470	2.1
149	1857	2.4
149	1934	1.2
149	2352	1.7
149	2545	1.8
149	2786	1.5
149	2839	2.8
149	3367	3.4
149	3368	3.1
149	3369	2.2
149	3370	1.7
149	3371	1.5
149	3372	1.3
149	3373	1.1
149	3374	1.0
150	89	3.0
150	155	2.4
150	157	2.5
150	161	1.4
150	190	1.5
150	227	2.8
150	251	1.2
150	257	5.0
150	265	3.1
150	283	1.0
150	288	1.6
150	289	2.4
150	291	1.6
150	294	1.2
150	295	4.3
150	299	3.0
150	301	1.6
150	302	1.8
150	306	1.2
150	320	1.9
150	321	1.4
150	325	1.9
150	329	1.7
150	331	1.8
150	333	1.3
150	340	1.3
150	344	2.0
150	349	1.4
150	378	1.4
150	455	1.1
150	468	1.4
150	472	1.2
150	528	1.9
150	646	1.4
150	701	2.4
150	966	1.0
150	986	1.3
150	1244	2.9
150	1445	1.3
150	1447	3.4
150	1459	1.9
150	1601	1.4
150	2176	1.5
150	2184	2.7
150	2439	1.9
150	2545	1.2
150	2861	1.0
150	3375	1.5
150	3376	1.0
150	3377	1.0
179	7	2.4
179	67	2.3
179	72	2.0
179	89	5.0
179	157	3.5
179	159	3.3
179	173	3.7
179	227	2.1
179	230	1.5
179	234	2.3
179	288	1.9
179	289	4.9
179	291	2.3
179	292	3.7
179	293	2.4
179	300	1.4
179	318	1.1
179	333	2.3
179	357	1.4
179	371	2.9
179	377	4.4
179	378	1.4
179	420	2.2
179	461	1.6
179	464	1.6
179	466	2.4
179	475	2.9
179	481	1.5
179	486	1.0
179	498	1.2
179	499	1.5
179	523	3.8
179	524	2.3
179	536	2.4
179	544	2.6
179	680	1.1
179	704	2.3
179	1034	2.6
179	1231	1.2
179	1406	2.0
179	1673	1.9
179	1988	2.0
179	2102	1.1
179	2432	4.4
179	2821	2.1
179	2978	2.0
179	3794	3.0
179	3795	2.4
179	3796	2.4
179	3797	2.0
226	67	1.5
226	89	3.6
226	230	1.5
226	257	1.7
226	288	5.0
226	289	1.1
226	291	1.5
226	292	2.4
226	295	2.6
226	300	3.0
226	302	3.0
226	306	1.4
226	310	2.3
226	318	1.2
226	321	1.1
226	325	2.8
226	333	2.2
226	344	1.5
226	349	2.9
226	378	1.2
226	461	2.3
226	466	2.7
226	475	1.7
226	498	1.3
226	523	2.5
226	534	1.2
226	542	2.8
226	543	1.7
226	544	1.7
226	546	1.1
226	679	2.9
226	681	1.4
226	686	2.9
226	692	1.4
226	701	3.2
226	790	1.0
226	802	1.5
226	907	1.4
226	972	1.3
226	1037	1.7
226	1453	3.0
226	1455	1.0
226	1613	1.4
226	1673	2.7
226	2990	2.8
226	3332	1.6
226	3571	2.2
226	4512	1.1
226	4513	1.1
226	4514	1.0
230	55	2.1
230	67	2.0
230	89	3.2
230	257	3.9
230	288	1.7
230	289	2.7
230	291	1.6
230	292	2.7
230	294	3.2
230	299	3.1
230	300	1.6
230	301	1.0
230	302	1.1
230	304	3.9
230	306	1.1
230	318	1.8
230	321	1.5
230	324	1.4
230	333	1.3
230	344	2.0
230	349	1.1
230	355	1.5
230	374	2.3
230	375	4.9
230	378	2.0
230	394	1.4
230	456	5.0
230	461	2.7
230	465	1.2
230	466	2.1
230	518	1.1
230	544	1.7
230	701	1.6
230	793	1.1
230	908	1.1
230	1047	1.1
230	1602	2.5
230	1934	1.3
230	2086	1.8
230	2097	1.0
230	2102	4.3
230	3320	2.0
230	3324	2.7
230	3330	1.1
230	4554	2.5
230	4555	2.0
230	4556	1.4
230	4557	1.4
230	4558	1.2
230	4559	1.1
231	67	1.9
231	89	5.0
231	161	1.5
231	257	2.0
231	288	4.4
231	289	5.0
231	292	1.9
231	295	2.3
231	296	1.3
231	298	1.4
231	299	1.0
231	300	3.0
231	306	1.8
231	317	2.0
231	318	1.6
231	323	3.1
231	327	2.4
231	328	1.5
231	331	1.8
231	332	1.1
231	349	1.1
231	352	2.9
231	386	1.0
231	458	1.4
231	461	1.8
231	466	3.0
231	468	1.1
231	484	1.0
231	528	1.2
231	535	2.3
231	543	2.6
231	545	1.1
231	644	4.5
231	679	3.5
231	699	1.2
231	701	1.6
231	907	1.0
231	914	2.8
231	915	1.1
231	1037	2.7
231	1449	1.3
231	2025	2.4
231	2939	1.8
231	2990	1.6
231	3713	1.3
231	4560	2.9
231	4561	1.8
231	4562	1.7
231	4563	1.2
231	4564	1.1
232	7	2.6
232	55	1.3
232	67	1.9
232	89	3.4
232	241	1.5
232	251	2.4
232	257	3.9
232	266	1.0
232	285	5.0
232	288	3.6
232	289	4.3
232	290	1.3
232	292	3.5
232	293	1.3
232	294	4.2
232	295	2.8
232	299	3.3
232	301	2.2
232	306	2.1
232	308	2.0
232	309	3.4
232	310	1.1
232	314	1.8
232	317	2.9
232	318	1.6
232	320	1.3
232	332	1.5
232	349	1.3
232	352	1.8
232	465	2.7
232	484	1.4
232	540	1.1
232	544	1.0
232	907	2.0
232	1104	1.6
232	1180	1.6
232	1513	1.1
232	1981	1.9
232	2515	2.3
232	3237	2.9
232	4565	3.5
232	4566	3.1
232	4567	3.0
232	4568	2.3
232	4569	2.2
232	4570	1.9
232	4571	1.9
232	4572	1.6
232	4573	1.6
232	4574	1.2
240	55	1.4
240	67	1.3
240	89	5.0
240	190	3.6
240	227	1.6
240	288	3.0
240	289	3.4
240	292	1.9
240	295	1.5
240	300	2.7
240	302	1.5
240	306	1.8
240	328	1.8
240	333	4.3
240	344	1.9
240	346	1.5
240	378	1.8
240	386	1.4
240	455	1.8
240	458	1.8
240	464	1.9
240	466	3.6
240	475	1.9
240	481	2.3
240	486	2.0
240	498	2.2
240	502	1.5
240	540	1.1
240	544	1.4
240	701	2.5
240	726	1.0
240	1042	1.5
240	1044	1.6
240	1104	2.2
240	1186	2.3
240	1449	1.3
240	1455	1.0
240	1464	1.0
240	1571	2.9
240	1576	2.2
240	1786	1.9
240	2498	2.4
240	3859	2.3
240	4242	1.7
240	4502	3.3
240	4685	3.7
240	4686	1.3
240	4687	1.2
240	4688	1.2
240	4689	1.1
248	89	3.5
248	161	2.2
248	288	4.4
248	289	3.6
248	292	4.3
248	295	2.6
248	296	1.9
248	300	2.2
248	306	4.3
248	308	2.4
248	320	1.8
248	324	2.0
248	325	1.2
248	332	2.4
248	333	2.1
248	338	2.6
248	349	1.3
248	386	4.3
248	455	3.2
248	458	1.9
248	461	2.9
248	464	5.0
248	466	4.3
248	498	1.9
248	532	1.9
248	541	1.0
248	543	3.3
248	544	2.1
248	644	2.5
248	686	2.2
248	701	2.4
248	907	1.1
248	908	1.1
248	915	2.3
248	1021	2.3
248	1071	1.4
248	1513	1.5
248	2020	2.5
248	2498	1.9
248	2543	2.2
248	3209	1.2
248	3397	1.3
248	4565	1.1
248	4765	3.1
248	4766	2.6
248	4767	2.3
248	4768	1.9
248	4769	1.4
248	4770	1.1
248	4771	1.0
253	55	2.5
253	65	2.0
253	67	2.9
253	89	3.2
253	97	1.9
253	166	1.2
253	220	1.4
253	246	1.3
253	256	1.6
253	288	2.5
253	289	3.9
253	290	2.0
253	291	1.6
253	292	1.8
253	295	2.8
253	298	1.4
253	302	2.2
253	306	2.2
253	310	2.1
253	333	1.5
253	340	1.2
253	349	1.9
253	350	1.0
253	362	1.4
253	423	2.5
253	439	1.7
253	498	1.8
253	542	2.1
253	646	2.2
253	689	1.0
253	701	3.6
253	789	1.1
253	790	1.7
253	792	2.9
253	802	5.0
253	889	2.6
253	903	2.0
253	906	1.4
253	1429	1.1
253	1771	1.0
253	2022	1.4
253	3187	1.2
253	3391	1.3
253	3466	1.8
253	3557	1.1
253	4716	2.7
253	4816	1.4
253	4817	1.3
253	4818	1.1
253	4819	1.0
260	67	2.4
260	89	3.2
260	157	5.0
260	285	3.0
260	292	3.0
260	340	2.0
260	389	1.7
260	502	1.7
260	518	2.6
260	526	2.3
260	531	1.7
260	601	1.2
260	659	1.4
260	1042	2.6
260	1091	1.2
260	1379	1.3
260	1427	1.2
260	1601	1.7
260	1700	1.8
260	1705	2.8
260	1825	2.8
260	1834	2.6
260	1934	1.4
260	2075	1.0
260	2182	1.9
260	2446	2.4
260	3313	3.3
260	4348	2.4
260	4723	1.5
260	4912	2.6
260	4913	2.2
260	4914	2.1
260	4915	2.0
260	4916	1.9
260	4917	1.8
260	4918	1.6
260	4919	1.6
260	4920	1.6
260	4921	1.5
260	4922	1.5
260	4923	1.4
260	4924	1.3
260	4925	1.1
260	4926	1.1
260	4927	1.1
260	4928	1.1
260	4929	1.0
260	4930	1.0
260	4931	1.0
260	4932	1.0
271	55	1.5
271	67	1.9
271	89	3.2
271	257	2.3
271	288	2.5
271	289	5.0
271	290	2.5
271	292	2.1
271	293	1.5
271	294	1.5
271	295	3.8
271	299	1.2
271	300	3.2
271	302	2.1
271	306	1.5
271	308	2.0
271	314	1.5
271	325	2.0
271	333	2.2
271	344	1.6
271	349	2.7
271	352	1.6
271	461	2.1
271	466	1.5
271	523	2.9
271	528	1.7
271	543	1.4
271	646	1.7
271	681	1.6
271	701	1.7
271	797	1.1
271	908	1.5
271	913	1.5
271	1051	1.3
271	1428	1.4
271	1451	1.7
271	1457	1.1
271	1459	1.6
271	1580	1.6
271	1937	1.2
271	2523	1.0
271	2548	3.6
271	4563	2.3
271	4566	1.4
271	4707	1.2
271	5032	2.1
271	5033	2.0
271	5034	1.7
271	5035	1.2
271	5036	1.1
280	7	1.3
280	38	1.1
280	56	2.3
280	58	1.1
280	67	1.2
280	89	5.0
280	97	2.9
280	163	1.3
280	167	4.9
280	190	2.0
280	292	2.3
280	295	1.9
280	300	1.4
280	331	2.8
280	420	4.4
280	425	3.9
280	437	2.6
280	450	1.8
280	526	2.2
280	539	2.7
280	599	1.3
280	689	2.5
280	701	1.3
280	703	2.4
280	704	1.0
280	709	1.4
280	757	2.6
280	1073	3.0
280	1098	1.6
280	1243	2.0
280	1360	1.8
280	1379	3.5
280	1398	1.3
280	1401	1.8
280	1537	1.7
280	1700	2.4
280	1934	3.7
280	1941	1.1
280	2083	4.1
280	3200	1.2
280	3739	3.1
280	3902	1.4
280	5147	4.9
280	5148	3.7
280	5149	3.6
280	5150	3.6
280	5151	2.9
280	5152	1.6
280	5153	1.3
280	5154	1.0
286	67	1.7
286	89	5.0
286	257	4.8
286	265	2.0
286	285	1.6
286	288	3.3
286	289	3.5
286	290	1.3
286	291	2.8
286	292	1.8
286	294	1.4
286	295	2.3
286	300	2.3
286	301	2.6
286	302	1.5
286	304	1.8
286	306	1.2
286	310	1.4
286	317	1.0
286	320	2.4
286	323	2.7
286	326	2.2
286	327	3.1
286	329	1.1
286	333	1.8
286	344	4.0
286	349	3.8
286	378	3.4
286	386	1.6
286	455	4.1
286	456	1.1
286	461	1.5
286	468	1.4
286	484	1.9
286	485	1.0
286	498	2.9
286	525	2.0
286	538	1.3
286	545	1.5
286	546	1.8
286	679	2.3
286	701	1.8
286	980	1.9
286	1450	1.0
286	1556	2.1
286	2977	2.0
286	3193	1.1
286	4260	1.9
286	4817	1.2
286	5228	1.2
302	55	1.7
302	89	5.0
302	265	1.0
302	288	2.2
302	289	2.5
302	292	4.2
302	299	1.2
302	300	1.0
302	302	1.4
302	306	1.0
302	308	1.1
302	311	1.5
302	333	1.2
302	340	3.0
302	352	2.0
302	360	2.9
302	466	3.1
302	518	4.1
302	524	1.1
302	532	1.4
302	543	2.5
302	669	2.7
302	679	2.9
302	701	2.5
302	704	3.5
302	930	2.0
302	1032	1.3
302	1034	3.0
302	1037	2.4
302	1114	3.8
302	1246	2.0
302	1263	1.5
302	1670	1.2
302	1934	1.1
302	2521	1.3
302	2981	2.2
302	3572	1.3
302	4137	1.7
302	4814	3.5
302	5079	1.1
302	5459	2.8
302	5460	2.6
302	5461	2.6
302	5462	1.7
302	5463	1.6
302	5464	1.5
302	5465	1.4
302	5466	1.1
302	5467	1.1
302	5468	1.0
340	55	1.4
340	67	2.8
340	89	3.7
340	227	1.5
340	234	2.7
340	250	4.3
340	257	4.7
340	286	1.4
340	288	2.7
340	289	2.3
340	292	2.5
340	295	2.6
340	299	1.1
340	300	3.7
340	302	1.2
340	306	1.7
340	320	1.7
340	328	1.1
340	333	2.0
340	344	1.5
340	425	1.4
340	458	5.0
340	461	2.2
340	466	2.1
340	518	1.4
340	525	1.7
340	534	1.2
340	614	1.9
340	689	2.0
340	701	2.6
340	868	2.4
340	903	3.2
340	907	1.5
340	1412	2.4
340	1503	1.4
340	1580	1.6
340	2902	1.2
340	3128	1.6
340	3464	1.2
340	3795	1.1
340	3796	1.4
340	4344	1.6
340	5474	1.1
340	5844	2.4
340	5845	2.2
340	5846	1.9
340	5847	1.6
340	5848	1.5
340	5849	1.5
340	5850	1.0
346	7	1.6
346	55	1.5
346	59	2.1
346	67	1.3
346	89	3.1
346	97	2.7
346	173	2.0
346	190	2.4
346	207	5.0
346	209	1.7
346	210	1.6
346	228	3.3
346	229	3.5
346	230	2.2
346	234	1.7
346	289	1.2
346	300	2.0
346	412	2.3
346	424	2.5
346	425	2.5
346	453	1.2
346	466	1.3
346	504	1.1
346	511	1.8
346	512	1.1
346	539	2.0
346	542	3.2
346	704	1.8
346	709	1.1
346	859	2.2
346	903	3.4
346	982	1.5
346	1048	1.8
346	1090	1.5
346	1155	1.5
346	1160	1.0
346	1244	2.9
346	1406	1.8
346	1415	1.1
346	1520	1.1
346	1648	1.9
346	1988	1.4
346	2428	2.8
346	2524	1.1
346	2600	1.8
346	2941	1.5
346	3198	1.3
346	3200	2.1
346	4384	2.7
346	5934	2.5
352	58	1.3
352	67	2.8
352	89	5.0
352	229	1.9
352	288	2.9
352	289	3.5
352	292	3.4
352	293	2.4
352	295	2.2
352	300	3.2
352	302	2.9
352	306	1.6
352	328	1.3
352	333	2.0
352	344	1.2
352	436	1.3
352	466	1.3
352	471	1.6
352	498	1.6
352	524	1.6
352	532	1.5
352	536	1.5
352	538	1.6
352	543	1.9
352	544	1.5
352	679	1.1
352	680	3.1
352	681	1.1
352	689	1.2
352	701	1.8
352	704	4.0
352	909	1.4
352	966	2.1
352	982	2.0
352	1032	1.5
352	1121	1.7
352	1130	1.2
352	1186	2.7
352	1459	1.2
352	2020	2.0
352	2175	1.6
352	2595	1.0
352	2659	1.1
352	3201	1.6
352	5980	3.4
352	5981	2.1
352	5982	1.7
352	5983	1.7
352	5984	1.5
352	5985	1.0
353	89	3.4
353	257	1.2
353	258	1.8
353	285	1.2
353	288	3.1
353	289	3.2
353	292	1.4
353	295	5.0
353	298	1.4
353	300	2.4
353	306	2.8
353	314	1.9
353	325	2.1
353	327	2.1
353	331	2.0
353	332	1.0
353	333	2.7
353	349	1.4
353	378	1.4
353	461	2.9
353	466	3.4
353	468	3.0
353	481	1.0
353	484	3.3
353	498	2.8
353	528	1.4
353	542	1.9
353	547	1.2
353	681	3.1
353	686	1.2
353	701	2.7
353	913	4.3
353	1037	2.6
353	1042	2.2
353	1452	2.1
353	1453	1.8
353	1613	1.0
353	1935	1.2
353	1936	1.2
353	2939	1.9
353	3318	1.4
353	4576	1.2
353	5534	1.2
353	5986	2.4
353	5987	1.9
353	5988	1.7
353	5989	1.5
353	5990	1.4
353	5991	1.2
353	5992	1.2
409	67	2.8
409	89	5.0
409	157	2.5
409	159	1.7
409	167	2.7
409	184	3.2
409	187	1.1
409	190	1.0
409	227	1.3
409	228	2.3
409	230	1.9
409	292	3.6
409	295	3.6
409	298	2.1
409	301	1.0
409	302	2.3
409	331	1.7
409	403	1.5
409	468	2.3
409	485	1.9
409	486	2.7
409	518	1.8
409	525	2.5
409	541	2.5
409	544	2.7
409	547	1.6
409	599	3.7
409	706	1.5
409	734	2.9
409	913	1.6
409	959	2.3
409	1116	1.5
409	1249	1.1
409	1379	3.0
409	1412	1.5
409	1506	1.7
409	1511	2.4
409	1613	1.0
409	1810	1.8
409	2176	3.2
409	2923	1.2
409	3171	2.3
409	3576	1.5
409	3716	1.9
409	4543	1.5
409	5678	3.9
409	5984	3.0
409	6590	1.7
409	6591	1.5
409	6592	1.1
412	67	2.9
412	89	4.3
412	97	3.6
412	157	1.7
412	196	3.2
412	207	2.9
412	227	2.2
412	292	1.2
412	295	2.8
412	298	2.7
412	300	1.5
412	306	1.1
412	320	1.6
412	327	1.3
412	439	3.1
412	455	4.8
412	464	1.2
412	525	1.5
412	542	1.3
412	546	2.3
412	585	1.5
412	679	4.0
412	701	1.5
412	857	1.9
412	903	3.1
412	1047	2.3
412	1244	4.1
412	1613	1.5
412	1691	2.0
412	1761	1.7
412	1763	2.6
412	1764	2.1
412	1768	1.9
412	1779	1.4
412	2176	3.1
412	2184	1.0
412	3200	2.3
412	3310	1.8
412	3747	2.2
412	4087	1.4
412	4708	1.1
412	4709	1.5
412	5745	2.2
412	6638	5.0
412	6639	3.5
412	6640	2.3
412	6641	1.6
412	6642	1.5
412	6643	1.1
412	6644	1.1
415	55	2.6
415	67	2.8
415	89	4.1
415	157	1.1
415	230	1.5
415	257	2.0
415	288	2.1
415	289	5.0
415	291	1.5
415	292	4.5
415	298	3.2
415	300	3.8
415	302	2.1
415	306	2.1
415	316	1.6
415	318	1.3
415	320	1.8
415	324	1.6
415	329	1.2
415	333	2.7
415	352	3.5
415	386	1.4
415	455	1.0
415	466	2.5
415	498	3.5
415	523	1.8
415	525	2.1
415	528	2.8
415	532	1.8
415	534	1.1
415	542	1.5
415	546	1.4
415	646	1.9
415	674	2.8
415	679	2.1
415	680	1.4
415	681	1.4
415	686	1.3
415	689	1.0
415	701	2.5
415	704	2.6
415	889	1.6
415	903	1.3
415	972	2.3
415	1034	2.2
415	1249	1.2
415	1451	1.5
415	1580	1.4
415	2020	3.6
415	3404	2.4
417	55	1.8
417	65	1.1
417	67	2.3
417	89	4.6
417	155	1.4
417	157	2.9
417	171	1.2
417	257	3.5
417	279	1.3
417	285	2.3
417	288	3.7
417	289	5.0
417	291	1.2
417	292	4.2
417	294	4.1
417	295	4.8
417	296	1.7
417	298	3.1
417	299	3.3
417	300	1.8
417	301	2.8
417	302	3.7
417	306	2.7
417	311	1.8
417	323	1.5
417	333	1.8
417	349	2.2
417	426	1.4
417	430	2.2
417	461	2.2
417	475	2.5
417	546	1.1
417	701	1.2
417	906	2.4
417	913	1.0
417	915	1.2
417	1037	1.0
417	1051	1.7
417	1243	1.0
417	1383	1.3
417	1601	1.1
417	1718	1.3
417	1935	1.1
417	1936	1.1
417	2083	1.1
417	2544	1.6
417	3057	3.0
417	3201	2.5
417	3739	1.1
417	6677	1.6
418	56	1.2
418	89	4.0
418	154	4.7
418	167	2.9
418	211	1.6
418	217	1.7
418	229	1.7
418	374	3.2
418	426	3.8
418	428	3.4
418	430	1.0
418	618	2.3
418	622	1.8
418	629	2.4
418	679	1.7
418	716	1.1
418	898	1.4
418	899	3.1
418	903	1.2
418	1090	1.5
418	1105	2.5
418	1239	2.4
418	1243	1.6
418	1633	2.8
418	1944	5.0
418	1947	3.6
418	1958	2.7
418	2131	2.8
418	2398	1.4
418	2402	2.3
418	2407	1.9
418	2632	1.9
418	2893	2.1
418	3057	4.0
418	3258	2.9
418	4118	2.9
418	4199	2.2
418	5810	1.7
418	6298	3.2
418	6678	3.4
418	6679	2.1
418	6680	2.0
418	6681	1.9
418	6682	1.8
418	6683	1.7
418	6684	1.5
418	6685	1.4
418	6686	1.4
418	6687	1.0
418	6688	1.0
419	63	1.2
419	89	3.7
419	157	2.1
419	161	2.1
419	241	2.5
419	257	1.0
419	279	1.2
419	285	1.2
419	288	3.1
419	289	1.9
419	295	4.0
419	299	2.3
419	306	1.8
419	308	5.0
419	309	1.6
419	314	1.4
419	317	1.8
419	320	1.4
419	327	1.4
419	331	1.0
419	332	1.8
419	349	1.8
419	466	3.3
419	468	3.0
419	531	3.1
419	544	2.5
419	644	5.0
419	722	2.7
419	907	1.2
419	913	2.3
419	968	1.0
419	1042	4.2
419	1395	2.2
419	1450	1.4
419	1596	1.4
419	1937	2.1
419	2020	1.2
419	3491	2.1
419	3794	1.2
419	4562	1.9
419	4564	2.5
419	4566	1.6
419	4814	4.3
419	6689	4.0
419	6690	3.0
419	6691	2.6
419	6692	2.1
419	6693	1.6
419	6694	1.4
419	6695	1.4
421	55	2.0
421	67	2.9
421	71	1.2
421	89	3.3
421	157	2.0
421	180	1.2
421	250	1.0
421	257	1.7
421	288	4.1
421	289	5.0
421	291	2.0
421	292	2.8
421	293	2.6
421	295	3.5
421	298	1.3
421	299	2.9
421	300	2.0
421	301	1.8
421	302	1.1
421	306	3.0
421	310	2.6
421	311	1.6
421	314	2.5
421	320	2.5
421	326	1.6
421	327	2.6
421	329	2.4
421	333	3.8
421	349	2.7
421	360	1.1
421	378	1.8
421	461	1.4
421	466	2.4
421	468	1.6
421	475	2.3
421	484	1.1
421	525	3.4
421	542	1.6
421	543	2.2
421	701	2.0
421	903	1.1
421	907	1.2
421	908	1.9
421	913	1.8
421	1505	1.1
421	1580	1.0
421	2179	1.3
421	2523	2.0
421	4069	1.4
421	6723	2.0
486	55	2.7
486	67	3.0
486	89	3.6
486	157	5.0
486	234	2.4
486	251	1.0
486	257	2.8
486	258	2.1
486	265	2.3
486	285	2.7
486	288	3.1
486	289	4.6
486	291	1.8
486	292	4.7
486	294	1.6
486	295	2.5
486	299	3.6
486	300	3.8
486	302	2.4
486	306	2.7
486	333	2.2
486	346	2.0
486	349	2.2
486	352	1.9
486	475	1.9
486	523	2.3
486	528	1.6
486	543	1.6
486	701	4.7
486	2182	3.6
486	4767	1.9
486	7390	2.4
490	7	1.4
490	53	2.3
490	89	3.8
490	154	1.0
490	172	1.7
490	173	1.2
490	199	2.8
490	207	1.1
490	209	2.9
490	228	2.1
490	229	1.2
490	289	1.6
490	298	1.9
490	324	2.3
490	378	1.7
490	423	1.4
490	424	2.8
490	464	1.7
490	486	1.2
490	498	1.7
490	518	5.0
490	533	1.2
490	541	4.2
490	546	2.1
490	757	1.7
490	903	1.7
490	930	1.7
490	955	2.2
490	1034	3.9
490	1041	1.4
490	1048	3.4
490	1114	1.2
490	1400	1.3
490	1406	1.2
490	2014	2.9
490	2038	1.4
490	3200	2.6
490	3367	2.8
490	3564	1.3
490	4136	3.5
490	4704	1.6
490	6548	2.6
490	6915	2.6
490	7412	4.2
490	7413	3.2
490	7414	3.2
490	7415	1.6
490	7416	1.5
490	7417	1.4
490	7418	1.3
497	55	1.7
497	67	1.2
497	71	1.6
497	89	3.2
497	97	1.7
497	257	1.7
497	288	5.0
497	289	4.6
497	292	2.1
497	295	2.4
497	298	1.8
497	300	3.7
497	302	1.7
497	306	1.2
497	310	2.9
497	314	1.1
497	325	1.4
497	326	1.7
497	333	2.4
497	352	1.2
497	362	1.2
497	378	1.0
497	464	1.7
497	466	1.9
497	475	1.5
497	498	2.7
497	526	2.5
497	528	1.6
497	532	1.5
497	542	1.1
497	646	1.1
497	679	1.2
497	680	1.2
497	701	2.7
497	704	1.4
497	790	1.6
497	802	1.7
497	903	1.7
497	1032	1.3
497	1034	2.3
497	1045	1.1
497	1392	1.2
497	1451	1.3
497	1613	1.1
497	1659	1.1
497	1934	1.5
497	2020	2.3
497	2083	1.2
497	2094	1.5
497	7461	1.3
527	55	1.8
527	67	1.9
527	89	5.0
527	265	1.2
527	288	2.8
527	289	3.1
527	292	2.5
527	295	1.5
527	299	1.3
527	300	1.3
527	302	1.2
527	331	1.8
527	400	2.6
527	461	1.8
527	466	2.6
527	485	2.7
527	528	1.7
527	530	1.2
527	543	2.0
527	544	2.5
527	548	2.3
527	680	2.4
527	689	1.8
527	690	3.2
527	697	2.1
527	704	1.6
527	896	1.1
527	903	1.9
527	959	2.0
527	1034	1.1
527	1037	3.7
527	1379	1.5
527	1452	1.0
527	1934	2.5
527	2025	1.1
527	2091	1.9
527	2094	2.8
527	2098	1.5
527	2102	3.4
527	2521	1.2
527	2543	4.5
527	3404	1.4
527	3502	1.6
527	4704	1.9
527	4814	2.8
527	5150	1.3
527	5460	1.6
527	7349	1.9
527	7781	2.4
527	7782	1.0
551	65	1.4
551	89	3.4
551	190	3.8
551	209	1.6
551	228	1.7
551	229	3.7
551	288	2.5
551	295	2.4
551	300	1.5
551	306	1.1
551	356	3.5
551	468	2.2
551	486	3.6
551	498	1.2
551	500	3.4
551	501	3.2
551	512	3.0
551	602	1.5
551	808	2.5
551	966	2.6
551	989	1.1
551	1130	1.4
551	1181	1.8
551	1182	4.5
551	1189	5.0
551	1193	2.2
551	1200	1.9
551	1377	1.3
551	1613	1.1
551	1672	3.9
551	1854	4.8
551	2206	2.0
551	2637	1.0
551	3739	1.1
551	3769	2.2
551	4179	1.7
551	4262	1.2
551	4354	1.3
551	5475	1.3
551	5746	1.5
551	6389	1.6
551	7177	1.2
551	7260	1.9
551	7756	1.6
551	7942	4.0
551	7943	1.7
551	7944	1.2
551	7945	1.2
551	7946	1.0
551	7947	1.0
555	89	3.5
555	161	3.6
555	251	1.8
555	288	3.3
555	289	4.6
555	290	1.2
555	292	1.4
555	295	4.1
555	296	3.3
555	298	1.6
555	300	2.0
555	302	1.4
555	314	3.1
555	323	4.2
555	332	2.8
555	333	1.6
555	350	3.0
555	386	1.5
555	464	1.5
555	530	2.0
555	676	1.3
555	679	3.9
555	906	1.6
555	913	1.0
555	915	1.8
555	1395	2.0
555	1449	1.3
555	1596	1.2
555	2018	2.4
555	2455	1.2
555	3491	5.0
555	3503	1.2
555	3557	2.1
555	3948	2.2
555	4705	2.0
555	4770	2.5
555	6232	3.2
555	6313	1.4
555	6429	2.9
555	6690	1.2
555	7340	3.4
555	7395	1.2
555	8017	4.7
555	8018	3.4
555	8019	2.4
555	8020	2.1
555	8021	2.0
555	8022	1.7
555	8023	1.6
555	8024	1.0
598	55	1.5
598	89	4.0
598	166	2.2
598	288	2.0
598	289	5.0
598	292	1.9
598	299	1.3
598	300	2.1
598	301	1.4
598	308	1.0
598	316	1.4
598	323	1.8
598	324	1.5
598	328	1.5
598	333	1.6
598	342	1.9
598	349	1.9
598	461	1.1
598	466	1.8
598	498	1.0
598	546	1.0
598	644	2.1
598	679	1.0
598	686	1.2
598	704	1.2
598	903	1.3
598	907	1.2
598	1375	1.1
598	1470	2.0
598	1609	1.9
598	1781	2.9
598	2018	1.3
598	2035	1.5
598	2071	1.5
598	3073	1.6
598	3897	1.4
598	3904	1.3
598	4260	1.1
598	4923	1.5
598	5806	1.5
598	7888	1.4
598	8409	2.7
598	8410	1.9
598	8411	1.8
598	8412	1.7
598	8413	1.7
598	8414	1.6
598	8415	1.6
598	8416	1.2
598	8417	1.1
609	55	1.0
609	67	1.4
609	89	4.5
609	154	1.0
609	157	1.6
609	159	1.3
609	196	1.3
609	228	3.9
609	229	1.1
609	234	1.7
609	288	2.8
609	289	3.9
609	292	2.0
609	295	2.5
609	298	1.1
609	300	1.5
609	301	1.3
609	318	2.7
609	326	1.8
609	333	1.5
609	425	1.6
609	432	3.2
609	456	3.1
609	461	3.1
609	466	2.8
609	485	1.7
609	523	1.4
609	526	2.2
609	689	2.1
609	703	1.5
609	757	2.1
609	1037	1.6
609	1048	2.8
609	1151	1.7
609	1243	1.0
609	1375	1.1
609	1390	2.9
609	1400	5.0
609	1609	2.1
609	1954	1.6
609	2137	1.7
609	2533	1.5
609	2614	2.9
609	3371	1.6
609	3672	1.8
609	3693	1.3
609	5001	1.1
609	6374	3.2
609	8577	1.7
609	8578	1.4
621	55	1.4
621	89	3.8
621	190	2.3
621	191	1.8
621	229	1.6
621	279	2.0
621	288	2.4
621	289	5.0
621	290	1.8
621	291	3.2
621	292	2.8
621	294	2.2
621	295	1.7
621	300	1.7
621	302	1.1
621	311	1.3
621	323	2.1
621	344	1.9
621	349	1.8
621	369	1.1
621	377	1.9
621	378	2.6
621	393	1.5
621	486	1.4
621	498	3.2
621	518	3.3
621	679	2.7
621	680	2.6
621	681	3.5
621	906	3.6
621	1383	1.0
621	1684	2.3
621	1705	2.1
621	1918	1.1
621	2035	2.5
621	2092	2.3
621	2097	1.1
621	2619	1.2
621	4487	1.0
621	4918	1.7
621	4920	1.0
621	4922	1.1
621	4923	1.8
621	5459	1.1
621	5746	1.0
621	8650	1.7
621	8651	1.5
621	8652	1.5
621	8653	1.1
621	8654	1.1
667	67	1.6
667	89	3.9
667	157	1.8
667	257	1.8
667	288	3.3
667	289	5.0
667	291	2.1
667	292	2.3
667	293	1.2
667	295	3.6
667	300	3.1
667	302	2.3
667	306	4.0
667	309	1.5
667	314	1.7
667	318	1.8
667	320	1.0
667	324	1.8
667	325	1.1
667	328	2.2
667	330	1.9
667	333	1.3
667	344	1.4
667	349	2.9
667	461	2.9
667	464	1.9
667	466	2.6
667	468	1.5
667	484	1.6
667	498	2.6
667	511	1.5
667	525	1.3
667	531	1.6
667	538	1.0
667	540	1.4
667	545	1.9
667	546	1.8
667	701	2.8
667	793	2.2
667	907	1.8
667	1037	1.8
667	1241	1.0
667	1444	1.1
667	1449	1.1
667	1453	1.8
667	1456	1.0
667	1613	1.6
667	5947	1.7
667	7340	1.6
667	7868	1.2
669	89	4.5
669	288	3.8
669	289	3.7
669	290	2.3
669	293	2.6
669	300	1.5
669	318	2.5
669	320	2.1
669	321	1.6
669	325	1.7
669	333	4.4
669	344	1.8
669	378	2.3
669	458	2.0
669	461	3.7
669	466	4.6
669	468	1.2
669	471	2.2
669	475	2.2
669	481	1.3
669	486	2.2
669	498	4.1
669	540	1.5
669	542	2.2
669	790	2.8
669	972	3.6
669	1035	2.5
669	1045	2.6
669	1659	2.6
669	1670	1.4
669	1673	3.9
669	2025	2.0
669	2080	4.1
669	2082	2.0
669	2435	2.4
669	2498	3.8
669	2987	2.6
669	3074	2.2
669	3080	1.8
669	3187	3.6
669	3392	1.0
669	3397	5.0
669	3404	1.7
669	8364	2.7
669	9154	3.8
669	9155	2.5
669	9156	2.3
669	9157	2.0
669	9158	1.8
669	9159	1.8
677	89	4.0
677	161	1.6
677	289	2.6
677	310	1.1
677	917	2.0
677	949	3.0
677	954	2.5
677	957	2.4
677	1134	3.3
677	1206	2.4
677	1261	2.4
677	1264	2.5
677	1274	2.4
677	1353	1.0
677	1360	1.5
677	1521	1.4
677	1522	1.1
677	1531	1.5
677	1533	1.1
677	1963	1.5
677	2746	1.9
677	3509	2.8
677	3722	1.2
677	4266	3.3
677	4277	2.3
677	6258	4.2
677	6658	1.8
677	7917	1.9
677	7918	1.9
677	9207	5.0
677	9208	4.1
677	9209	3.0
677	9210	2.5
677	9211	2.5
677	9212	2.4
677	9213	2.2
677	9214	2.2
677	9215	2.0
677	9216	1.9
677	9217	1.8
677	9218	1.4
677	9219	1.4
677	9220	1.4
677	9221	1.3
677	9222	1.3
677	9223	1.3
677	9224	1.3
677	9225	1.2
677	9226	1.1
677	9227	1.0
700	89	3.9
700	161	2.1
700	191	2.1
700	228	1.0
700	257	3.7
700	288	5.0
700	289	3.4
700	290	1.5
700	291	2.8
700	294	1.1
700	295	4.3
700	300	3.7
700	304	1.0
700	306	4.4
700	324	1.8
700	325	1.7
700	327	2.9
700	328	2.0
700	329	1.1
700	330	1.9
700	331	2.1
700	333	2.3
700	344	4.0
700	349	3.2
700	355	1.3
700	377	2.1
700	458	2.0
700	461	1.6
700	464	1.7
700	466	1.8
700	468	3.6
700	474	1.3
700	475	3.7
700	527	1.5
700	531	1.9
700	538	3.6
700	545	2.1
700	691	3.1
700	907	2.2
700	1042	1.0
700	1449	1.8
700	1455	1.8
700	1602	1.4
700	1613	1.7
700	2176	2.2
700	3317	3.7
700	3318	2.4
700	3859	2.0
700	4562	2.6
700	7340	2.9
701	89	5.0
701	161	1.8
701	257	1.1
701	288	4.2
701	289	3.5
701	292	1.5
701	295	1.0
701	300	3.3
701	306	1.7
701	329	3.1
701	466	1.5
742	88	1.2
742	89	3.7
742	107	2.0
742	196	2.3
742	228	1.5
742	331	4.3
742	445	1.5
742	548	4.7
742	689	5.0
742	981	1.1
742	1098	4.5
742	1167	2.7
742	1379	3.8
742	1485	3.7
742	1486	1.3
742	1518	2.9
742	1609	4.9
742	1934	5.0
742	1971	1.1
742	2137	2.1
742	2376	2.5
742	2521	3.2
742	3317	2.3
742	3687	3.0
742	4035	1.4
742	4704	2.4
742	5071	1.1
742	5150	4.1
742	5233	3.0
742	6038	3.4
742	7781	2.7
742	7782	1.5
742	8674	1.4
742	9285	4.2
742	9718	3.7
742	9719	3.2
742	9720	2.7
742	9721	2.1
742	9722	1.9
742	9723	1.8
742	9724	1.8
742	9725	1.7
742	9726	1.5
742	9727	1.4
742	9728	1.4
742	9729	1.3
742	9730	1.3
742	9731	1.1
742	9732	1.0
742	9733	1.0
743	67	1.9
743	89	3.3
743	344	1.5
743	367	4.9
743	396	1.3
743	428	1.0
743	455	1.3
743	641	1.1
743	701	1.1
743	898	2.4
743	930	2.0
743	1009	2.9
743	1048	2.4
743	1339	5.0
743	1385	1.8
743	1443	1.9
743	1904	2.1
743	2094	2.0
743	2498	2.0
743	3501	1.6
743	3503	1.1
743	3573	1.6
743	3865	2.7
743	4118	1.1
743	4335	1.3
743	4437	1.0
743	4686	2.0
743	5575	1.2
743	5929	2.2
743	6282	1.6
743	6505	2.3
743	7233	2.2
743	7414	3.8
743	7506	1.3
743	8504	1.4
743	9734	3.9
743	9735	2.9
743	9736	2.6
743	9737	2.2
743	9738	2.1
743	9739	1.9
743	9740	1.8
743	9741	1.6
743	9742	1.5
743	9743	1.4
743	9744	1.3
743	9745	1.2
743	9746	1.2
743	9747	1.1
743	9748	1.1
759	67	1.9
759	89	3.2
759	154	3.3
759	170	1.7
759	172	2.6
759	173	1.9
759	190	2.1
759	191	3.2
759	203	1.5
759	206	1.4
759	207	1.6
759	221	1.5
759	227	3.1
759	229	4.2
759	237	1.5
759	297	1.6
759	298	1.1
759	302	1.1
759	329	1.5
759	420	1.0
759	423	1.7
759	425	2.2
759	429	2.9
759	437	1.5
759	441	2.6
759	511	1.6
759	526	1.4
759	535	1.3
759	538	2.0
759	544	5.0
759	548	1.6
759	599	1.2
759	683	1.8
759	701	1.0
759	703	1.0
759	757	1.1
759	859	2.7
759	1075	1.5
759	1090	2.1
759	1106	2.2
759	1151	2.0
759	1243	1.8
759	1390	1.4
759	1632	2.9
759	1767	1.5
759	2083	1.1
759	2130	1.6
759	2977	1.7
759	7276	1.4
759	9853	1.1
770	67	1.5
770	89	3.1
770	161	2.0
770	191	1.4
770	229	1.5
770	230	1.0
770	288	3.2
770	289	1.4
770	292	1.7
770	294	1.3
770	295	2.0
770	300	1.0
770	302	2.5
770	306	2.3
770	308	1.7
770	310	5.0
770	320	1.1
770	328	2.2
770	329	1.3
770	377	2.4
770	386	2.5
770	403	1.1
770	471	1.5
770	498	2.3
770	525	1.9
770	538	1.4
770	545	1.0
770	641	1.4
770	701	3.0
770	907	2.5
770	972	1.4
770	1009	1.1
770	1449	1.6
770	1678	1.2
770	1863	1.0
770	2083	1.9
770	2440	1.6
770	2498	1.7
770	3171	1.0
770	3316	1.3
770	3985	1.6
770	4024	1.7
770	4817	1.7
770	5731	1.1
770	5947	1.0
770	6309	1.2
770	6317	1.4
770	6376	1.5
770	9898	1.2
770	9899	1.1
780	56	1.1
780	58	3.7
780	64	1.5
780	89	4.2
780	91	1.9
780	96	1.9
780	100	1.7
780	163	1.4
780	167	1.3
780	193	1.1
780	227	3.4
780	229	4.3
780	298	2.0
780	324	1.4
780	378	1.6
780	525	2.1
780	526	1.2
780	530	1.1
780	532	1.3
780	733	1.3
780	852	1.8
780	959	2.8
780	972	1.0
780	997	1.3
780	1001	5.0
780	1027	1.1
780	1073	1.5
780	1379	2.4
780	1409	3.5
780	2014	2.0
780	2027	1.6
780	2029	1.5
780	2130	2.6
780	2134	1.3
780	2538	1.3
780	3201	1.4
780	3739	1.4
780	4389	1.5
780	4885	1.2
780	5256	1.7
780	7347	1.2
780	8583	2.1
780	8878	2.1
780	9647	1.4
780	9988	2.6
780	9989	1.6
780	9990	1.5
780	9991	1.1
780	9992	1.1
780	9993	1.0
781	89	3.2
781	257	1.2
781	288	4.3
781	289	5.0
781	290	2.5
781	291	2.6
781	292	4.9
781	294	2.4
781	295	4.0
781	296	2.7
781	299	2.8
781	300	3.6
781	301	1.9
781	302	1.1
781	306	1.5
781	308	2.3
781	317	1.5
781	320	2.4
781	323	1.5
781	325	2.0
781	327	1.5
781	328	1.2
781	329	1.5
781	333	1.3
781	344	1.8
781	349	3.8
781	352	1.1
781	386	1.2
781	458	1.5
781	466	2.7
781	468	1.2
781	484	1.8
781	528	1.9
781	538	1.3
781	543	1.5
781	679	2.8
781	680	1.1
781	681	2.9
781	686	2.8
781	699	2.0
781	701	2.1
781	797	1.9
781	913	1.2
781	1032	1.7
781	1042	1.3
781	1051	1.0
781	1458	1.3
781	2083	1.0
781	2392	1.7
781	7340	1.5
790	89	3.8
790	190	2.1
790	230	1.9
790	288	2.7
790	289	5.0
790	291	2.6
790	292	3.1
790	300	3.8
790	305	1.0
790	318	2.3
790	321	3.7
790	323	2.2
790	325	4.2
790	344	4.8
790	349	3.8
790	362	2.3
790	377	1.4
790	461	2.0
790	481	1.8
790	498	4.8
790	525	2.9
790	635	3.0
790	681	4.7
790	686	2.1
790	691	1.3
790	701	2.2
790	912	3.0
790	951	1.7
790	1438	1.0
790	1459	4.5
790	1462	1.7
790	1475	2.2
790	1684	1.2
790	2395	2.4
790	2462	1.7
790	3063	4.5
790	3905	1.6
790	4817	1.7
790	4923	2.6
790	5266	1.9
790	5746	2.5
790	8372	3.0
790	8756	1.2
790	9654	3.2
790	10057	2.7
790	10058	2.4
790	10059	2.0
790	10060	1.7
790	10061	1.4
790	10062	1.4
797	67	1.2
797	89	3.9
797	289	1.4
797	292	2.3
797	300	1.2
797	333	3.2
797	344	5.0
797	466	1.0
797	679	1.2
797	1458	1.9
797	1679	1.6
816	55	1.4
816	89	5.0
816	288	2.5
816	289	1.7
816	291	1.0
816	292	1.9
816	293	1.1
816	295	2.0
816	296	1.0
816	298	1.8
816	299	1.5
816	300	1.8
816	301	1.1
816	302	1.3
816	306	2.3
816	310	1.3
816	318	1.1
816	320	1.4
816	325	1.1
816	329	1.3
816	331	1.0
816	349	2.0
816	352	1.5
816	458	1.3
816	461	1.5
816	466	2.1
816	523	1.0
816	525	1.5
816	526	1.3
816	528	1.4
816	541	1.4
816	543	1.1
816	545	2.0
816	686	1.5
816	690	1.0
816	701	1.4
816	907	1.8
816	908	1.5
816	915	1.5
816	982	1.4
816	1034	1.0
816	1441	1.4
816	2543	1.1
816	3080	2.6
816	3316	1.1
816	3397	1.3
816	4562	1.5
816	4814	1.0
816	5984	1.0
816	10320	1.3
882	89	3.5
882	157	1.4
882	257	1.3
882	288	5.0
882	289	1.1
882	292	1.0
882	295	1.2
882	299	1.3
882	300	3.5
882	302	1.7
882	367	1.7
882	374	2.9
882	386	1.7
882	397	2.7
882	400	2.4
882	409	2.4
882	461	1.3
882	466	2.2
882	475	1.8
882	526	1.3
882	544	1.7
882	701	2.6
882	707	1.3
882	930	2.4
882	951	1.5
882	1032	3.4
882	1034	3.4
882	1037	2.2
882	1114	3.2
882	1249	3.3
882	1453	1.4
882	1613	1.3
882	1659	1.3
882	1691	1.2
882	1904	2.0
882	1910	1.8
882	1932	2.0
882	2094	3.1
882	2102	2.4
882	2502	1.7
882	3324	1.5
882	3708	1.2
882	6690	1.5
882	7160	1.2
882	8392	1.1
882	10807	2.4
882	10808	2.0
882	10809	2.0
882	10810	1.6
882	10811	1.3
911	67	1.9
911	89	3.3
911	161	1.1
911	191	1.9
911	238	1.3
911	288	2.3
911	289	5.0
911	290	1.5
911	292	2.7
911	295	2.1
911	299	1.1
911	300	2.8
911	306	2.2
911	308	1.1
911	310	1.1
911	318	1.2
911	324	1.1
911	327	1.1
911	328	3.1
911	329	2.5
911	333	1.4
911	349	1.3
911	459	1.0
911	464	1.4
911	466	2.5
911	476	1.2
911	484	1.0
911	485	1.2
911	523	1.5
911	528	1.5
911	545	1.4
911	644	1.3
911	661	1.3
911	679	1.0
911	907	1.2
911	968	1.3
911	1009	1.2
911	1379	1.1
911	1444	1.1
911	1449	1.8
911	1456	2.0
911	1486	1.3
911	2020	2.7
911	2081	1.3
911	2521	1.8
911	4309	1.3
911	4685	1.0
911	5478	1.0
911	7293	1.3
911	10992	1.2
942	55	1.0
942	89	5.0
942	229	3.3
942	288	1.0
942	291	1.0
942	295	1.0
942	306	1.0
942	314	1.0
942	323	3.3
942	360	1.0
942	525	1.0
942	528	1.0
942	532	1.0
942	543	1.0
942	1048	3.3
942	1451	1.0
942	1489	1.0
942	2018	1.0
942	3397	1.0
942	4467	1.0
942	4617	1.0
942	5767	1.0
942	7324	1.0
942	8161	1.0
942	10608	1.0
942	11069	1.0
942	11245	5.0
942	11246	5.0
942	11247	3.3
942	11248	1.0
942	11249	1.0
942	11250	1.0
942	11251	1.0
942	11252	1.0
953	89	4.3
953	196	2.8
953	207	1.9
953	227	5.0
953	228	1.9
953	229	2.3
953	230	3.0
953	288	1.3
953	289	2.2
953	295	1.8
953	298	1.9
953	300	1.5
953	306	2.5
953	324	1.7
953	329	1.6
953	366	1.8
953	403	2.4
953	421	1.7
953	425	2.4
953	439	1.2
953	464	3.8
953	466	1.4
953	470	2.7
953	498	3.0
953	526	1.2
953	533	2.0
953	545	1.2
953	546	4.0
953	629	2.5
953	679	3.5
953	691	1.7
953	1043	3.0
953	1047	2.9
953	1090	3.5
953	1155	2.6
953	1243	1.5
953	1390	4.9
953	1398	1.3
953	1400	2.2
953	1502	2.9
953	1513	1.3
953	1517	2.5
953	2121	3.7
953	2533	1.3
953	3200	4.4
953	3373	2.8
953	3712	1.0
953	4941	4.4
953	5934	2.1
953	11329	1.1
982	56	1.1
982	66	1.1
982	67	2.0
982	89	5.0
982	163	1.7
982	174	1.9
982	229	1.1
982	331	3.3
982	691	1.1
982	757	2.1
982	768	1.0
982	930	2.0
982	968	4.0
982	1410	1.7
982	1613	1.8
982	1705	2.1
982	1885	1.8
982	1970	1.4
982	2083	2.1
982	2247	1.5
982	2668	2.2
982	2906	1.0
982	3691	1.0
982	3703	1.6
982	3712	2.0
982	3882	2.0
982	4028	1.3
982	4706	1.8
982	4775	1.2
982	5071	1.7
982	5074	1.1
982	5348	1.6
982	6052	2.9
982	7340	3.5
982	9388	1.1
982	11193	1.5
982	11557	3.9
982	11558	3.0
982	11559	2.7
982	11560	2.2
982	11561	2.2
982	11562	2.1
982	11563	1.6
982	11564	1.3
982	11565	1.3
982	11566	1.2
982	11567	1.1
982	11568	1.0
982	11569	1.0
982	11570	1.0
987	67	1.4
987	89	3.7
987	97	2.5
987	257	1.7
987	288	3.1
987	289	2.4
987	291	1.1
987	292	4.7
987	294	2.3
987	295	3.9
987	298	1.7
987	299	2.0
987	300	2.3
987	301	1.4
987	308	4.0
987	309	2.3
987	317	2.6
987	325	1.5
987	344	2.0
987	349	3.8
987	466	2.6
987	525	2.1
987	528	3.1
987	538	1.0
987	543	1.9
987	545	1.4
987	689	1.9
987	907	1.3
987	913	1.4
987	1032	2.2
987	1127	1.5
987	1243	1.4
987	1451	5.0
987	1452	1.8
987	1456	1.0
987	1459	2.0
987	1486	3.1
987	1934	3.3
987	1936	2.5
987	2392	1.2
987	3194	1.9
987	3397	1.7
987	3399	1.8
987	4562	1.1
987	5150	1.2
987	7393	2.6
987	8364	1.3
987	11582	2.0
987	11583	1.8
987	11584	1.3
1026	23	2.7
1026	25	1.1
1026	67	2.7
1026	89	4.5
1026	157	1.1
1026	198	3.2
1026	298	2.5
1026	378	1.5
1026	447	2.5
1026	517	3.9
1026	707	1.9
1026	785	4.0
1026	806	2.1
1026	843	5.0
1026	854	3.0
1026	857	2.4
1026	903	1.5
1026	949	2.1
1026	959	1.8
1026	972	2.0
1026	978	2.5
1026	1079	2.4
1026	1104	1.2
1026	1206	3.9
1026	1249	1.2
1026	1281	1.3
1026	1400	2.0
1026	1463	1.0
1026	1513	1.0
1026	1534	1.5
1026	1547	4.8
1026	1797	3.4
1026	2033	1.5
1026	2370	3.0
1026	2381	1.6
1026	2744	1.8
1026	2961	1.4
1026	2967	1.3
1026	2970	2.5
1026	3195	3.3
1026	3244	2.8
1026	4272	1.5
1026	5079	2.2
1026	5600	1.4
1026	6490	2.2
1026	10771	3.1
1026	11837	4.3
1026	11838	3.6
1026	11839	2.6
1026	11840	1.1
1039	89	5.0
1039	157	2.1
1039	191	1.6
1039	198	1.0
1039	288	3.3
1039	327	3.3
1039	328	1.1
1039	329	2.4
1039	331	3.5
1039	371	2.5
1039	377	3.4
1039	464	2.3
1039	466	1.1
1039	468	1.6
1039	475	4.9
1039	498	3.5
1039	500	2.8
1039	504	2.3
1039	517	1.2
1039	527	3.5
1039	547	1.4
1039	687	2.5
1039	907	1.8
1039	978	2.3
1039	1037	1.5
1039	1044	4.5
1039	1145	2.6
1039	1182	1.5
1039	1197	2.1
1039	1377	2.2
1039	1444	2.1
1039	1455	3.0
1039	1507	1.0
1039	1613	1.1
1039	1672	4.7
1039	1863	2.8
1039	2595	1.0
1039	2976	2.3
1039	3084	1.3
1039	3317	4.3
1039	4562	2.4
1039	5947	1.2
1039	5948	2.1
1039	5972	1.9
1039	5988	2.0
1039	6384	1.4
1039	6633	1.1
1039	7340	2.3
1039	9384	1.2
1039	11934	1.0
1053	55	1.8
1053	56	1.7
1053	65	2.0
1053	67	1.7
1053	89	3.1
1053	161	2.2
1053	199	1.2
1053	229	2.5
1053	288	3.3
1053	289	5.0
1053	292	2.3
1053	299	1.4
1053	300	3.0
1053	302	1.0
1053	320	1.2
1053	324	3.6
1053	325	1.5
1053	327	1.9
1053	329	1.6
1053	331	2.5
1053	333	3.4
1053	352	1.5
1053	386	1.4
1053	461	1.5
1053	464	2.5
1053	466	2.9
1053	468	3.3
1053	531	1.2
1053	533	1.1
1053	538	3.5
1053	679	1.8
1053	686	1.0
1053	691	1.5
1053	982	1.2
1053	1037	2.9
1053	1042	1.8
1053	1409	1.1
1053	1455	1.5
1053	1456	2.4
1053	2130	3.0
1053	2137	1.9
1053	2521	2.8
1053	4562	1.2
1053	4814	1.3
1053	5988	1.4
1053	7868	1.8
1053	8019	1.7
1053	10421	1.8
1053	12017	2.5
1053	12018	1.0
1058	89	4.1
1058	161	1.7
1058	288	3.8
1058	289	5.0
1058	290	1.7
1058	292	4.3
1058	295	3.2
1058	300	4.6
1058	302	1.0
1058	304	1.5
1058	306	3.6
1058	308	1.4
1058	321	3.1
1058	323	1.7
1058	324	1.9
1058	328	3.0
1058	332	1.7
1058	344	2.1
1058	366	1.4
1058	458	4.9
1058	461	4.6
1058	464	1.4
1058	466	2.4
1058	484	1.5
1058	544	3.8
1058	669	2.5
1058	679	2.5
1058	680	2.7
1058	681	2.8
1058	685	2.4
1058	686	1.9
1058	701	1.5
1058	793	1.0
1058	802	4.7
1058	1045	2.1
1058	1451	1.6
1058	1453	3.0
1058	1459	2.1
1058	1659	2.9
1058	2080	1.1
1058	2984	4.2
1058	3125	1.4
1058	3377	2.9
1058	3393	3.8
1058	4561	1.5
1058	5749	2.0
1058	6612	1.2
1058	7086	1.5
1058	12039	2.2
1058	12040	1.6
1065	58	1.0
1065	72	1.0
1065	89	3.6
1065	157	1.6
1065	257	2.2
1065	288	2.0
1065	289	1.9
1065	291	1.6
1065	292	2.9
1065	294	1.4
1065	295	2.6
1065	298	1.1
1065	300	1.9
1065	301	2.3
1065	302	1.0
1065	306	1.9
1065	311	1.7
1065	328	1.4
1065	329	1.3
1065	333	1.5
1065	344	1.8
1065	349	1.9
1065	377	1.1
1065	378	2.1
1065	403	1.2
1065	499	1.2
1065	506	1.1
1065	518	1.6
1065	525	1.4
1065	903	2.0
1065	1009	1.4
1065	1098	1.1
1065	1123	1.0
1065	1388	1.3
1065	1491	1.1
1065	1609	1.2
1065	1797	1.0
1065	2309	5.0
1065	2317	1.6
1065	2498	1.2
1065	2646	1.1
1065	3502	1.2
1065	6930	1.0
1065	12084	2.2
1065	12085	1.6
1065	12086	1.6
1065	12087	1.3
1065	12088	1.1
1065	12089	1.1
1065	12090	1.1
1071	55	2.7
1071	65	2.2
1071	67	2.8
1071	89	3.6
1071	161	1.6
1071	190	1.1
1071	228	1.6
1071	257	2.8
1071	288	3.3
1071	289	3.8
1071	291	2.2
1071	292	5.0
1071	293	1.2
1071	294	1.9
1071	295	3.1
1071	298	1.9
1071	299	1.7
1071	300	3.1
1071	301	1.5
1071	302	2.8
1071	306	3.7
1071	310	2.1
1071	311	1.4
1071	318	1.3
1071	320	3.0
1071	325	1.5
1071	328	2.5
1071	329	1.2
1071	330	1.3
1071	333	2.5
1071	349	2.8
1071	378	1.5
1071	386	1.0
1071	412	1.3
1071	461	1.7
1071	464	1.2
1071	466	2.4
1071	498	2.4
1071	525	1.3
1071	544	2.3
1071	546	1.2
1071	701	2.7
1071	903	1.8
1071	972	2.2
1071	1034	1.3
1071	1042	1.5
1071	1062	1.2
1071	1449	1.0
1071	1613	1.2
1071	9766	1.0
1124	67	2.5
1124	89	3.5
1124	288	2.6
1124	289	3.2
1124	292	1.5
1124	293	3.7
1124	295	2.0
1124	298	1.2
1124	299	1.0
1124	300	1.2
1124	304	1.4
1124	310	1.2
1124	311	1.4
1124	318	1.4
1124	325	2.2
1124	333	1.4
1124	344	1.5
1124	349	1.4
1124	362	3.2
1124	461	3.3
1124	466	1.6
1124	475	2.0
1124	498	1.9
1124	518	2.9
1124	523	1.3
1124	528	2.0
1124	530	1.4
1124	532	1.1
1124	542	1.9
1124	544	1.8
1124	679	2.7
1124	686	2.8
1124	689	3.0
1124	701	3.0
1124	790	1.7
1124	930	2.2
1124	972	1.5
1124	1032	1.3
1124	1034	2.8
1124	1098	2.7
1124	1114	1.1
1124	1246	1.6
1124	2025	2.8
1124	2083	2.1
1124	3125	1.5
1124	3198	5.0
1124	3200	1.0
1124	3332	1.7
1124	6430	1.2
1124	7389	1.0
1128	89	3.6
1128	190	1.7
1128	217	1.1
1128	229	1.1
1128	288	3.2
1128	289	5.0
1128	291	2.1
1128	292	3.0
1128	293	2.4
1128	298	3.7
1128	300	3.2
1128	302	3.9
1128	307	2.5
1128	333	4.0
1128	344	3.5
1128	403	1.5
1128	461	1.8
1128	466	2.5
1128	486	3.3
1128	498	4.4
1128	525	2.4
1128	534	2.3
1128	536	2.8
1128	546	1.2
1128	680	3.1
1128	682	1.7
1128	693	1.7
1128	704	4.3
1128	898	1.9
1128	989	2.1
1128	1052	3.1
1128	1245	1.4
1128	1375	1.0
1128	1455	1.4
1128	1590	2.3
1128	1609	1.3
1128	2020	2.4
1128	2142	1.2
1128	2435	1.5
1128	2839	1.3
1128	3369	2.9
1128	3399	1.0
1128	4254	1.6
1128	5747	1.8
1128	5781	2.3
1128	5926	2.8
1128	5984	1.9
1128	6456	1.6
1128	7655	4.2
1128	9079	1.0
1135	55	2.9
1135	67	2.9
1135	89	5.0
1135	157	1.5
1135	220	1.4
1135	265	2.4
1135	288	3.1
1135	289	2.9
1135	292	3.3
1135	293	2.3
1135	295	3.0
1135	296	1.0
1135	298	1.2
1135	299	1.6
1135	300	2.9
1135	302	1.5
1135	306	1.3
1135	310	1.3
1135	325	1.5
1135	333	1.5
1135	340	2.1
1135	344	1.3
1135	461	2.2
1135	464	1.6
1135	466	3.0
1135	470	2.5
1135	498	1.1
1135	524	2.2
1135	525	2.9
1135	542	1.3
1135	544	3.2
1135	646	1.3
1135	679	1.8
1135	689	2.2
1135	701	1.0
1135	802	2.1
1135	889	2.9
1135	903	2.0
1135	1032	2.2
1135	1034	1.9
1135	1037	1.3
1135	1045	1.9
1135	1246	1.0
1135	1452	1.2
1135	1868	1.4
1135	2548	1.3
1135	4291	1.7
1135	4560	1.1
1135	6132	1.0
1135	12574	2.4
1136	55	1.7
1136	56	1.4
1136	89	3.6
1136	288	2.0
1136	289	3.7
1136	292	2.1
1136	293	1.2
1136	300	2.5
1136	306	1.3
1136	318	1.8
1136	323	2.8
1136	324	2.0
1136	333	1.3
1136	344	3.5
1136	352	1.4
1136	430	4.2
1136	461	2.2
1136	464	3.4
1136	466	5.0
1136	524	2.7
1136	526	1.5
1136	535	2.1
1136	618	1.1
1136	679	2.5
1136	686	2.2
1136	689	2.2
1136	690	3.4
1136	691	1.9
1136	704	1.7
1136	779	1.0
1136	906	2.0
1136	980	1.4
1136	1034	1.3
1136	1037	3.0
1136	1059	2.4
1136	1481	2.0
1136	1503	1.1
1136	2083	4.2
1136	2392	1.4
1136	2521	2.8
1136	2543	3.2
1136	3322	2.6
1136	3404	3.5
1136	4814	3.3
1136	5147	1.6
1136	5149	2.1
1136	7706	1.4
1136	10684	2.4
1136	11335	1.1
1136	12575	1.3
1161	8	1.9
1161	89	3.5
1161	171	3.6
1161	300	1.2
1161	344	1.0
1161	376	1.2
1161	390	1.6
1161	396	1.1
1161	397	1.1
1161	466	1.2
1161	498	1.4
1161	1098	1.5
1161	1429	2.1
1161	1865	1.7
1161	1910	2.6
1161	1915	2.3
1161	1933	2.3
1161	2093	1.8
1161	2096	1.4
1161	2100	3.4
1161	5082	2.6
1161	5110	3.0
1161	6995	2.3
1161	7002	1.2
1161	8398	2.7
1161	8407	4.0
1161	10582	2.7
1161	10807	3.0
1161	12795	5.0
1161	12796	4.0
1161	12797	2.6
1161	12798	2.6
1161	12799	2.5
1161	12800	2.1
1161	12801	2.1
1161	12802	2.0
1161	12803	1.9
1161	12804	1.9
1161	12805	1.8
1161	12806	1.8
1161	12807	1.7
1161	12808	1.7
1161	12809	1.5
1161	12810	1.4
1161	12811	1.2
1161	12812	1.2
1161	12813	1.1
1161	12814	1.1
1161	12815	1.0
1161	12816	1.0
1186	55	3.0
1186	67	2.1
1186	86	2.2
1186	89	3.5
1186	97	1.3
1186	161	1.6
1186	257	2.0
1186	285	1.1
1186	288	3.8
1186	289	5.0
1186	290	1.5
1186	291	2.4
1186	292	2.1
1186	294	2.3
1186	295	2.6
1186	296	2.3
1186	298	3.0
1186	300	2.7
1186	302	2.6
1186	310	1.3
1186	311	1.6
1186	323	1.9
1186	349	1.3
1186	430	1.1
1186	466	2.6
1186	485	1.3
1186	531	1.9
1186	535	1.9
1186	544	1.4
1186	548	4.4
1186	679	4.3
1186	691	1.8
1186	701	1.7
1186	786	1.0
1186	889	1.4
1186	901	1.0
1186	903	2.2
1186	906	1.1
1186	915	1.3
1186	1243	1.1
1186	1934	3.0
1186	2521	2.7
1186	3319	1.2
1186	3617	2.2
1186	4252	2.0
1186	4707	2.1
1186	5754	1.1
1186	5767	1.0
1186	8589	1.0
1186	11728	1.1
1237	67	1.9
1237	89	4.5
1237	154	2.0
1237	159	3.4
1237	173	2.7
1237	195	4.8
1237	196	2.0
1237	207	4.3
1237	208	1.7
1237	222	1.8
1237	227	4.8
1237	233	1.8
1237	288	1.1
1237	295	1.8
1237	298	1.6
1237	310	1.1
1237	329	2.2
1237	425	2.3
1237	428	1.7
1237	572	4.2
1237	604	2.8
1237	615	2.6
1237	689	3.7
1237	757	1.4
1237	868	2.2
1237	907	2.4
1237	1097	2.0
1237	1153	5.0
1237	1155	2.8
1237	1400	1.5
1237	1511	3.6
1237	1648	1.0
1237	1976	2.0
1237	1983	2.6
1237	2277	1.1
1237	2711	2.8
1237	3019	1.0
1237	3057	2.0
1237	11838	1.7
1237	12791	2.0
1237	13079	3.1
1237	13378	3.7
1237	13379	2.5
1237	13380	2.4
1237	13381	2.4
1237	13382	2.3
1237	13383	1.5
1237	13384	1.4
1237	13385	1.2
1237	13386	1.2
1253	55	1.1
1253	65	2.2
1253	89	3.0
1253	161	1.5
1253	229	2.1
1253	283	1.2
1253	288	3.5
1253	289	5.0
1253	292	2.2
1253	295	2.5
1253	298	1.4
1253	299	3.5
1253	300	2.8
1253	306	2.1
1253	318	2.8
1253	325	2.1
1253	329	2.3
1253	333	3.7
1253	342	1.5
1253	349	2.7
1253	352	1.6
1253	461	1.2
1253	464	1.7
1253	466	2.2
1253	498	4.0
1253	540	1.1
1253	542	4.3
1253	543	2.0
1253	646	1.1
1253	679	2.7
1253	680	1.8
1253	687	1.0
1253	701	1.6
1253	704	1.7
1253	802	1.9
1253	903	1.6
1253	1032	1.1
1253	1042	2.0
1253	1045	3.4
1253	1047	1.0
1253	1246	1.4
1253	2080	1.4
1253	2548	1.2
1253	2984	1.5
1253	3378	1.1
1253	4474	1.7
1253	4708	1.2
1253	5594	1.0
1253	7706	1.6
1253	13497	2.1
1272	55	2.2
1272	65	2.5
1272	67	2.0
1272	89	4.2
1272	199	1.6
1272	209	2.3
1272	227	1.5
1272	228	2.2
1272	229	2.7
1272	230	3.6
1272	288	1.8
1272	289	1.8
1272	291	2.6
1272	292	2.8
1272	298	2.8
1272	300	3.8
1272	302	2.8
1272	324	1.0
1272	333	5.0
1272	344	2.8
1272	378	2.3
1272	412	2.2
1272	464	2.2
1272	466	1.7
1272	481	2.8
1272	486	2.1
1272	498	3.9
1272	528	2.7
1272	538	2.2
1272	544	2.3
1272	646	1.5
1272	679	2.1
1272	680	2.2
1272	681	2.8
1272	686	1.5
1272	687	2.3
1272	689	2.3
1272	691	2.1
1272	701	1.0
1272	704	2.9
1272	802	1.4
1272	1034	1.0
1272	1043	2.4
1272	1047	4.0
1272	1243	1.1
1272	1246	2.7
1272	1390	2.1
1272	1400	2.1
1272	1673	1.0
1272	1934	1.4
1283	89	3.2
1283	182	1.2
1283	190	1.7
1283	191	1.0
1283	217	2.8
1283	288	1.4
1283	289	3.1
1283	290	1.1
1283	291	2.6
1283	292	1.4
1283	298	1.7
1283	300	3.0
1283	305	1.5
1283	307	2.2
1283	311	1.9
1283	318	2.7
1283	321	4.2
1283	324	3.0
1283	325	2.4
1283	326	1.8
1283	333	1.8
1283	344	5.0
1283	349	2.1
1283	362	2.9
1283	456	1.6
1283	461	2.8
1283	471	1.7
1283	498	4.0
1283	523	1.9
1283	679	4.0
1283	680	2.2
1283	681	4.0
1283	686	1.8
1283	689	1.6
1283	701	1.0
1283	908	2.0
1283	1043	2.2
1283	1054	1.8
1283	1243	2.5
1283	1459	3.9
1283	1470	2.7
1283	1590	2.0
1283	1684	3.2
1283	1685	2.1
1283	4435	1.2
1283	5032	1.1
1283	5266	1.1
1283	6527	1.0
1283	10060	1.0
1283	13645	1.0
1299	55	1.6
1299	67	1.9
1299	89	3.8
1299	97	1.3
1299	163	1.4
1299	289	4.4
1299	291	3.8
1299	292	3.5
1299	295	1.0
1299	298	1.7
1299	300	3.2
1299	302	1.8
1299	318	2.2
1299	333	2.7
1299	340	4.2
1299	342	3.3
1299	344	2.4
1299	378	3.9
1299	461	2.7
1299	518	1.7
1299	523	3.1
1299	535	2.7
1299	542	2.4
1299	646	2.5
1299	701	1.8
1299	790	2.9
1299	802	2.0
1299	909	3.0
1299	917	1.3
1299	930	2.8
1299	946	2.5
1299	955	3.5
1299	1114	5.0
1299	1447	1.0
1299	1580	1.2
1299	2014	1.5
1299	2044	4.6
1299	2544	1.8
1299	3460	1.3
1299	4135	1.3
1299	4286	1.2
1299	5461	1.6
1299	5768	1.4
1299	6539	1.4
1299	6862	4.0
1299	8645	2.8
1299	13731	4.4
1299	13732	4.2
1299	13733	1.9
1299	13734	1.6
1307	89	3.0
1332	67	1.3
1332	89	5.0
1332	97	1.9
1332	191	1.6
1332	288	2.5
1332	289	3.8
1332	290	2.3
1332	291	2.5
1332	292	2.4
1332	294	2.1
1332	295	2.0
1332	300	2.1
1332	305	1.4
1332	306	1.4
1332	308	1.1
1332	314	1.0
1332	325	1.7
1332	328	1.3
1332	333	2.3
1332	349	1.9
1332	378	1.9
1332	461	2.1
1332	464	1.9
1332	466	3.5
1332	484	1.0
1332	485	1.3
1332	526	1.5
1332	528	1.0
1332	544	1.9
1332	674	2.3
1332	679	1.2
1332	686	1.3
1332	1042	1.1
1332	1051	1.5
1332	1433	1.6
1332	1444	1.6
1332	1456	3.0
1332	1457	1.1
1332	1602	1.2
1332	3316	1.1
1332	3491	1.4
1332	3575	1.3
1332	3576	1.3
1332	4562	1.2
1332	4814	1.1
1332	5684	1.3
1332	7340	1.5
1332	8002	1.1
1332	13944	1.8
1332	13945	1.5
1351	89	3.0
1351	157	3.8
1351	288	2.0
1351	289	1.8
1351	298	1.0
1351	299	1.2
1351	300	1.9
1351	302	2.4
1351	323	1.1
1351	325	1.1
1351	333	1.9
1351	458	2.9
1351	461	1.0
1351	464	1.5
1351	466	2.2
1351	468	1.2
1351	470	3.5
1351	486	1.4
1351	498	2.9
1351	531	1.9
1351	541	1.5
1351	542	1.1
1351	544	1.6
1351	679	3.0
1351	687	1.2
1351	714	1.1
1351	1032	1.6
1351	1034	1.1
1351	1037	1.0
1351	1042	3.1
1351	1455	1.1
1351	1672	2.8
1351	1679	1.0
1351	2020	1.1
1351	2548	1.5
1351	2549	2.8
1351	3404	1.1
1351	4582	5.0
1351	4811	1.4
1351	4814	3.0
1351	5950	1.5
1351	6124	1.8
1351	6543	2.8
1351	7269	1.6
1351	7705	1.6
1351	7868	3.3
1351	9249	1.7
1351	14054	2.1
1351	14055	1.6
1351	14056	1.4
1356	55	2.0
1356	67	2.0
1356	89	4.4
1356	161	1.1
1356	257	2.1
1356	288	3.9
1356	289	5.0
1356	291	1.5
1356	292	3.2
1356	294	2.1
1356	295	1.7
1356	298	1.8
1356	299	1.4
1356	300	2.9
1356	302	1.5
1356	308	3.9
1356	311	1.2
1356	314	1.1
1356	323	2.4
1356	325	3.3
1356	333	1.3
1356	349	1.9
1356	386	1.6
1356	400	2.0
1356	458	1.5
1356	461	3.6
1356	466	3.8
1356	498	1.8
1356	528	2.1
1356	543	1.0
1356	544	3.3
1356	670	1.1
1356	680	1.7
1356	690	1.2
1356	701	3.0
1356	793	1.6
1356	915	1.2
1356	1037	1.3
1356	1243	2.0
1356	1441	2.4
1356	1451	2.9
1356	2091	1.5
1356	2092	2.0
1356	2094	3.0
1356	3397	3.1
1356	3925	1.5
1356	4814	2.1
1356	7391	1.3
1356	13265	2.6
1356	14070	1.3
1367	89	3.1
1367	197	2.0
1367	466	2.8
1367	527	2.0
1367	592	1.7
1367	757	1.2
1367	898	1.9
1367	1037	3.0
1367	1123	1.4
1367	1833	1.6
1367	1952	1.1
1367	1963	1.3
1367	2026	3.3
1367	2083	1.6
1367	2289	1.9
1367	2402	1.7
1367	2416	3.2
1367	2419	1.7
1367	2470	1.0
1367	3227	1.7
1367	3299	5.0
1367	4053	1.8
1367	4077	1.3
1367	4586	1.1
1367	4736	1.3
1367	5420	1.1
1367	6633	1.5
1367	6824	1.9
1367	7427	1.8
1367	8178	2.0
1367	8267	1.2
1367	9032	2.0
1367	10628	1.0
1367	10722	1.2
1367	10969	2.0
1367	11463	1.1
1367	13169	1.8
1367	14136	2.3
1367	14137	1.8
1367	14138	1.7
1367	14139	1.7
1367	14140	1.7
1367	14141	1.7
1367	14142	1.6
1367	14143	1.6
1367	14144	1.5
1367	14145	1.3
1367	14146	1.2
1367	14147	1.1
1367	14148	1.0
1388	81	1.3
1388	89	3.3
1388	173	2.1
1388	207	1.2
1388	209	1.8
1388	230	1.3
1388	288	2.4
1388	289	2.2
1388	300	5.0
1388	321	1.1
1388	324	1.2
1388	333	2.2
1388	344	1.6
1388	420	1.6
1388	425	2.1
1388	430	2.2
1388	461	2.0
1388	464	1.2
1388	466	1.4
1388	498	4.0
1388	528	1.1
1388	531	1.3
1388	543	1.3
1388	546	2.2
1388	681	2.4
1388	686	2.1
1388	704	4.6
1388	790	1.1
1388	859	1.9
1388	1032	3.3
1388	1045	1.4
1388	1048	1.0
1388	1424	1.0
1388	1452	1.4
1388	1455	1.2
1388	1456	1.6
1388	1673	1.1
1388	2020	1.1
1388	2080	1.8
1388	2084	1.1
1388	2137	1.3
1388	2277	1.6
1388	2549	1.1
1388	2788	1.5
1388	3200	1.9
1388	3373	1.1
1388	4028	1.5
1388	5149	1.7
1388	5180	1.9
1388	7834	2.0
1399	55	2.8
1399	67	1.0
1399	89	5.0
1399	288	3.1
1399	289	3.7
1399	292	3.6
1399	295	3.5
1399	299	1.7
1399	300	2.6
1399	302	2.3
1399	318	1.2
1399	321	1.3
1399	324	1.5
1399	325	1.9
1399	333	2.7
1399	340	2.2
1399	349	1.0
1399	461	2.8
1399	464	1.5
1399	466	3.5
1399	468	1.5
1399	523	2.2
1399	528	1.0
1399	531	1.6
1399	542	1.3
1399	543	1.1
1399	679	4.3
1399	681	1.6
1399	686	4.1
1399	687	1.7
1399	692	2.8
1399	701	1.2
1399	704	3.1
1399	793	3.0
1399	797	2.1
1399	913	1.6
1399	1054	2.1
1399	1450	1.4
1399	1453	1.2
1399	1458	2.4
1399	2020	2.1
1399	2543	3.6
1399	3953	1.5
1399	4814	1.9
1399	14330	1.5
1399	14331	1.5
1399	14332	1.4
1399	14333	1.2
1399	14334	1.1
1399	14335	1.0
1418	89	5.0
1418	173	1.1
1418	190	4.2
1418	292	1.9
1418	325	2.3
1418	333	4.2
1418	377	3.9
1418	412	1.0
1418	464	2.8
1418	466	3.6
1418	475	1.6
1418	486	1.0
1418	498	4.3
1418	500	1.4
1418	536	4.3
1418	680	3.6
1418	701	1.6
1418	768	4.1
1418	779	1.4
1418	1035	2.9
1418	1185	3.4
1418	1187	3.7
1418	1188	3.8
1418	1191	4.3
1418	1455	1.9
1418	1541	4.5
1418	1636	1.0
1418	2200	2.5
1418	2203	1.0
1418	2210	3.1
1418	4936	2.3
1418	5125	1.5
1418	5308	2.3
1418	5961	1.0
1418	5962	1.3
1418	5967	2.0
1418	6012	1.3
1418	6448	1.8
1418	6614	1.0
1418	7943	1.1
1418	8682	2.1
1418	14441	2.7
1418	14442	2.2
1418	14443	2.2
1418	14444	2.1
1418	14445	1.9
1418	14446	1.9
1418	14447	1.7
1418	14448	1.4
1418	14449	1.2
1437	65	2.9
1437	89	3.5
1437	257	2.1
1437	288	3.9
1437	289	3.4
1437	295	3.7
1437	300	3.0
1437	306	2.4
1437	328	2.7
1437	349	3.3
1437	377	1.0
1437	461	3.0
1437	466	1.6
1437	468	3.4
1437	475	2.0
1437	481	3.0
1437	498	3.0
1437	542	5.0
1437	544	2.0
1437	686	2.5
1437	790	2.1
1437	802	1.8
1437	903	3.4
1437	1032	1.0
1437	1042	1.6
1437	1429	1.9
1437	1452	3.2
1437	1455	1.6
1437	1681	2.7
1437	1860	1.2
1437	2984	1.3
1437	3173	3.2
1437	3378	2.1
1437	3386	2.5
1437	4474	2.9
1437	4561	1.1
1437	4811	2.3
1437	5099	2.1
1437	8364	1.2
1437	10992	1.4
1437	14550	2.6
1437	14551	2.3
1437	14552	1.9
1437	14553	1.9
1437	14554	1.8
1437	14555	1.4
1437	14556	1.1
1437	14557	1.1
1437	14558	1.0
1437	14559	1.0
1476	89	3.0
1476	157	3.0
1476	161	1.0
1476	190	3.3
1476	209	3.0
1476	288	3.3
1476	289	2.6
1476	290	1.8
1476	291	1.9
1476	294	1.7
1476	295	2.7
1476	300	1.3
1476	321	2.0
1476	324	1.3
1476	325	1.6
1476	327	1.1
1476	331	1.6
1476	333	1.0
1476	344	2.4
1476	352	1.4
1476	355	2.0
1476	377	2.0
1476	405	1.3
1476	458	1.9
1476	461	2.3
1476	464	2.1
1476	466	2.2
1476	470	1.5
1476	481	3.4
1476	486	4.3
1476	493	1.3
1476	498	3.3
1476	504	5.0
1476	528	1.8
1476	531	1.2
1476	544	2.3
1476	681	2.6
1476	685	1.2
1476	687	3.6
1476	1047	2.2
1476	1379	2.6
1476	1455	1.1
1476	1672	3.4
1476	1679	1.0
1476	2020	1.4
1476	2051	1.2
1476	3317	1.3
1476	5678	2.7
1476	6693	1.5
1476	10429	1.2
1483	72	1.8
1483	89	3.0
1483	198	4.5
1483	209	1.4
1483	230	1.6
1483	234	1.3
1483	289	3.0
1483	300	2.5
1483	333	1.0
1483	377	1.3
1483	378	1.6
1483	464	1.4
1483	466	2.5
1483	486	2.1
1483	498	2.1
1483	517	2.5
1483	524	2.6
1483	537	1.6
1483	538	1.3
1483	646	1.5
1483	714	1.4
1483	930	4.1
1483	939	1.0
1483	951	1.8
1483	955	1.4
1483	959	1.4
1483	1034	2.5
1483	1041	2.8
1483	1044	3.1
1483	1047	2.3
1483	1104	1.6
1483	1114	1.9
1483	1180	2.3
1483	1188	2.1
1483	1246	1.2
1483	1249	1.7
1483	1456	2.0
1483	1513	2.6
1483	1670	1.3
1483	1672	3.9
1483	1673	5.0
1483	1681	1.3
1483	1807	2.3
1483	1853	2.0
1483	1974	1.9
1483	2081	1.3
1483	2653	1.5
1483	3929	1.2
1483	4850	2.5
1483	6253	2.2
1516	67	2.3
1516	89	4.6
1516	155	1.5
1516	157	1.0
1516	176	1.5
1516	184	1.2
1516	220	3.2
1516	228	1.0
1516	253	1.5
1516	288	3.8
1516	289	5.0
1516	293	1.2
1516	300	3.8
1516	306	1.0
1516	316	1.1
1516	349	1.5
1516	366	3.1
1516	465	1.2
1516	486	1.1
1516	511	1.6
1516	533	2.1
1516	679	2.1
1516	701	2.2
1516	907	1.1
1516	951	1.8
1516	1241	1.3
1516	1243	4.2
1516	2018	1.3
1516	2031	2.7
1516	2988	1.2
1516	3074	3.8
1516	3173	1.6
1516	3382	1.4
1516	3462	1.6
1516	3741	1.2
1516	3934	1.1
1516	3981	1.1
1516	5772	1.5
1516	6123	4.6
1516	6721	1.0
1516	6723	2.0
1516	7452	1.2
1516	8371	1.7
1516	8810	2.0
1516	11070	1.2
1516	11474	3.3
1516	15155	2.5
1516	15156	1.1
1516	15157	1.0
1516	15158	1.0
1520	58	1.7
1520	65	2.8
1520	89	5.0
1520	154	1.9
1520	166	1.1
1520	173	1.6
1520	190	2.2
1520	203	3.8
1520	207	4.0
1520	209	1.9
1520	227	2.8
1520	229	1.1
1520	230	4.6
1520	298	2.9
1520	374	1.2
1520	379	1.8
1520	418	2.0
1520	425	1.3
1520	444	1.0
1520	532	2.5
1520	533	2.9
1520	689	3.1
1520	720	1.6
1520	903	2.8
1520	961	4.3
1520	1090	1.1
1520	1095	2.1
1520	1098	3.4
1520	1384	1.1
1520	1400	1.6
1520	1512	1.4
1520	1513	1.2
1520	1814	1.5
1520	2128	1.2
1520	2815	1.2
1520	3456	1.9
1520	3945	1.4
1520	4224	1.9
1520	4980	4.1
1520	5615	2.1
1520	9569	1.1
1520	11492	2.0
1520	11822	1.9
1520	13529	1.0
1520	14337	1.1
1520	14459	2.3
1520	15162	2.2
1520	15163	1.7
1520	15164	1.3
1520	15165	1.3
1535	89	3.1
1535	190	2.5
1535	191	1.6
1535	209	2.3
1535	227	2.7
1535	230	2.3
1535	291	1.2
1535	324	1.9
1535	333	4.0
1535	344	2.3
1535	412	1.7
1535	430	2.4
1535	461	2.2
1535	464	1.1
1535	471	1.6
1535	481	1.4
1535	498	2.3
1535	530	1.4
1535	532	1.4
1535	537	3.3
1535	540	2.6
1535	686	1.7
1535	687	1.5
1535	691	2.5
1535	1043	2.9
1535	1047	2.9
1535	1189	1.1
1535	1242	1.0
1535	1390	1.9
1535	1590	2.5
1535	1866	1.4
1535	2852	1.0
1535	3079	2.6
1535	3081	1.5
1535	3112	1.4
1535	3273	1.5
1535	3373	2.0
1535	4385	1.3
1535	4559	2.5
1535	4810	2.0
1535	5785	1.3
1535	5950	1.4
1535	6397	1.7
1535	7777	1.8
1535	10318	1.3
1535	10327	1.0
1535	15218	5.0
1535	15219	2.1
1535	15220	1.6
1535	15221	1.2
1540	55	2.1
1540	88	1.3
1540	89	5.0
1540	209	1.9
1540	288	1.6
1540	289	2.6
1540	298	2.1
1540	300	2.3
1540	302	2.9
1540	306	2.6
1540	320	1.1
1540	324	1.9
1540	333	1.1
1540	400	1.8
1540	518	2.2
1540	532	1.5
1540	535	3.0
1540	540	1.2
1540	701	3.7
1540	787	1.7
1540	790	1.5
1540	792	1.8
1540	798	2.0
1540	886	2.3
1540	906	2.1
1540	970	3.1
1540	1392	1.3
1540	1406	1.2
1540	1410	2.2
1540	1432	1.1
1540	1904	1.4
1540	2018	2.1
1540	2091	2.1
1540	2440	2.1
1540	2521	2.4
1540	2944	1.0
1540	3193	2.6
1540	3769	2.0
1540	4024	1.5
1540	4260	1.3
1540	4817	2.8
1540	6054	1.3
1540	7268	1.3
1540	7506	2.5
1540	8136	1.1
1540	11866	1.5
1540	11995	1.1
1540	12921	1.0
1540	15236	1.4
1540	15237	1.0
1562	56	2.8
1562	89	3.4
1562	154	1.3
1562	167	1.1
1562	173	2.8
1562	207	1.8
1562	220	5.0
1562	230	3.1
1562	234	3.8
1562	292	1.1
1562	300	1.7
1562	333	1.3
1562	371	1.8
1562	377	2.0
1562	458	1.5
1562	466	2.0
1562	498	2.4
1562	500	1.1
1562	533	2.3
1562	546	2.3
1562	599	1.7
1562	679	1.6
1562	707	1.7
1562	908	1.1
1562	917	1.3
1562	952	1.1
1562	982	1.9
1562	1041	1.0
1562	1044	3.0
1562	1048	2.9
1562	1249	4.4
1562	1400	3.1
1562	1513	3.3
1562	1632	1.7
1562	1659	1.0
1562	1672	2.3
1562	1673	1.1
1562	1803	2.0
1562	1807	2.8
1562	2343	3.3
1562	2346	2.4
1562	2595	2.5
1562	2788	2.1
1562	3011	1.6
1562	3200	1.3
1562	5226	1.9
1562	7324	1.2
1562	15327	1.5
1562	15328	1.4
1562	15329	1.3
1566	88	2.0
1566	89	3.0
1566	154	2.6
1566	190	2.7
1566	196	2.8
1566	199	1.9
1566	206	2.1
1566	207	5.0
1566	217	2.9
1566	225	3.0
1566	226	1.0
1566	227	3.3
1566	228	2.9
1566	229	4.4
1566	298	1.6
1566	412	2.6
1566	419	1.3
1566	424	4.9
1566	425	3.3
1566	428	2.2
1566	430	1.2
1566	432	2.8
1566	440	1.4
1566	526	1.5
1566	533	2.6
1566	539	1.1
1566	546	2.7
1566	547	1.0
1566	689	2.6
1566	690	1.1
1566	703	1.4
1566	709	1.4
1566	903	1.8
1566	969	2.2
1566	1048	3.3
1566	1090	3.8
1566	1098	1.4
1566	1106	1.7
1566	1390	2.6
1566	1400	3.4
1566	1424	1.9
1566	1512	1.6
1566	1976	2.8
1566	2134	1.9
1566	2137	1.8
1566	2582	2.6
1566	3200	3.0
1566	3730	1.9
1566	4435	1.0
1566	4704	1.2
1580	89	3.4
1580	155	2.1
1580	157	4.0
1580	279	1.4
1580	285	1.8
1580	288	2.0
1580	289	5.0
1580	290	3.6
1580	291	4.7
1580	296	1.6
1580	300	1.3
1580	302	1.7
1580	305	2.2
1580	309	1.3
1580	310	2.7
1580	311	1.4
1580	318	2.7
1580	323	4.1
1580	325	3.5
1580	326	2.6
1580	349	3.6
1580	377	1.7
1580	455	4.2
1580	461	1.6
1580	466	2.7
1580	467	1.3
1580	468	1.2
1580	528	2.4
1580	532	2.5
1580	534	1.1
1580	538	2.1
1580	680	3.7
1580	681	1.5
1580	682	2.4
1580	686	1.9
1580	786	3.0
1580	791	1.9
1580	794	1.8
1580	906	2.0
1580	908	2.6
1580	911	1.0
1580	1459	2.0
1580	1613	1.0
1580	1684	2.5
1580	1860	1.5
1580	2094	1.4
1580	2523	2.7
1580	14516	2.5
1580	15421	4.0
1580	15422	1.3
1591	56	1.0
1591	89	3.1
1591	288	5.0
1591	289	3.6
1591	290	2.6
1591	291	3.4
1591	292	2.6
1591	293	1.9
1591	294	2.5
1591	295	3.7
1591	300	1.1
1591	301	1.3
1591	302	2.1
1591	310	1.3
1591	318	2.4
1591	325	2.3
1591	327	1.0
1591	328	2.6
1591	329	1.0
1591	330	1.2
1591	333	3.3
1591	342	1.4
1591	349	3.3
1591	403	1.8
1591	461	2.0
1591	465	2.1
1591	484	2.9
1591	498	4.5
1591	523	2.0
1591	525	1.9
1591	536	1.7
1591	680	4.6
1591	701	1.5
1591	907	2.0
1591	908	1.8
1591	1043	1.3
1591	1377	1.7
1591	1441	1.9
1591	1580	1.0
1591	1613	2.0
1591	1684	1.9
1591	2801	1.5
1591	4385	1.8
1591	4716	1.5
1591	6346	1.6
1591	6567	1.7
1591	8364	1.4
1591	13292	1.1
1591	15470	1.9
1591	15471	1.1
1606	55	1.1
1606	67	2.8
1606	89	4.4
1606	97	1.8
1606	157	2.0
1606	190	1.1
1606	217	1.5
1606	228	1.4
1606	257	2.9
1606	288	2.3
1606	289	5.0
1606	290	1.0
1606	291	2.2
1606	292	2.6
1606	293	1.0
1606	294	2.7
1606	295	2.1
1606	298	2.9
1606	300	2.6
1606	304	1.1
1606	306	1.3
1606	314	1.1
1606	321	1.7
1606	322	1.0
1606	325	1.7
1606	333	2.0
1606	344	2.8
1606	349	2.1
1606	352	1.1
1606	355	1.6
1606	461	2.6
1606	464	1.3
1606	466	3.2
1606	498	3.1
1606	524	1.1
1606	528	1.6
1606	544	1.5
1606	548	1.8
1606	646	2.5
1606	679	2.1
1606	681	1.2
1606	686	1.8
1606	689	2.9
1606	701	1.0
1606	802	2.2
1606	1052	1.3
1606	1767	1.0
1606	1934	1.2
1606	2801	1.3
1606	3171	1.4
1647	65	2.5
1647	89	3.2
1647	157	1.2
1647	161	2.5
1647	190	1.4
1647	257	1.3
1647	288	2.7
1647	289	5.0
1647	292	3.7
1647	300	2.2
1647	318	1.6
1647	321	3.9
1647	325	4.1
1647	328	3.3
1647	333	1.4
1647	344	2.7
1647	349	2.6
1647	377	2.8
1647	456	2.5
1647	458	1.9
1647	461	5.0
1647	464	3.3
1647	486	2.3
1647	491	2.3
1647	493	1.3
1647	498	1.5
1647	681	1.4
1647	701	1.5
1647	793	3.1
1647	907	2.7
1647	908	2.7
1647	912	4.3
1647	966	1.7
1647	1054	2.0
1647	1075	3.8
1647	1186	2.9
1647	1388	1.5
1647	1459	1.2
1647	1597	1.1
1647	1854	1.5
1647	1975	1.7
1647	2179	1.0
1647	2801	3.8
1647	2813	1.0
1647	3171	2.6
1647	3570	1.3
1647	4923	2.1
1647	5746	1.6
1647	13147	1.1
1647	13546	4.0
1649	7	2.9
1649	89	3.6
1649	173	1.6
1649	189	2.2
1649	288	1.9
1649	289	2.2
1649	291	1.6
1649	292	2.5
1649	294	1.6
1649	295	2.9
1649	300	3.8
1649	302	3.5
1649	310	2.1
1649	326	1.4
1649	352	1.1
1649	377	1.5
1649	378	4.4
1649	405	1.7
1649	466	2.8
1649	486	5.0
1649	488	2.3
1649	497	1.2
1649	498	1.5
1649	499	1.2
1649	500	2.3
1649	504	2.4
1649	518	1.3
1649	544	3.3
1649	680	2.4
1649	701	1.0
1649	704	2.4
1649	779	1.1
1649	1032	2.1
1649	1034	2.0
1649	1042	1.1
1649	1185	1.6
1649	1186	1.3
1649	1189	1.3
1649	1678	2.8
1649	1854	3.1
1649	2956	1.0
1649	8356	1.1
1649	10733	1.7
1649	10735	3.6
1649	15831	2.4
1649	15832	1.5
1649	15833	1.5
1649	15834	1.5
1649	15835	1.3
1649	15836	1.1
1678	67	1.3
1678	89	4.2
1678	234	1.3
1678	288	2.3
1678	289	4.6
1678	292	3.6
1678	295	3.1
1678	300	2.4
1678	302	1.5
1678	306	1.3
1678	318	1.0
1678	325	1.3
1678	328	1.3
1678	333	2.8
1678	344	1.3
1678	349	1.2
1678	371	1.6
1678	377	2.1
1678	461	1.9
1678	464	2.2
1678	466	2.1
1678	475	1.1
1678	486	1.6
1678	498	1.8
1678	523	2.1
1678	542	1.4
1678	646	2.1
1678	679	5.0
1678	681	1.6
1678	686	2.1
1678	701	1.1
1678	704	1.3
1678	790	1.0
1678	802	1.5
1678	1045	3.3
1678	1429	1.2
1678	2020	1.1
1678	2080	3.0
1678	2548	1.9
1678	2984	1.0
1678	2987	1.4
1678	3074	1.2
1678	3332	1.4
1678	3393	1.0
1678	5749	2.0
1678	6132	2.0
1678	7832	2.3
1678	7834	1.5
1678	11158	1.1
1678	16009	1.8
1692	56	2.0
1692	65	2.9
1692	67	1.1
1692	89	3.7
1692	190	1.5
1692	227	4.3
1692	228	2.8
1692	288	2.5
1692	289	1.2
1692	306	2.9
1692	310	1.8
1692	324	3.1
1692	329	1.8
1692	366	1.8
1692	389	2.6
1692	463	4.8
1692	467	5.0
1692	511	4.0
1692	538	2.2
1692	604	4.0
1692	679	4.8
1692	689	2.2
1692	707	1.6
1692	898	3.9
1692	991	2.0
1692	1081	4.4
1692	1243	1.9
1692	1375	1.9
1692	1377	1.4
1692	1383	2.3
1692	1412	3.6
1692	1415	1.1
1692	2380	2.3
1692	2544	2.8
1692	4118	1.0
1692	5338	3.5
1692	5437	4.2
1692	6203	3.7
1692	7157	3.3
1692	7183	1.8
1692	9347	1.1
1692	9982	1.7
1692	10042	3.0
1692	14317	2.3
1692	15822	1.1
1692	16064	2.7
1692	16065	2.6
1692	16066	2.2
1692	16067	1.0
1692	16068	1.0
1715	55	1.7
1715	71	1.2
1715	81	1.1
1715	89	3.5
1715	97	1.5
1715	172	3.4
1715	173	4.0
1715	288	2.7
1715	289	2.1
1715	295	1.1
1715	302	3.9
1715	316	4.7
1715	378	2.3
1715	423	2.6
1715	438	1.1
1715	439	2.7
1715	526	2.5
1715	532	3.5
1715	538	1.1
1715	542	4.1
1715	548	3.8
1715	689	3.7
1715	704	2.3
1715	714	2.0
1715	895	2.6
1715	896	2.1
1715	903	2.2
1715	915	1.1
1715	961	5.0
1715	1098	2.8
1715	1167	2.9
1715	1243	1.8
1715	1375	1.6
1715	1379	3.1
1715	1382	1.6
1715	1424	2.7
1715	1452	1.4
1715	1934	1.5
1715	2130	2.9
1715	2521	3.7
1715	3110	1.6
1715	3125	2.4
1715	4709	1.6
1715	4941	2.0
1715	5977	1.6
1715	6647	2.3
1715	8621	3.2
1715	10220	1.2
1715	10693	1.0
1715	12311	1.8
1725	89	3.0
1725	97	2.2
1725	157	5.0
1725	228	1.6
1725	266	1.2
1725	288	3.1
1725	289	1.3
1725	291	2.1
1725	294	1.9
1725	295	3.5
1725	296	1.9
1725	300	2.2
1725	301	2.0
1725	307	1.4
1725	311	1.2
1725	314	1.4
1725	317	1.8
1725	323	2.3
1725	324	2.8
1725	325	1.2
1725	344	1.9
1725	350	1.8
1725	352	3.5
1725	355	1.2
1725	461	2.0
1725	464	1.1
1725	466	1.4
1725	476	2.4
1725	521	1.4
1725	546	1.7
1725	548	1.8
1725	679	2.3
1725	689	1.7
1725	690	1.3
1725	698	1.7
1725	699	2.2
1725	701	2.5
1725	906	3.7
1725	1051	1.1
1725	1377	1.6
1725	2020	4.1
1725	2025	1.1
1725	4704	1.0
1725	4707	1.3
1725	5278	1.6
1725	5746	1.1
1725	7288	2.5
1725	8479	1.2
1725	10640	1.0
1725	11241	2.5
1734	69	1.4
1734	89	3.8
1734	157	1.2
1734	190	1.7
1734	228	1.7
1734	257	2.8
1734	285	1.7
1734	288	4.1
1734	289	2.6
1734	292	1.6
1734	294	3.8
1734	295	5.0
1734	314	1.9
1734	321	1.0
1734	327	1.2
1734	331	2.5
1734	332	1.5
1734	349	1.2
1734	461	1.9
1734	462	4.0
1734	464	1.0
1734	467	2.6
1734	468	3.6
1734	472	2.1
1734	482	2.8
1734	488	1.6
1734	493	2.2
1734	498	1.5
1734	507	1.0
1734	537	2.0
1734	544	2.4
1734	646	1.5
1734	681	1.2
1734	686	1.3
1734	830	1.0
1734	912	2.6
1734	913	2.4
1734	1180	3.6
1734	1457	1.1
1734	1596	1.7
1734	1613	2.0
1734	1672	1.4
1734	2783	1.8
1734	2990	1.4
1734	3320	3.2
1734	5615	1.2
1734	16381	2.1
1734	16382	1.9
1734	16383	1.3
1734	16384	1.0
1757	55	1.8
1757	65	1.5
1757	80	1.1
1757	89	5.0
1757	288	2.0
1757	289	1.6
1757	291	2.3
1757	292	2.7
1757	296	1.5
1757	306	2.0
1757	314	1.5
1757	318	1.2
1757	328	3.4
1757	329	1.0
1757	349	2.5
1757	374	1.8
1757	377	3.2
1757	378	1.2
1757	405	1.6
1757	430	1.6
1757	461	1.1
1757	464	4.7
1757	475	1.7
1757	498	1.3
1757	525	1.6
1757	532	3.9
1757	680	1.2
1757	704	4.5
1757	907	1.2
1757	914	3.8
1757	1026	2.3
1757	1179	3.3
1757	2526	2.1
1757	4024	3.0
1757	4561	1.6
1757	4814	3.7
1757	5149	4.5
1757	5307	2.7
1757	5537	1.9
1757	5947	3.8
1757	6567	1.2
1757	10684	1.1
1757	14802	1.5
1757	16490	3.2
1757	16491	3.2
1757	16492	1.5
1757	16493	1.4
1757	16494	1.3
1757	16495	1.3
1757	16496	1.0
1766	55	1.6
1766	67	2.6
1766	88	2.0
1766	89	3.8
1766	285	1.1
1766	288	2.7
1766	289	4.4
1766	291	2.4
1766	292	5.0
1766	293	1.4
1766	295	2.3
1766	300	2.3
1766	302	2.9
1766	307	1.0
1766	310	1.8
1766	311	1.1
1766	320	1.1
1766	323	1.9
1766	328	1.7
1766	331	1.1
1766	333	2.2
1766	349	1.6
1766	378	2.1
1766	461	2.0
1766	466	2.2
1766	498	2.5
1766	502	2.3
1766	525	2.2
1766	644	2.2
1766	680	2.0
1766	681	1.6
1766	699	1.3
1766	701	2.8
1766	793	2.4
1766	886	3.0
1766	906	2.2
1766	961	1.3
1766	1034	2.0
1766	1051	1.6
1766	1104	1.3
1766	1450	1.7
1766	1503	1.8
1766	1684	1.4
1766	2018	1.0
1766	2094	2.7
1766	3769	1.0
1766	4707	2.6
1766	8605	1.4
1766	16534	1.3
1766	16535	1.1
1780	55	1.6
1780	67	1.7
1780	89	5.0
1780	257	1.9
1780	288	3.4
1780	289	4.2
1780	290	1.5
1780	291	1.9
1780	292	3.9
1780	295	2.9
1780	299	1.6
1780	300	2.9
1780	302	2.1
1780	306	2.0
1780	317	1.8
1780	318	2.1
1780	323	3.7
1780	325	4.2
1780	333	1.5
1780	344	3.0
1780	349	2.5
1780	352	2.0
1780	461	2.9
1780	466	3.6
1780	485	2.6
1780	498	3.0
1780	499	1.0
1780	523	1.9
1780	524	2.1
1780	528	2.6
1780	532	1.3
1780	543	2.3
1780	544	3.1
1780	679	3.1
1780	680	2.0
1780	681	3.9
1780	686	3.1
1780	693	2.6
1780	701	1.0
1780	797	1.2
1780	908	1.7
1780	1037	2.1
1780	1450	2.6
1780	1684	3.1
1780	2094	2.0
1780	2102	3.0
1780	2392	1.6
1780	2521	1.4
1780	2801	2.1
1780	3397	2.8
1786	89	3.0
1786	191	2.8
1786	257	3.6
1786	288	2.2
1786	289	2.6
1786	292	1.6
1786	294	1.1
1786	300	1.8
1786	301	1.9
1786	317	1.9
1786	344	1.0
1786	374	2.8
1786	470	1.7
1786	679	3.0
1786	691	1.4
1786	693	1.2
1786	1035	2.8
1786	1037	1.5
1786	1038	2.7
1786	1042	1.5
1786	1043	2.5
1786	1239	1.2
1786	1389	2.1
1786	1447	1.2
1786	1481	2.7
1786	1680	2.3
1786	1936	2.1
1786	2068	2.2
1786	2176	1.7
1786	2607	5.0
1786	2653	1.8
1786	2939	2.0
1786	2982	2.1
1786	3404	1.0
1786	3459	1.5
1786	4741	1.8
1786	5925	1.8
1786	5958	3.0
1786	5988	1.8
1786	6769	1.9
1786	7324	1.1
1786	8674	1.2
1786	9081	2.1
1786	11731	1.8
1786	16669	2.1
1786	16670	1.7
1786	16671	1.5
1786	16672	1.4
1786	16673	1.1
1786	16674	1.0
1799	55	1.0
1799	89	3.5
1799	157	2.3
1799	239	1.0
1799	251	1.1
1799	257	5.0
1799	262	1.5
1799	285	3.3
1799	288	4.6
1799	289	3.7
1799	290	2.6
1799	292	3.2
1799	294	2.0
1799	295	2.5
1799	299	2.4
1799	300	2.2
1799	306	3.8
1799	308	2.4
1799	314	3.6
1799	317	2.3
1799	327	1.3
1799	328	2.2
1799	349	1.6
1799	367	1.7
1799	400	2.4
1799	466	3.3
1799	468	2.8
1799	485	1.4
1799	531	1.5
1799	545	1.0
1799	1037	2.9
1799	1449	1.3
1799	2083	1.1
1799	2091	1.4
1799	2092	1.6
1799	3318	1.4
1799	3330	1.7
1799	4562	1.2
1799	5947	1.7
1799	6562	1.5
1799	16670	2.8
1799	16723	2.0
1799	16724	1.0
1808	55	1.0
1808	65	1.3
1808	67	3.0
1808	89	3.1
1808	157	2.2
1808	182	1.2
1808	191	1.1
1808	257	3.9
1808	288	4.6
1808	289	5.0
1808	290	1.4
1808	291	1.6
1808	292	1.8
1808	293	1.5
1808	294	1.6
1808	295	3.8
1808	298	1.8
1808	299	1.8
1808	300	2.6
1808	302	1.9
1808	304	2.1
1808	306	4.8
1808	311	3.0
1808	314	1.6
1808	320	2.5
1808	322	1.9
1808	325	1.9
1808	327	1.9
1808	328	1.1
1808	330	2.0
1808	333	4.1
1808	342	1.1
1808	349	3.4
1808	377	1.2
1808	456	1.1
1808	461	1.5
1808	468	1.4
1808	472	2.2
1808	479	1.6
1808	538	1.5
1808	543	2.9
1808	545	2.9
1808	701	2.0
1808	908	1.0
1808	966	1.2
1808	1444	1.4
1808	1459	1.2
1808	1470	3.2
1808	2941	1.2
1808	5988	1.6
1813	55	2.4
1813	65	1.6
1813	67	2.0
1813	89	4.1
1813	288	3.9
1813	289	2.5
1813	291	2.4
1813	292	5.0
1813	295	2.7
1813	298	1.7
1813	300	5.0
1813	301	1.1
1813	302	2.7
1813	323	1.5
1813	332	1.8
1813	333	2.3
1813	344	2.9
1813	349	1.3
1813	352	3.4
1813	386	1.4
1813	461	2.5
1813	464	1.9
1813	523	1.5
1813	528	2.8
1813	532	1.3
1813	543	1.0
1813	544	3.3
1813	548	2.1
1813	679	4.0
1813	681	1.1
1813	686	2.3
1813	689	3.3
1813	697	1.6
1813	802	1.7
1813	1098	1.4
1813	1243	2.5
1813	1400	1.2
1813	1451	1.2
1813	1455	2.0
1813	1464	2.4
1813	1684	1.1
1813	1934	2.6
1813	2543	2.0
1813	2657	1.7
1813	2981	1.2
1813	2990	2.4
1813	3171	1.4
1813	5150	2.8
1813	5472	1.7
1813	16832	1.3
1821	55	2.9
1821	67	2.5
1821	89	3.3
1821	161	1.4
1821	257	1.9
1821	288	3.3
1821	289	5.0
1821	291	1.1
1821	292	4.0
1821	295	1.9
1821	298	2.4
1821	299	1.3
1821	300	3.4
1821	302	2.4
1821	306	1.2
1821	318	3.2
1821	323	1.5
1821	324	1.2
1821	325	1.4
1821	328	2.3
1821	333	2.0
1821	344	1.6
1821	352	3.0
1821	360	1.4
1821	458	1.3
1821	461	2.5
1821	464	2.6
1821	466	2.9
1821	475	1.6
1821	498	2.1
1821	528	4.0
1821	531	1.1
1821	532	2.5
1821	535	3.1
1821	544	2.6
1821	679	4.2
1821	686	1.8
1821	701	3.1
1821	704	1.0
1821	903	1.5
1821	972	2.1
1821	1032	2.1
1821	1090	1.3
1821	1243	2.9
1821	1441	1.0
1821	2020	1.8
1821	2025	2.3
1821	2091	1.3
1821	2498	1.2
1821	8589	2.4
1826	72	2.6
1826	89	3.6
1826	97	2.7
1826	167	1.2
1826	173	3.5
1826	228	2.1
1826	229	3.2
1826	233	2.7
1826	288	2.8
1826	289	3.1
1826	300	3.3
1826	425	1.6
1826	439	1.4
1826	453	2.4
1826	466	1.9
1826	486	2.8
1826	498	2.3
1826	504	5.0
1826	506	3.8
1826	518	1.7
1826	525	1.6
1826	539	1.2
1826	542	1.1
1826	599	1.1
1826	680	1.5
1826	903	1.2
1826	918	1.7
1826	930	1.8
1826	1097	4.4
1826	1098	1.3
1826	1116	2.0
1826	1167	3.5
1826	1243	1.3
1826	1246	2.9
1826	1295	1.2
1826	1400	2.3
1826	1988	1.0
1826	2660	2.0
1826	3186	2.1
1826	3198	1.3
1826	3200	3.6
1826	3205	1.2
1826	3769	2.3
1826	5441	1.5
1826	5735	2.9
1826	6539	1.4
1826	8592	1.4
1826	11812	1.0
1826	12295	1.5
1826	16896	2.0
1833	71	1.3
1833	86	1.1
1833	89	3.2
1833	161	3.1
1833	184	1.1
1833	252	1.4
1833	288	1.8
1833	289	2.3
1833	292	2.6
1833	295	3.1
1833	299	2.1
1833	308	1.9
1833	311	1.2
1833	320	1.1
1833	326	1.1
1833	328	1.0
1833	349	1.6
1833	352	1.3
1833	430	1.3
1833	468	1.2
1833	525	1.3
1833	528	1.7
1833	543	1.1
1833	701	5.0
1833	907	1.8
1833	981	1.9
1833	1037	1.0
1833	1433	1.0
1833	1440	2.2
1833	1443	2.6
1833	1448	1.5
1833	1449	2.6
1833	1450	1.2
1833	1475	2.9
1833	1500	1.7
1833	1596	1.7
1833	2023	1.5
1833	2051	1.3
1833	2074	1.3
1833	2395	3.5
1833	4252	2.6
1833	5249	2.0
1833	6317	1.5
1833	7290	1.2
1833	7869	1.6
1833	10600	1.0
1833	11085	2.3
1833	16916	2.6
1833	16917	1.5
1833	16918	1.0
1850	55	2.8
1850	58	1.0
1850	65	1.7
1850	67	2.7
1850	89	4.0
1850	167	1.0
1850	265	2.6
1850	285	1.2
1850	288	1.9
1850	289	3.2
1850	294	2.3
1850	295	1.8
1850	296	3.2
1850	298	1.6
1850	318	1.0
1850	323	2.7
1850	328	1.1
1850	352	2.5
1850	530	2.1
1850	532	1.7
1850	535	1.1
1850	669	1.0
1850	674	2.5
1850	679	2.3
1850	886	2.4
1850	906	5.0
1850	911	3.0
1850	915	1.4
1850	1001	1.9
1850	1047	2.0
1850	1464	2.3
1850	1589	1.5
1850	2022	2.0
1850	2521	1.8
1850	2523	2.3
1850	3288	2.8
1850	3491	1.2
1850	3501	1.4
1850	3570	2.8
1850	3576	1.2
1850	3674	1.4
1850	3948	1.7
1850	4704	1.4
1850	6232	1.8
1850	8589	1.4
1850	8718	2.8
1850	16662	1.1
1850	17077	1.8
1850	17078	1.8
1850	17079	1.7
1894	67	2.4
1894	89	3.6
1894	97	2.4
1894	184	2.8
1894	204	2.6
1894	257	2.5
1894	288	3.8
1894	289	5.0
1894	291	2.9
1894	292	3.0
1894	293	2.9
1894	294	1.5
1894	295	3.6
1894	300	2.3
1894	302	3.2
1894	309	1.0
1894	310	1.2
1894	311	1.1
1894	317	1.6
1894	329	3.0
1894	330	2.2
1894	331	2.7
1894	333	2.9
1894	349	1.7
1894	359	1.9
1894	461	1.7
1894	465	3.0
1894	468	1.9
1894	475	3.0
1894	523	3.8
1894	525	1.4
1894	527	2.6
1894	891	1.7
1894	903	2.6
1894	908	1.7
1894	974	1.8
1894	1037	3.4
1894	1451	2.8
1894	1459	1.0
1894	1934	1.5
1894	2083	1.1
1894	3489	2.0
1894	8178	1.2
1894	9902	2.0
1894	9905	1.8
1894	17283	1.8
1894	17284	2.0
1894	17285	2.7
1894	17469	2.2
1894	17470	1.1
1895	55	2.4
1895	65	1.1
1895	67	1.8
1895	89	3.5
1895	229	2.4
1895	257	2.3
1895	285	1.2
1895	288	3.0
1895	289	2.7
1895	292	2.6
1895	293	1.2
1895	295	5.0
1895	299	1.7
1895	300	1.7
1895	301	1.9
1895	302	1.7
1895	306	1.8
1895	310	2.5
1895	314	2.4
1895	317	1.2
1895	320	1.7
1895	329	1.8
1895	331	1.8
1895	332	2.8
1895	349	2.1
1895	410	1.2
1895	455	1.0
1895	468	2.4
1895	475	1.3
1895	498	1.2
1895	525	1.4
1895	538	2.0
1895	546	1.2
1895	701	3.1
1895	903	1.6
1895	907	1.6
1895	908	1.5
1895	913	3.5
1895	1400	1.0
1895	1935	1.4
1895	1937	1.6
1895	2089	2.0
1895	2091	1.4
1895	2092	2.8
1895	2521	2.2
1895	2523	1.6
1895	3200	1.0
1895	4566	1.9
1895	17471	1.6
1895	17472	1.5
1917	89	5.0
1917	257	1.5
1917	288	2.9
1917	289	2.1
1917	290	3.6
1917	292	1.3
1917	294	1.9
1917	295	2.0
1917	302	1.0
1917	309	1.3
1917	317	2.4
1917	318	2.6
1917	326	2.5
1917	327	1.9
1917	458	1.0
1917	461	1.5
1917	465	1.7
1917	478	1.0
1917	498	1.8
1917	679	2.3
1917	786	2.1
1917	793	1.3
1917	1032	2.7
1917	1034	1.3
1917	1037	1.9
1917	1573	1.0
1917	1936	1.8
1917	2990	1.0
1917	3200	1.3
1917	4566	1.0
1917	4814	3.2
1917	5039	2.3
1917	5041	1.9
1917	5049	1.8
1917	5276	1.8
1917	5534	2.2
1917	5988	2.8
1917	6226	2.2
1917	7390	1.7
1917	11379	3.8
1917	11385	2.5
1917	11755	3.2
1917	17605	3.2
1917	17606	3.1
1917	17607	2.3
1917	17608	1.8
1917	17609	1.7
1917	17610	1.3
1917	17611	1.3
1917	17612	1.0
1956	51	2.9
1956	59	2.1
1956	63	3.4
1956	67	2.7
1956	89	3.3
1956	157	1.5
1956	187	5.0
1956	289	1.2
1956	295	1.4
1956	374	2.1
1956	375	2.6
1956	379	1.2
1956	389	3.5
1956	511	2.2
1956	877	4.7
1956	972	2.3
1956	1001	3.5
1956	1064	4.9
1956	1098	1.7
1956	1161	1.3
1956	1705	2.0
1956	1883	1.3
1956	2086	1.4
1956	2104	3.2
1956	2546	1.4
1956	3202	2.4
1956	3486	1.1
1956	3487	3.1
1956	3674	3.3
1956	3832	2.6
1956	4493	1.1
1956	4880	3.9
1956	5000	2.1
1956	5089	4.0
1956	5094	2.3
1956	6064	2.3
1956	6497	2.1
1956	6519	2.0
1956	6733	3.6
1956	6739	1.4
1956	6939	1.4
1956	9087	3.9
1956	9090	1.6
1956	9116	1.0
1956	13126	1.6
1956	17878	2.0
1956	17879	2.0
1956	17880	1.4
1956	17881	1.2
1956	17882	1.1
1988	55	1.6
1988	89	3.4
1988	190	2.3
1988	238	1.1
1988	288	3.3
1988	289	4.5
1988	292	2.9
1988	298	1.5
1988	300	3.0
1988	306	1.0
1988	328	1.3
1988	333	1.4
1988	355	1.8
1988	461	1.9
1988	466	3.6
1988	471	1.6
1988	544	1.6
1988	679	1.4
1988	686	2.0
1988	701	3.6
1988	787	1.0
1988	788	3.2
1988	790	5.0
1988	792	1.4
1988	795	1.6
1988	802	2.9
1988	903	1.1
1988	1034	1.2
1988	1400	1.7
1988	1428	1.8
1988	1431	1.3
1988	1432	1.5
1988	2596	2.6
1988	3187	2.0
1988	3193	2.4
1988	3404	1.7
1988	3905	1.2
1988	4254	1.5
1988	4703	1.4
1988	4817	1.9
1988	6529	2.2
1988	7395	1.2
1988	9157	2.9
1988	9158	1.3
1988	10967	1.8
1988	11221	1.7
1988	13603	1.2
1988	15696	1.5
1988	15900	1.4
1988	18026	1.8
2020	7	1.2
2020	89	4.2
2020	157	1.7
2020	190	4.3
2020	198	1.4
2020	207	4.0
2020	208	1.5
2020	228	3.2
2020	234	3.5
2020	288	4.0
2020	295	4.6
2020	300	3.8
2020	331	1.7
2020	333	1.4
2020	420	1.8
2020	423	1.6
2020	425	3.4
2020	440	1.1
2020	441	1.7
2020	486	2.5
2020	498	5.0
2020	526	1.4
2020	539	3.7
2020	547	2.2
2020	548	2.0
2020	599	2.8
2020	689	4.3
2020	703	1.6
2020	704	2.7
2020	709	2.0
2020	779	1.3
2020	969	1.6
2020	982	1.2
2020	1098	2.2
2020	1390	1.3
2020	1400	2.5
2020	1512	1.0
2020	1609	1.5
2020	1807	4.6
2020	1814	1.6
2020	1978	2.1
2020	1990	2.2
2020	2083	1.9
2020	2128	1.2
2020	2351	1.0
2020	2788	1.4
2020	2821	3.4
2020	5149	1.1
2020	7660	2.6
2020	12013	1.6
2033	55	1.8
2033	58	1.1
2033	89	5.0
2033	97	1.0
2033	227	2.9
2033	228	2.9
2033	229	2.4
2033	288	4.7
2033	289	4.9
2033	292	3.3
2033	295	2.2
2033	298	2.3
2033	300	3.2
2033	302	1.2
2033	306	1.4
2033	324	1.1
2033	333	2.9
2033	424	2.0
2033	466	1.5
2033	498	3.7
2033	526	2.3
2033	530	2.4
2033	538	1.5
2033	548	1.1
2033	599	1.3
2033	689	1.3
2033	690	2.6
2033	703	1.4
2033	704	1.9
2033	889	1.8
2033	901	1.4
2033	903	2.8
2033	980	1.7
2033	985	1.0
2033	1246	1.6
2033	1379	3.5
2033	1632	2.8
2033	1934	2.9
2033	2137	1.3
2033	2521	3.2
2033	2602	1.3
2033	3200	1.2
2033	3404	2.3
2033	4814	2.8
2033	5147	1.5
2033	5149	1.9
2033	5926	1.4
2033	7781	1.7
2033	7787	1.2
2033	8589	1.4
2038	56	4.0
2038	89	4.2
2038	190	1.0
2038	228	1.6
2038	229	1.5
2038	230	1.5
2038	234	1.9
2038	288	4.2
2038	289	2.7
2038	292	1.8
2038	295	1.6
2038	298	2.0
2038	300	5.0
2038	302	2.2
2038	306	1.1
2038	310	1.4
2038	328	1.0
2038	333	2.5
2038	352	1.3
2038	430	1.5
2038	461	1.9
2038	464	2.2
2038	466	2.8
2038	470	3.8
2038	498	3.5
2038	526	1.8
2038	528	2.4
2038	539	1.1
2038	544	1.6
2038	679	4.5
2038	689	2.9
2038	691	1.2
2038	701	2.2
2038	703	2.5
2038	704	1.9
2038	706	1.0
2038	757	1.4
2038	1032	2.7
2038	1042	1.6
2038	1243	1.0
2038	1246	2.8
2038	1390	1.7
2038	1398	1.0
2038	1400	1.8
2038	1470	2.0
2038	1518	1.3
2038	1556	1.3
2038	1934	1.0
2038	1976	1.8
2038	2025	1.7
2053	7	1.2
2053	25	1.1
2053	67	1.0
2053	89	3.7
2053	172	1.6
2053	377	1.3
2053	378	2.2
2053	475	1.7
2053	503	3.1
2053	504	1.1
2053	518	3.2
2053	811	2.2
2053	824	2.0
2053	837	1.6
2053	841	1.6
2053	917	2.5
2053	923	4.0
2053	930	5.0
2053	936	3.2
2053	953	2.0
2053	955	3.1
2053	972	1.2
2053	978	1.1
2053	1044	1.4
2053	1104	1.5
2053	1114	3.6
2053	1339	4.0
2053	1359	2.8
2053	1710	1.6
2053	2014	1.8
2053	2370	1.1
2053	2664	2.4
2053	2961	1.8
2053	2963	1.2
2053	3425	2.1
2053	4135	1.8
2053	4136	2.2
2053	4137	1.7
2053	4286	1.7
2053	4319	1.8
2053	4343	1.7
2053	5459	1.9
2053	6282	2.6
2053	7100	1.1
2053	7103	1.6
2053	8646	1.6
2053	9746	1.1
2053	10865	1.4
2053	16427	1.9
2053	18440	1.0
2059	7	1.2
2059	58	1.9
2059	67	2.1
2059	89	3.2
2059	157	1.8
2059	288	3.1
2059	289	2.5
2059	291	1.1
2059	292	5.0
2059	295	1.9
2059	300	1.8
2059	301	2.8
2059	302	3.0
2059	306	1.8
2059	317	1.1
2059	323	1.7
2059	329	2.7
2059	333	3.5
2059	340	1.4
2059	349	2.1
2059	352	1.7
2059	360	3.2
2059	458	1.9
2059	459	1.5
2059	461	1.5
2059	464	1.6
2059	466	2.3
2059	475	3.4
2059	498	3.9
2059	525	2.5
2059	544	2.0
2059	690	1.8
2059	697	2.2
2059	704	1.8
2059	907	1.2
2059	915	1.6
2059	1032	1.3
2059	1037	3.2
2059	1042	1.0
2059	1052	2.3
2059	1183	1.2
2059	1455	1.1
2059	1601	1.1
2059	1620	1.9
2059	2226	1.3
2059	9384	1.3
2059	9913	1.5
2059	16891	1.6
2059	18463	1.5
2059	18464	1.0
2065	89	4.1
2065	191	1.3
2065	230	3.2
2065	288	3.2
2065	289	4.1
2065	300	2.6
2065	325	2.4
2065	328	1.4
2065	333	3.7
2065	344	2.5
2065	350	2.1
2065	352	1.4
2065	367	5.0
2065	371	3.4
2065	374	1.8
2065	377	3.3
2065	378	2.2
2065	386	2.1
2065	393	1.6
2065	409	3.0
2065	461	2.1
2065	464	3.1
2065	466	3.6
2065	475	2.0
2065	518	1.0
2065	531	2.9
2065	532	1.6
2065	544	3.5
2065	545	1.6
2065	682	1.2
2065	686	1.4
2065	691	2.5
2065	701	2.8
2065	834	1.6
2065	1042	1.3
2065	1179	2.9
2065	1447	1.3
2065	1852	1.2
2065	1904	2.9
2065	2091	1.9
2065	2092	1.8
2065	2107	1.2
2065	2940	3.2
2065	3859	1.8
2065	4558	2.2
2065	4562	1.5
2065	5575	2.1
2065	8047	3.3
2065	13780	2.0
2065	18517	2.5
2076	67	1.4
2076	89	4.5
2076	190	2.6
2076	207	1.1
2076	209	1.1
2076	227	2.0
2076	283	4.2
2076	289	3.4
2076	295	1.5
2076	298	2.1
2076	300	2.1
2076	302	1.6
2076	333	3.1
2076	349	2.2
2076	378	2.8
2076	430	1.2
2076	498	5.0
2076	542	4.0
2076	701	1.7
2076	708	1.5
2076	930	2.0
2076	955	1.3
2076	972	2.1
2076	989	1.8
2076	1243	1.6
2076	1246	2.3
2076	1681	3.6
2076	1763	2.1
2076	1771	2.2
2076	1807	1.1
2076	2788	2.0
2076	2988	1.1
2076	3125	2.2
2076	3200	2.5
2076	3205	1.0
2076	3737	1.3
2076	3744	2.3
2076	4346	1.0
2076	4716	1.1
2076	5027	2.5
2076	5079	3.3
2076	5437	1.3
2076	5745	1.9
2076	6535	3.2
2076	7835	1.3
2076	10401	2.0
2076	11155	1.2
2076	14629	1.2
2076	18573	1.7
2076	18574	1.6
2087	55	2.0
2087	65	1.1
2087	67	2.0
2087	89	3.6
2087	180	2.0
2087	209	1.8
2087	257	2.9
2087	265	2.5
2087	288	3.3
2087	289	3.8
2087	291	2.2
2087	292	4.2
2087	294	1.3
2087	295	5.0
2087	299	2.7
2087	300	2.6
2087	301	1.7
2087	302	3.0
2087	305	1.0
2087	306	1.1
2087	314	1.7
2087	332	1.4
2087	333	3.0
2087	342	2.4
2087	344	2.2
2087	377	3.2
2087	378	2.9
2087	461	1.6
2087	466	1.9
2087	486	3.6
2087	498	1.9
2087	543	3.1
2087	544	2.2
2087	679	3.0
2087	701	3.0
2087	913	2.8
2087	915	2.3
2087	1032	1.2
2087	1034	2.6
2087	1042	1.1
2087	1246	1.8
2087	1379	2.4
2087	1452	1.1
2087	1456	1.5
2087	1470	1.7
2087	1934	2.2
2087	1936	1.1
2087	2977	1.9
2087	4814	2.5
2087	4920	1.3
2088	45	1.5
2088	55	2.2
2088	89	3.4
2088	157	5.0
2088	176	1.0
2088	207	4.0
2088	228	3.8
2088	234	2.6
2088	262	1.5
2088	279	1.5
2088	285	2.6
2088	288	3.8
2088	295	2.6
2088	299	3.4
2088	300	2.6
2088	308	2.9
2088	309	2.6
2088	312	1.5
2088	314	3.4
2088	317	1.5
2088	320	2.9
2088	326	4.0
2088	332	2.6
2088	349	3.8
2088	516	1.0
2088	517	1.0
2088	554	1.0
2088	630	1.5
2088	913	1.0
2088	959	1.0
2088	1426	1.0
2088	1451	2.9
2088	1580	3.1
2088	1639	2.6
2088	1935	3.1
2088	2569	1.5
2088	2786	3.6
2088	2834	2.2
2088	2899	1.0
2088	3314	1.5
2088	4566	1.9
2088	4713	1.9
2088	5031	2.9
2088	6288	2.6
2088	6541	1.5
2088	6562	1.5
2088	7639	1.5
2088	9426	1.5
2088	9636	1.5
2088	18622	3.4
