userID	artistID	rating
2	51	5.0
2	52	4.7
2	53	4.7
2	54	4.5
2	55	4.3
2	56	3.6
2	57	3.6
2	58	3.1
2	59	3.0
2	60	2.9
2	61	2.9
2	62	2.8
2	63	2.8
2	64	2.7
2	65	2.7
2	66	2.6
2	67	2.6
2	68	2.4
2	69	2.2
2	70	2.2
2	71	2.2
2	72	2.2
2	73	2.1
2	74	2.1
2	75	2.0
2	76	2.0
2	77	1.8
2	78	1.8
2	79	1.7
2	80	1.7
2	81	1.7
2	82	1.6
2	83	1.5
2	84	1.5
2	85	1.4
2	86	1.3
2	87	1.3
2	88	1.3
2	89	1.2
2	90	1.2
2	91	1.2
2	92	1.1
2	93	1.1
2	94	1.1
2	95	1.1
2	96	1.0
2	97	1.0
2	98	1.0
2	99	1.0
2	100	1.0
63	51	4.1
63	159	2.1
63	163	2.3
63	183	1.4
63	190	2.5
63	193	1.5
63	203	1.2
63	212	2.1
63	227	2.5
63	234	2.3
63	554	1.8
63	562	2.2
63	614	3.8
63	704	1.9
63	706	2.8
63	707	2.2
63	735	1.3
63	841	1.8
63	854	3.6
63	856	1.3
63	857	3.6
63	868	1.5
63	917	1.7
63	918	5.0
63	923	2.6
63	928	2.0
63	952	1.2
63	959	1.5
63	1109	2.5
63	1119	3.4
63	1343	1.5
63	1358	1.1
63	1400	1.9
63	1412	2.2
63	1527	2.3
63	1803	2.5
63	1804	1.8
63	1805	1.8
63	1806	1.8
63	1807	1.7
63	1808	1.7
63	1809	1.6
63	1810	1.5
63	1811	1.4
63	1812	1.2
63	1813	1.1
63	1814	1.1
63	1815	1.0
63	1816	1.0
63	1817	1.0
66	51	3.4
66	59	1.7
66	61	2.6
66	68	2.1
66	72	4.0
66	85	3.3
66	98	1.4
66	99	2.2
66	100	1.9
66	874	2.0
66	880	1.4
66	993	2.6
66	994	1.0
66	997	2.8
66	998	1.6
66	1001	2.4
66	1006	2.1
66	1013	2.7
66	1014	2.2
66	1019	1.9
66	1027	1.5
66	1073	1.7
66	1122	1.8
66	1799	1.9
66	1836	1.7
66	1878	5.0
66	1879	3.8
66	1880	3.7
66	1881	3.4
66	1882	3.1
66	1883	2.9
66	1884	2.9
66	1885	2.6
66	1886	2.5
66	1887	2.5
66	1888	2.4
66	1889	2.2
66	1890	2.0
66	1891	2.0
66	1892	1.8
66	1893	1.7
66	1894	1.6
66	1895	1.6
66	1896	1.5
66	1897	1.4
66	1898	1.4
66	1899	1.4
66	1900	1.3
66	1901	1.1
66	1902	1.0
96	51	4.7
96	67	5.0
96	68	3.6
96	77	1.0
96	85	1.9
96	99	1.4
96	100	1.5
96	192	2.4
96	193	2.0
96	215	2.5
96	220	1.0
96	288	1.7
96	289	1.8
96	295	2.9
96	310	1.2
96	316	3.4
96	332	3.5
96	349	3.3
96	511	1.0
96	538	2.6
96	952	2.0
96	966	3.1
96	982	1.2
96	999	3.0
96	1076	1.7
96	1464	3.8
96	1556	2.0
96	1820	1.5
96	2183	1.2
96	2551	4.0
96	2552	3.6
96	2553	3.5
96	2554	3.3
96	2555	2.8
96	2556	2.4
96	2557	2.0
96	2558	1.9
96	2559	1.9
96	2560	1.7
96	2561	1.7
96	2562	1.7
96	2563	1.7
96	2564	1.7
96	2565	1.4
96	2566	1.4
96	2567	1.2
96	2568	1.2
96	2569	1.0
96	2570	1.0
96	2571	1.0
117	51	3.6
117	55	2.1
117	59	2.8
117	61	1.5
117	67	2.5
117	72	5.0
117	91	2.7
117	96	1.4
117	99	1.1
117	100	1.3
117	157	2.2
117	159	1.7
117	180	2.0
117	187	2.6
117	192	1.0
117	193	1.8
117	227	1.4
117	253	1.5
117	268	2.8
117	294	1.0
117	377	1.3
117	429	1.5
117	467	1.1
117	717	3.8
117	730	1.3
117	905	1.1
117	994	1.5
117	997	1.5
117	998	2.5
117	999	1.7
117	1001	3.2
117	1003	1.4
117	1004	2.4
117	1008	1.6
117	1014	3.0
117	1019	1.4
117	1026	1.2
117	1883	1.9
117	1892	2.3
117	2029	1.3
117	2031	1.9
117	2183	2.1
117	2554	2.5
117	2933	3.0
117	2934	2.0
117	2935	1.9
117	2936	1.8
117	2937	1.6
117	2938	1.5
117	2939	1.1
128	51	5.0
128	54	1.4
128	72	3.1
128	96	2.2
128	99	1.9
128	159	1.8
128	172	1.8
128	182	3.9
128	193	3.6
128	206	2.7
128	211	2.8
128	217	2.3
128	227	4.3
128	453	4.3
128	622	3.2
128	962	1.6
128	1075	3.2
128	1414	1.8
128	1416	1.4
128	1470	3.1
128	1519	2.5
128	2031	2.1
128	2554	3.4
128	2627	2.5
128	2639	1.4
128	3098	4.4
128	3099	3.9
128	3100	3.7
128	3101	3.4
128	3102	3.4
128	3103	3.1
128	3104	2.9
128	3105	2.9
128	3106	2.8
128	3107	2.8
128	3108	2.6
128	3109	2.5
128	3110	2.4
128	3111	2.3
128	3112	2.2
128	3113	2.2
128	3114	2.1
128	3115	1.9
128	3116	1.6
128	3117	1.5
128	3118	1.4
128	3119	1.3
128	3120	1.2
128	3121	1.0
128	3122	1.0
141	51	5.0
141	54	1.8
141	72	1.2
141	86	1.9
141	89	2.0
141	159	2.8
141	163	1.0
141	173	1.7
141	190	2.9
141	227	3.2
141	298	2.3
141	511	2.9
141	539	1.8
141	599	3.4
141	715	4.1
141	734	3.2
141	735	2.1
141	851	3.8
141	874	1.1
141	905	2.7
141	917	2.6
141	928	2.6
141	959	2.1
141	961	3.2
141	1075	2.5
141	1110	1.9
141	1122	1.4
141	1249	2.2
141	1366	2.1
141	1369	1.3
141	1413	2.4
141	1643	2.0
141	1726	3.5
141	2343	2.5
141	2444	2.9
141	2531	1.6
141	2945	1.7
141	3201	2.8
141	3264	5.0
141	3265	2.6
141	3266	2.1
141	3267	1.7
141	3268	1.7
141	3269	1.6
141	3270	1.4
141	3271	1.3
141	3272	1.3
141	3273	1.2
141	3274	1.2
141	3275	1.1
176	40	2.5
176	51	5.0
176	59	2.4
176	72	4.3
176	154	2.1
176	170	2.1
176	173	3.4
176	223	3.4
176	225	5.0
176	227	4.5
176	228	2.9
176	233	3.2
176	424	1.3
176	429	2.7
176	432	1.1
176	440	1.5
176	441	1.5
176	450	2.3
176	612	1.5
176	748	2.3
176	965	1.9
176	969	1.8
176	1075	2.5
176	1090	2.6
176	1219	1.8
176	1242	1.2
176	1376	2.4
176	1390	1.6
176	1803	1.0
176	1878	1.1
176	1886	1.8
176	2541	1.1
176	2584	2.8
176	2611	1.5
176	2637	1.3
176	2938	1.4
176	3030	2.0
176	3110	2.6
176	3258	3.2
176	3281	1.2
176	3411	2.7
176	3576	2.2
176	3732	2.9
176	3754	1.8
176	3767	3.0
176	3768	2.9
176	3769	2.5
176	3770	2.4
176	3771	1.4
176	3772	1.4
196	51	3.6
196	59	1.0
196	65	2.0
196	154	2.4
196	172	1.7
196	182	1.7
196	190	3.7
196	206	1.0
196	207	3.1
196	212	1.1
196	220	1.6
196	226	2.2
196	227	5.0
196	229	1.9
196	234	1.9
196	298	1.0
196	420	1.6
196	424	3.1
196	425	1.2
196	436	1.7
196	437	1.4
196	486	1.6
196	498	2.8
196	534	2.7
196	538	1.6
196	599	1.4
196	683	1.2
196	709	3.1
196	716	2.0
196	733	2.0
196	857	1.3
196	868	2.3
196	965	1.8
196	969	1.1
196	982	1.5
196	1090	3.0
196	1151	1.2
196	1239	2.7
196	1412	2.5
196	1414	1.8
196	1810	2.7
196	1976	1.6
196	1977	2.3
196	2637	1.5
196	2821	2.2
196	3071	1.5
196	4073	2.4
196	4074	1.6
196	4075	1.5
196	4076	1.3
224	51	3.7
224	59	2.3
224	61	1.9
224	67	2.9
224	72	4.7
224	96	2.7
224	99	1.4
224	157	1.1
224	159	2.4
224	172	3.6
224	187	3.3
224	193	4.0
224	227	2.1
224	251	1.1
224	343	2.1
224	429	1.3
224	441	1.9
224	599	3.9
224	612	1.8
224	715	1.6
224	735	1.1
224	852	1.3
224	857	1.7
224	878	3.0
224	985	2.4
224	986	1.4
224	993	3.8
224	997	3.4
224	998	2.8
224	1004	5.0
224	1013	1.0
224	1017	1.7
224	1019	1.1
224	1027	2.1
224	1083	2.2
224	1122	1.6
224	1242	2.2
224	1413	1.8
224	1881	1.1
224	1886	1.2
224	1891	1.0
224	2265	3.1
224	2633	1.4
224	3119	2.0
224	3201	1.4
224	3280	2.1
224	3302	1.5
224	4493	2.1
224	4494	1.6
224	4495	1.4
290	51	4.8
290	67	5.0
290	68	2.2
290	70	1.5
290	77	4.2
290	82	2.7
290	99	1.5
290	159	1.0
290	193	1.9
290	203	2.2
290	475	3.3
290	599	2.5
290	601	1.9
290	959	1.5
290	1001	3.3
290	1019	2.2
290	1031	1.5
290	1076	2.2
290	1079	4.7
290	1081	2.2
290	1090	1.5
290	1099	1.9
290	1227	1.9
290	1409	1.5
290	1479	1.5
290	1504	1.0
290	1686	1.5
290	1895	1.9
290	2342	1.9
290	2531	1.5
290	2571	1.5
290	2788	1.9
290	3281	1.5
290	3739	3.5
290	3768	2.7
290	3832	2.5
290	3920	2.5
290	4785	1.5
290	5254	4.3
290	5255	3.8
290	5256	2.7
290	5257	2.2
290	5258	2.2
290	5259	2.2
290	5260	1.9
290	5261	1.9
290	5262	1.9
290	5263	1.9
290	5264	1.5
290	5265	1.5
338	51	4.1
338	67	2.4
338	88	1.5
338	89	2.1
338	98	3.7
338	157	4.2
338	163	1.2
338	190	1.5
338	203	1.2
338	285	2.1
338	288	2.5
338	289	4.3
338	378	2.3
338	400	2.1
338	429	1.5
338	455	2.7
338	599	1.4
338	732	3.3
338	757	1.6
338	917	1.3
338	1015	1.8
338	1098	2.1
338	1366	1.2
338	1456	1.1
338	1803	2.0
338	1808	1.0
338	2343	1.0
338	2787	1.1
338	2792	2.0
338	2923	1.1
338	2973	5.0
338	3201	1.2
338	3427	1.4
338	3471	1.1
338	3474	1.1
338	4180	3.3
338	5003	1.5
338	5160	2.6
338	5832	3.1
338	5833	2.3
338	5834	2.1
338	5835	2.0
338	5836	1.8
338	5837	1.8
338	5838	1.7
338	5839	1.6
338	5840	1.5
338	5841	1.0
338	5842	1.0
338	5843	1.0
374	51	5.0
374	85	1.0
374	2562	2.9
374	6261	1.0
423	51	3.7
423	67	1.2
423	68	1.0
423	72	5.0
423	85	2.9
423	96	1.0
423	99	1.4
423	154	1.1
423	187	4.9
423	193	3.0
423	227	1.4
423	429	1.4
423	511	1.4
423	538	3.5
423	711	1.4
423	712	1.4
423	717	2.0
423	857	1.2
423	868	2.2
423	959	1.4
423	993	2.3
423	995	1.4
423	997	1.2
423	1001	2.0
423	1004	1.5
423	1013	2.4
423	1090	2.5
423	1464	2.3
423	1713	2.6
423	1891	1.3
423	2552	1.8
423	2554	1.6
423	2570	1.1
423	2571	1.4
423	3832	1.1
423	6732	4.7
423	6733	4.0
423	6734	2.2
423	6735	2.2
423	6736	2.0
423	6737	1.9
423	6738	1.7
423	6739	1.7
423	6740	1.7
423	6741	1.6
423	6742	1.6
423	6743	1.4
423	6744	1.3
423	6745	1.3
423	6746	1.2
428	51	5.0
428	55	1.9
428	59	1.9
428	67	3.6
428	72	2.8
428	76	1.2
428	77	2.7
428	85	1.1
428	100	2.1
428	157	1.2
428	159	1.3
428	167	2.6
428	187	2.2
428	627	1.2
428	889	2.1
428	900	1.1
428	985	1.5
428	993	1.0
428	994	1.6
428	997	2.1
428	998	2.1
428	999	2.6
428	1001	3.4
428	1004	1.3
428	1014	2.6
428	1017	1.1
428	1019	1.1
428	1028	1.6
428	1062	1.2
428	1076	1.6
428	1885	1.7
428	1892	2.1
428	2531	1.1
428	2552	2.0
428	2559	2.0
428	2562	3.0
428	2571	1.7
428	3281	1.8
428	5255	2.5
428	5258	1.1
428	6065	1.0
428	6073	1.2
428	6714	2.2
428	6742	1.0
428	6776	3.0
428	6777	1.2
428	6778	1.1
428	6779	1.1
428	6780	1.1
428	6781	1.0
568	51	3.5
568	59	4.5
568	67	1.5
568	72	4.5
568	76	1.4
568	81	1.3
568	89	1.6
568	187	1.7
568	199	2.8
568	207	2.8
568	220	1.0
568	228	3.3
568	257	1.0
568	288	2.6
568	289	2.3
568	296	1.3
568	301	1.3
568	310	2.9
568	366	1.1
568	441	2.0
568	511	5.0
568	533	1.0
568	599	3.1
568	627	2.3
568	712	1.3
568	715	2.3
568	718	1.9
568	734	4.5
568	735	2.7
568	851	2.9
568	986	1.8
568	993	2.3
568	1001	1.6
568	1089	1.0
568	1090	1.4
568	1094	4.1
568	1244	1.4
568	1376	3.0
568	1383	1.7
568	1390	1.8
568	1633	2.2
568	1848	2.2
568	3488	1.0
568	5787	4.7
568	6369	1.3
568	6913	1.3
568	6920	1.9
568	8151	3.0
568	8152	2.8
568	8153	1.4
576	51	5.0
576	82	1.3
576	137	1.3
576	208	1.1
576	226	1.6
576	573	1.3
576	858	1.6
576	881	1.2
576	903	1.0
576	1787	3.1
576	1790	3.4
576	1849	2.9
576	2668	1.0
576	3875	1.1
576	3877	1.0
576	4247	1.1
576	4723	1.7
576	4734	1.3
576	5200	1.3
576	5348	1.8
576	5927	2.1
576	8199	2.7
576	8200	2.6
576	8201	2.3
576	8202	2.2
576	8203	2.0
576	8204	2.0
576	8205	1.8
576	8206	1.7
576	8207	1.7
576	8208	1.5
576	8209	1.4
576	8210	1.4
576	8211	1.3
576	8212	1.3
576	8213	1.3
576	8214	1.3
576	8215	1.2
576	8216	1.2
576	8217	1.2
576	8218	1.2
576	8219	1.1
576	8220	1.1
576	8221	1.1
576	8222	1.1
576	8223	1.1
576	8224	1.0
576	8225	1.0
576	8226	1.0
576	8227	1.0
592	7	3.0
592	15	1.0
592	51	4.7
592	55	2.0
592	67	1.0
592	72	1.3
592	89	1.4
592	155	1.5
592	157	3.3
592	190	5.0
592	230	1.1
592	234	1.3
592	292	4.5
592	299	1.5
592	328	1.2
592	450	2.6
592	463	1.3
592	638	3.6
592	652	3.7
592	659	1.6
592	724	3.0
592	903	1.3
592	906	1.6
592	955	1.1
592	965	1.7
592	1044	1.5
592	1098	1.5
592	1099	3.3
592	1104	2.7
592	1123	1.5
592	1249	1.8
592	1475	3.6
592	1491	1.7
592	1672	1.5
592	1788	4.3
592	1795	1.9
592	2668	2.6
592	3019	1.8
592	3046	3.0
592	3047	1.6
592	3674	3.7
592	4316	1.3
592	4502	1.7
592	5706	1.8
592	6262	1.2
592	8014	1.8
592	8366	4.2
592	8367	4.1
592	8368	3.0
592	8369	1.3
643	51	5.0
643	53	3.7
643	89	2.6
643	96	2.5
643	98	4.3
643	157	2.7
643	173	3.2
643	199	2.6
643	221	2.9
643	288	1.0
643	429	1.0
643	436	2.7
643	437	4.2
643	554	1.5
643	599	1.3
643	615	2.4
643	679	1.9
643	689	3.9
643	690	2.1
643	905	1.5
643	971	3.0
643	1089	2.9
643	1097	4.8
643	1164	1.4
643	1242	5.0
643	1390	1.6
643	1514	2.8
643	1519	2.4
643	1633	1.2
643	2127	1.1
643	2541	3.7
643	3201	3.4
643	3279	3.1
643	3502	1.0
643	3890	1.9
643	4384	4.9
643	4622	1.1
643	5833	4.4
643	6203	4.9
643	8600	3.4
643	8656	2.3
643	8670	1.4
643	8715	1.8
643	8826	2.7
643	8827	2.0
643	8828	1.9
643	8829	1.6
643	8830	1.1
643	8831	1.1
643	8832	1.0
714	16	2.6
714	40	1.4
714	51	5.0
714	72	3.9
714	98	1.0
714	159	3.5
714	233	2.0
714	441	1.0
714	450	1.2
714	487	2.7
714	515	1.5
714	862	1.3
714	875	2.1
714	997	1.7
714	1075	5.0
714	1083	1.3
714	1294	1.0
714	1787	2.1
714	1886	3.0
714	1897	2.0
714	2938	1.8
714	3186	1.0
714	3196	1.6
714	3432	1.7
714	3769	1.4
714	4025	3.2
714	4038	2.3
714	4069	1.5
714	4382	1.8
714	4732	1.8
714	5586	1.7
714	5709	3.4
714	5917	1.1
714	6847	2.0
714	7516	1.7
714	8369	2.1
714	9256	1.7
714	9496	2.1
714	9497	2.0
714	9498	2.0
714	9499	1.9
714	9500	1.8
714	9501	1.6
714	9502	1.5
714	9503	1.4
714	9504	1.4
714	9505	1.4
714	9506	1.4
714	9507	1.3
714	9508	1.0
761	36	3.0
761	51	5.0
761	55	1.0
761	56	1.5
761	58	2.2
761	59	1.6
761	67	3.7
761	70	1.1
761	72	2.4
761	159	3.3
761	172	3.8
761	302	1.5
761	599	2.1
761	777	2.6
761	864	1.4
761	875	2.4
761	985	3.6
761	997	4.2
761	999	1.2
761	1014	2.0
761	1019	2.0
761	1083	4.3
761	1099	2.3
761	1394	2.0
761	1827	1.9
761	1878	1.3
761	1885	2.6
761	1886	2.3
761	1891	1.8
761	2027	1.1
761	2488	2.2
761	2535	1.7
761	2552	4.2
761	2562	2.1
761	2936	1.6
761	3281	2.5
761	3285	2.1
761	3291	1.8
761	3562	3.3
761	4732	1.3
761	5045	2.2
761	5258	2.5
761	8582	1.9
761	8790	1.7
761	9858	2.6
761	9859	2.4
761	9860	2.2
761	9861	1.9
761	9862	1.4
761	9863	1.2
788	7	1.8
788	51	5.0
788	67	2.4
788	77	1.6
788	157	1.8
788	192	1.1
788	227	2.8
788	230	2.0
788	234	2.6
788	245	3.0
788	517	1.5
788	533	2.3
788	601	1.7
788	707	1.8
788	715	1.2
788	724	1.2
788	733	2.2
788	857	1.1
788	860	1.3
788	951	1.7
788	1076	1.2
788	1079	1.5
788	1242	2.0
788	1249	2.1
788	1406	1.8
788	1412	1.1
788	1413	2.0
788	1414	1.3
788	1415	1.1
788	1803	1.3
788	1974	1.3
788	2346	1.7
788	2347	4.2
788	2444	1.5
788	2554	2.7
788	2556	1.3
788	2783	1.7
788	3097	1.0
788	3281	2.3
788	3302	1.8
788	3473	1.1
788	3675	1.4
788	3732	4.0
788	3777	1.5
788	5168	1.1
788	8991	1.1
788	8992	1.9
788	10040	1.4
788	10041	1.3
788	10042	1.1
832	51	3.1
832	72	3.0
832	81	1.5
832	152	3.6
832	181	1.0
832	187	3.4
832	188	3.1
832	190	2.8
832	518	2.3
832	607	1.9
832	851	1.0
832	917	1.4
832	920	2.7
832	928	1.6
832	930	1.3
832	936	3.6
832	942	5.0
832	943	1.7
832	944	1.3
832	955	1.9
832	1001	1.0
832	1089	1.4
832	1113	3.2
832	1343	2.8
832	1358	3.9
832	1369	2.2
832	1372	1.6
832	1464	2.3
832	1810	1.3
832	2003	2.3
832	2005	1.7
832	2013	1.3
832	2014	1.9
832	2343	2.8
832	2787	3.6
832	2975	1.2
832	3201	1.3
832	3425	1.4
832	3901	3.0
832	3940	2.2
832	4119	1.1
832	9125	2.2
832	10453	2.2
832	10470	2.1
832	10471	1.9
832	10472	1.9
832	10473	1.6
832	10474	1.6
832	10475	1.2
832	10476	1.0
1003	51	3.2
1003	55	1.1
1003	58	1.1
1003	67	2.5
1003	77	1.0
1003	89	2.5
1003	96	2.5
1003	155	2.4
1003	157	2.0
1003	159	2.0
1003	167	1.4
1003	187	2.0
1003	192	1.4
1003	228	1.0
1003	229	1.5
1003	253	1.7
1003	289	1.4
1003	323	2.3
1003	352	1.1
1003	511	1.7
1003	548	1.2
1003	576	1.0
1003	599	1.1
1003	601	1.7
1003	734	1.5
1003	903	1.3
1003	906	2.4
1003	959	2.6
1003	997	1.1
1003	1001	1.4
1003	1014	1.3
1003	1427	2.1
1003	1485	1.4
1003	2444	1.2
1003	2607	1.0
1003	3306	1.4
1003	3313	1.3
1003	3576	1.7
1003	4130	1.8
1003	5000	5.0
1003	6714	1.3
1003	9631	1.1
1003	11724	2.8
1003	11725	2.2
1003	11726	2.1
1003	11727	1.8
1003	11728	1.5
1003	11729	1.1
1003	11730	1.1
1003	11731	1.1
1038	51	3.7
1038	68	1.6
1038	72	2.8
1038	82	1.7
1038	91	2.7
1038	98	2.0
1038	100	2.6
1038	187	2.5
1038	193	2.9
1038	877	2.8
1038	993	2.2
1038	994	1.3
1038	995	2.3
1038	997	2.4
1038	998	2.9
1038	999	3.3
1038	1004	3.9
1038	1005	1.0
1038	1006	1.8
1038	1013	4.5
1038	1019	1.9
1038	1027	2.9
1038	1062	1.6
1038	1079	3.9
1038	1810	1.3
1038	1883	1.2
1038	1885	1.5
1038	1886	1.6
1038	1891	1.8
1038	1892	2.2
1038	1895	2.5
1038	1897	5.0
1038	2027	1.7
1038	2936	2.9
1038	2937	1.0
1038	3119	1.6
1038	3451	1.8
1038	3768	1.4
1038	6742	1.1
1038	7343	1.0
1038	7885	1.3
1038	8555	2.2
1038	9253	1.4
1038	9255	1.1
1038	11928	2.2
1038	11929	2.0
1038	11930	2.0
1038	11931	1.8
1038	11932	1.7
1038	11933	1.2
1074	51	5.0
1074	67	2.7
1074	72	2.7
1074	77	1.4
1074	95	1.2
1074	96	1.1
1074	157	2.0
1074	159	3.3
1074	163	1.8
1074	180	3.7
1074	187	1.6
1074	193	1.1
1074	227	2.6
1074	229	2.4
1074	258	1.2
1074	429	3.1
1074	437	1.1
1074	511	1.2
1074	533	1.3
1074	599	4.8
1074	601	1.7
1074	716	1.5
1074	735	2.9
1074	851	2.6
1074	875	3.5
1074	959	1.4
1074	982	1.6
1074	1079	1.2
1074	1122	1.0
1074	1414	2.5
1074	1416	4.2
1074	1534	1.6
1074	1767	2.1
1074	1795	1.4
1074	1832	1.8
1074	1892	2.2
1074	2861	2.9
1074	2938	1.7
1074	3074	4.0
1074	3201	1.0
1074	3441	1.8
1074	3451	1.4
1074	3739	1.3
1074	4369	2.5
1074	5836	1.7
1074	6709	1.6
1074	6790	1.8
1074	9160	2.4
1074	12128	1.4
1074	12129	1.1
1115	51	3.3
1115	877	1.0
1115	12400	5.0
1115	12401	1.0
1115	12402	1.0
1202	51	5.0
1202	58	1.7
1202	59	3.2
1202	70	3.3
1202	72	4.6
1202	77	2.2
1202	99	2.0
1202	100	1.0
1202	159	3.6
1202	187	1.3
1202	193	1.6
1202	210	1.6
1202	229	1.6
1202	233	2.8
1202	429	1.8
1202	441	1.3
1202	511	3.4
1202	599	3.6
1202	601	2.3
1202	603	1.0
1202	612	1.0
1202	627	3.8
1202	715	1.7
1202	905	1.3
1202	959	1.2
1202	982	1.3
1202	993	2.2
1202	998	1.8
1202	1000	1.1
1202	1001	4.2
1202	1014	2.4
1202	1019	1.4
1202	1079	1.4
1202	1151	1.1
1202	1156	1.4
1202	1686	1.3
1202	1810	2.5
1202	2027	1.9
1202	2531	2.2
1202	2554	1.0
1202	3201	1.2
1202	3289	1.9
1202	3466	2.4
1202	4308	1.2
1202	4447	1.2
1202	6742	1.2
1202	6852	1.0
1202	13084	1.7
1202	13085	1.3
1202	13086	1.2
1209	51	5.0
1209	61	1.0
1209	68	1.5
1209	72	1.9
1209	85	1.3
1209	91	2.9
1209	98	2.0
1209	99	1.3
1209	183	1.0
1209	187	3.1
1209	227	2.6
1209	429	1.3
1209	599	1.7
1209	874	1.1
1209	905	1.7
1209	993	1.5
1209	994	1.3
1209	1005	1.2
1209	1013	1.5
1209	1014	2.0
1209	1018	1.3
1209	1073	1.4
1209	1414	2.7
1209	1416	1.6
1209	1899	1.3
1209	2029	2.6
1209	2490	1.3
1209	2556	1.7
1209	2562	1.3
1209	2937	1.2
1209	3201	1.1
1209	3832	2.0
1209	3920	1.2
1209	4616	1.1
1209	6732	2.5
1209	6740	1.2
1209	6784	2.5
1209	6790	2.7
1209	7347	1.2
1209	8995	1.2
1209	13151	3.6
1209	13152	2.6
1209	13153	1.9
1209	13154	1.8
1209	13155	1.7
1209	13156	1.5
1209	13157	1.5
1209	13158	1.4
1209	13159	1.1
1209	13160	1.0
1210	51	5.0
1210	59	2.2
1210	67	2.3
1210	72	3.8
1210	77	2.3
1210	85	2.2
1210	98	1.9
1210	155	1.5
1210	157	1.2
1210	159	3.3
1210	170	1.4
1210	172	1.5
1210	187	1.3
1210	190	2.1
1210	193	2.0
1210	227	2.3
1210	511	3.3
1210	533	1.4
1210	599	2.2
1210	601	1.0
1210	732	1.2
1210	874	2.3
1210	917	1.6
1210	959	1.8
1210	993	1.1
1210	996	1.0
1210	997	1.7
1210	998	1.2
1210	999	1.0
1210	1001	1.6
1210	1013	2.0
1210	1014	2.4
1210	1019	1.0
1210	1076	1.1
1210	1122	1.3
1210	1413	1.2
1210	1810	1.2
1210	1892	1.4
1210	2343	1.2
1210	2531	1.0
1210	2556	2.3
1210	2559	1.0
1210	2562	2.2
1210	3280	1.3
1210	3920	1.2
1210	4313	2.9
1210	5000	1.2
1210	6350	1.7
1210	8995	1.6
1210	13161	1.2
1427	19	1.9
1427	30	1.6
1427	36	1.7
1427	37	1.1
1427	51	3.7
1427	72	5.0
1427	75	1.5
1427	153	1.9
1427	159	2.1
1427	187	1.0
1427	429	1.5
1427	603	1.1
1427	631	1.1
1427	875	1.3
1427	877	2.0
1427	985	1.7
1427	986	1.8
1427	997	1.1
1427	998	1.8
1427	1001	2.6
1427	1014	3.5
1427	1019	2.6
1427	1073	1.7
1427	1098	1.1
1427	1225	1.7
1427	1253	2.1
1427	1298	1.2
1427	1464	1.3
1427	1709	1.9
1427	1886	2.2
1427	1892	1.0
1427	2459	1.7
1427	2531	1.2
1427	2638	2.0
1427	3003	1.2
1427	3015	1.0
1427	3289	2.2
1427	3863	1.1
1427	3889	1.1
1427	7344	1.1
1427	8149	1.3
1427	9302	1.4
1427	10635	1.6
1427	11206	1.2
1427	13451	1.7
1427	14294	1.3
1427	14508	1.8
1427	14509	1.8
1427	14510	1.3
1427	14511	1.1
1585	51	5.0
1585	56	1.0
1585	61	2.6
1585	65	1.6
1585	67	3.0
1585	69	1.1
1585	72	1.6
1585	80	1.3
1585	99	1.2
1585	157	1.6
1585	159	1.3
1585	182	1.9
1585	187	2.3
1585	193	1.0
1585	253	2.1
1585	285	1.8
1585	291	1.5
1585	511	3.6
1585	748	1.2
1585	777	1.1
1585	945	1.4
1585	993	3.7
1585	1001	1.9
1585	1009	1.1
1585	1013	1.4
1585	1116	2.1
1585	1122	2.9
1585	1306	2.6
1585	1405	1.1
1585	1413	1.3
1585	1810	1.4
1585	2018	1.3
1585	2469	1.0
1585	2554	1.7
1585	2608	1.0
1585	3104	2.6
1585	3302	1.1
1585	3481	1.2
1585	3768	1.4
1585	3921	2.4
1585	4130	2.0
1585	5072	1.0
1585	5452	1.3
1585	7054	1.9
1585	15449	2.0
1585	15450	1.5
1585	15451	1.4
1585	15452	1.4
1585	15453	1.3
1585	15454	1.1
1643	51	5.0
1643	67	1.3
1643	77	3.6
1643	95	2.3
1643	155	2.8
1643	187	3.0
1643	190	1.1
1643	227	3.1
1643	296	1.5
1643	418	1.6
1643	679	2.7
1643	694	1.6
1643	728	2.3
1643	801	1.3
1643	906	1.8
1643	910	1.7
1643	959	2.2
1643	972	1.5
1643	1001	1.8
1643	1047	1.7
1643	1076	2.1
1643	1414	1.0
1643	2071	1.6
1643	2523	1.4
1643	2556	2.1
1643	2562	2.1
1643	3070	1.8
1643	3217	1.2
1643	3866	1.1
1643	4068	1.2
1643	5000	3.6
1643	6790	3.1
1643	8676	1.6
1643	8995	2.2
1643	11724	2.2
1643	11727	1.1
1643	12129	3.2
1643	13266	1.3
1643	13415	1.4
1643	14712	1.0
1643	15803	3.1
1643	15804	2.5
1643	15805	2.3
1643	15806	1.7
1643	15807	1.4
1643	15808	1.3
1643	15809	1.2
1643	15810	1.2
1643	15811	1.1
1643	15812	1.1
1724	51	3.1
1724	52	1.0
1724	56	3.1
1724	65	1.8
1724	67	1.8
1724	72	4.9
1724	88	1.0
1724	172	3.1
1724	173	5.0
1724	183	3.6
1724	207	4.4
1724	229	1.6
1724	234	1.3
1724	238	1.4
1724	425	2.1
1724	432	1.7
1724	534	1.3
1724	748	1.7
1724	1048	1.1
1724	1512	2.9
1724	1991	2.5
1724	2122	1.3
1724	2601	2.1
1724	2716	2.5
1724	2747	1.2
1724	3501	1.1
1724	3992	2.2
1724	4913	1.4
1724	5890	1.6
1724	6246	1.6
1724	8174	1.4
1724	10722	2.7
1724	11753	2.3
1724	12674	1.8
1724	13090	2.5
1724	16336	2.9
1724	16337	2.7
1724	16338	2.5
1724	16339	2.3
1724	16340	2.1
1724	16341	2.0
1724	16342	1.9
1724	16343	1.7
1724	16344	1.4
1724	16345	1.3
1724	16346	1.3
1724	16347	1.2
1724	16348	1.2
1724	16349	1.2
1724	16350	1.1
1845	51	4.1
1845	56	1.0
1845	77	2.8
1845	85	1.9
1845	89	1.3
1845	96	1.4
1845	152	2.5
1845	157	1.1
1845	180	2.3
1845	227	3.6
1845	228	1.3
1845	294	1.1
1845	329	1.4
1845	386	1.6
1845	479	1.4
1845	599	3.1
1845	601	1.3
1845	689	2.6
1845	706	1.3
1845	707	2.6
1845	724	1.7
1845	874	3.3
1845	959	5.0
1845	1001	2.0
1845	1013	1.2
1845	1019	1.3
1845	1076	1.6
1845	1099	1.0
1845	1358	1.0
1845	1366	1.9
1845	1369	1.2
1845	1412	2.2
1845	1464	2.2
1845	1518	1.9
1845	2342	1.0
1845	2498	1.6
1845	2580	3.3
1845	2609	1.1
1845	2787	1.1
1845	2853	1.9
1845	3470	1.1
1845	3920	2.9
1845	4031	2.0
1845	5020	2.7
1845	9347	1.3
1845	10820	1.1
1845	11590	1.6
1845	11849	1.0
1845	17008	2.8
1845	17009	1.2
1866	7	1.3
1866	45	1.7
1866	51	5.0
1866	65	3.0
1866	67	1.7
1866	89	1.3
1866	190	1.7
1866	192	2.8
1866	193	1.0
1866	227	2.3
1866	233	2.3
1866	234	1.2
1866	377	1.7
1866	490	1.0
1866	496	1.4
1866	512	1.2
1866	534	2.3
1866	540	2.5
1866	614	1.2
1866	854	1.5
1866	859	1.9
1866	860	2.0
1866	982	1.5
1866	1025	1.3
1866	1104	1.5
1866	1119	2.0
1866	1246	2.9
1866	1413	1.8
1866	1795	1.0
1866	2444	2.9
1866	2493	1.9
1866	2552	1.6
1866	2554	2.6
1866	3070	1.1
1866	3213	1.0
1866	3302	1.3
1866	3308	1.6
1866	7054	2.4
1866	8042	2.6
1866	8347	1.4
1866	9421	3.2
1866	9470	1.3
1866	10069	2.3
1866	10310	1.8
1866	10626	1.1
1866	17234	2.2
1866	17235	1.7
1866	17236	1.4
1866	17237	1.2
1866	17238	1.2
1881	51	5.0
1881	67	2.7
1881	71	1.2
1881	72	1.2
1881	75	2.7
1881	155	1.9
1881	157	1.6
1881	180	3.8
1881	187	1.7
1881	193	1.7
1881	227	1.1
1881	253	1.7
1881	257	1.8
1881	288	1.9
1881	289	2.7
1881	301	1.3
1881	306	1.4
1881	310	1.8
1881	316	1.2
1881	351	1.5
1881	455	3.3
1881	459	2.3
1881	468	2.0
1881	474	1.2
1881	511	2.3
1881	538	2.0
1881	889	2.6
1881	905	1.0
1881	913	1.0
1881	951	1.3
1881	1000	1.5
1881	1001	2.2
1881	1014	2.1
1881	1122	1.1
1881	1444	1.2
1881	2031	1.3
1881	2183	1.2
1881	2523	2.1
1881	2562	1.2
1881	3097	1.2
1881	3763	1.4
1881	4439	1.3
1881	4975	2.0
1881	4978	1.2
1881	5264	1.4
1881	5532	1.5
1881	13266	1.4
1881	17330	1.7
1881	17331	1.1
1881	17332	1.1
1900	51	5.0
1900	58	1.2
1900	59	1.5
1900	67	2.1
1900	72	2.9
1900	85	1.1
1900	159	3.1
1900	203	2.2
1900	227	3.3
1900	429	2.3
1900	441	1.7
1900	599	1.9
1900	620	1.8
1900	851	3.2
1900	852	2.1
1900	861	2.6
1900	874	1.6
1900	875	1.4
1900	985	2.5
1900	986	3.9
1900	993	3.1
1900	997	1.2
1900	1004	1.2
1900	1013	1.4
1900	1017	1.2
1900	1083	4.9
1900	1089	2.6
1900	1804	1.7
1900	1811	1.3
1900	2938	2.6
1900	3201	1.7
1900	3279	1.4
1900	3280	2.4
1900	3287	2.2
1900	3296	1.0
1900	3436	1.7
1900	3941	2.3
1900	4129	2.6
1900	4495	1.4
1900	5260	2.5
1900	6780	1.3
1900	8555	1.9
1900	8656	2.1
1900	9338	1.0
1900	9469	1.7
1900	10105	1.1
1900	13575	1.0
1900	15361	3.1
1900	15637	1.2
1900	17478	1.4
