userID	artistID	rating
44	15	1.1
44	25	1.5
44	67	1.6
44	152	1.3
44	163	4.3
44	190	2.6
44	215	2.7
44	226	1.3
44	227	5.0
44	234	1.6
44	418	3.7
44	436	2.7
44	562	3.0
44	609	1.8
44	614	3.5
44	615	1.8
44	630	2.5
44	706	3.7
44	707	3.2
44	717	1.8
44	718	1.8
44	735	3.2
44	854	4.0
44	868	1.4
44	917	3.1
44	918	1.8
44	957	1.0
44	964	3.2
44	982	1.4
44	1119	3.0
44	1131	1.2
44	1216	1.9
44	1369	1.7
44	1411	4.0
44	1412	3.8
44	1413	3.4
44	1414	2.8
44	1415	2.4
44	1416	2.3
44	1417	2.3
44	1418	2.2
44	1419	1.9
44	1420	1.9
44	1421	1.8
44	1422	1.6
44	1423	1.2
44	1424	1.1
44	1425	1.1
44	1426	1.1
44	1427	1.0
83	154	2.9
83	163	3.5
83	196	1.8
83	200	1.2
83	384	2.2
83	959	2.2
83	1109	1.8
83	2298	5.0
83	2299	3.4
83	2300	3.0
83	2301	2.9
83	2302	2.8
83	2303	2.8
83	2304	2.8
83	2305	2.7
83	2306	2.7
83	2307	2.7
83	2308	2.6
83	2309	2.5
83	2310	2.5
83	2311	2.4
83	2312	2.3
83	2313	2.3
83	2314	2.2
83	2315	2.2
83	2316	2.1
83	2317	2.0
83	2318	2.0
83	2319	2.0
83	2320	2.0
83	2321	1.8
83	2322	1.8
83	2323	1.6
83	2324	1.4
83	2325	1.4
83	2326	1.3
83	2327	1.3
83	2328	1.3
83	2329	1.3
83	2330	1.3
83	2331	1.2
83	2332	1.2
83	2333	1.2
83	2334	1.2
83	2335	1.2
83	2336	1.1
83	2337	1.1
83	2338	1.1
83	2339	1.0
83	2340	1.0
177	152	2.2
177	154	1.6
177	163	3.2
177	188	3.3
177	206	1.4
177	220	1.7
177	227	4.3
177	250	1.6
177	370	1.7
177	407	3.2
177	429	2.0
177	436	3.5
177	506	1.1
177	599	2.6
177	607	1.7
177	610	1.3
177	724	2.5
177	733	1.3
177	854	1.5
177	917	3.9
177	928	1.1
177	936	1.3
177	943	1.2
177	957	1.8
177	959	1.2
177	1110	1.3
177	1113	1.7
177	1134	1.4
177	1353	1.5
177	1369	1.3
177	1411	1.7
177	1412	2.5
177	1418	1.0
177	1426	3.4
177	1427	2.5
177	1639	1.8
177	1893	1.0
177	1941	2.3
177	2343	1.0
177	2369	1.3
177	2381	1.9
177	2624	5.0
177	3421	2.1
177	3773	2.5
177	3774	1.9
177	3775	1.9
177	3776	1.8
177	3777	1.7
177	3778	1.2
177	3779	1.0
250	56	2.1
250	88	3.1
250	96	1.1
250	163	3.5
250	188	1.5
250	212	1.5
250	222	5.0
250	607	3.1
250	717	1.0
250	785	2.0
250	920	1.1
250	945	1.3
250	949	1.0
250	957	1.6
250	959	1.6
250	977	1.2
250	1154	1.8
250	1411	2.9
250	1412	1.4
250	1415	2.9
250	1631	1.2
250	1636	1.1
250	1901	1.0
250	1992	2.5
250	2151	1.3
250	2375	3.2
250	2624	4.7
250	2642	3.5
250	3057	1.5
250	3434	2.1
250	3444	3.3
250	3481	2.6
250	3711	1.6
250	3788	2.1
250	4214	1.1
250	4675	1.2
250	4678	1.3
250	4778	4.8
250	4779	4.2
250	4780	3.0
250	4781	2.6
250	4782	1.9
250	4783	1.8
250	4784	1.7
250	4785	1.6
250	4786	1.4
250	4787	1.2
250	4788	1.1
250	4789	1.0
250	4790	1.0
282	152	2.1
282	163	3.8
282	220	2.3
282	226	1.2
282	227	3.8
282	234	2.4
282	436	1.5
282	562	2.1
282	607	2.0
282	614	4.8
282	706	1.1
282	707	2.7
282	724	1.5
282	728	1.0
282	854	2.8
282	856	1.8
282	868	2.0
282	881	1.5
282	910	1.9
282	917	3.5
282	959	2.6
282	1110	5.0
282	1119	1.3
282	1122	3.0
282	1125	1.6
282	1131	1.2
282	1249	2.0
282	1358	2.4
282	1360	1.5
282	1369	3.2
282	1372	3.6
282	1411	2.0
282	1412	3.7
282	1413	1.5
282	1416	2.3
282	1639	1.3
282	2342	1.6
282	2343	1.5
282	2346	1.5
282	2375	2.2
282	2446	2.0
282	3481	2.2
282	4051	2.4
282	4782	1.6
282	4784	2.9
282	5171	2.0
282	5172	1.9
282	5173	1.9
282	5174	1.5
282	5175	1.3
292	61	1.6
292	152	2.1
292	154	2.5
292	159	1.1
292	163	5.0
292	199	1.8
292	212	1.1
292	225	1.1
292	227	2.6
292	233	1.5
292	418	1.3
292	436	1.2
292	441	2.2
292	607	1.3
292	610	1.7
292	613	1.5
292	707	1.1
292	735	1.2
292	863	1.6
292	868	2.0
292	879	2.9
292	959	1.3
292	1110	1.2
292	1131	1.9
292	1169	1.0
292	1369	1.5
292	1411	2.7
292	1412	1.7
292	1425	1.8
292	1426	1.3
292	1709	1.8
292	1806	1.5
292	2475	1.8
292	3481	2.2
292	3511	1.7
292	4064	1.1
292	4675	1.3
292	4691	2.3
292	4780	1.3
292	4784	1.0
292	4790	2.5
292	5295	2.1
292	5296	2.1
292	5297	2.1
292	5298	1.7
292	5299	1.4
292	5300	1.2
292	5301	1.1
292	5302	1.0
292	5303	1.0
443	57	1.2
443	152	3.6
443	163	3.9
443	174	2.5
443	188	1.7
443	212	1.5
443	227	2.7
443	238	1.0
443	506	2.2
443	712	1.1
443	728	2.1
443	868	1.5
443	918	3.6
443	920	3.3
443	949	1.8
443	1094	1.6
443	1226	3.0
443	1372	1.6
443	1639	1.6
443	1772	1.1
443	1778	2.1
443	2006	1.2
443	2300	5.0
443	2304	1.7
443	2312	2.1
443	2317	1.9
443	2323	2.5
443	2338	2.1
443	2616	1.3
443	2786	3.1
443	2787	1.5
443	4548	2.0
443	5844	3.8
443	6945	3.7
443	6946	3.4
443	6947	3.3
443	6948	3.0
443	6949	2.9
443	6950	2.8
443	6951	2.3
443	6952	2.1
443	6953	1.9
443	6954	1.9
443	6955	1.7
443	6956	1.7
443	6957	1.6
443	6958	1.4
443	6959	1.3
443	6960	1.1
443	6961	1.0
449	15	1.8
449	163	4.9
449	188	4.0
449	227	1.7
449	233	1.3
449	370	2.2
449	380	2.5
449	506	1.5
449	562	1.0
449	630	1.3
449	706	1.6
449	707	2.3
449	724	1.4
449	732	1.1
449	735	3.0
449	868	1.3
449	917	2.1
449	920	1.9
449	961	2.7
449	1110	1.7
449	1112	2.4
449	1143	1.7
449	1254	4.0
449	1259	1.9
449	1366	1.9
449	1369	3.6
449	1372	2.1
449	1412	5.0
449	1513	1.2
449	1531	1.4
449	1535	1.2
449	1806	1.4
449	2343	3.0
449	2347	1.7
449	2966	1.3
449	3417	2.9
449	3438	2.6
449	3509	1.3
449	4271	2.7
449	4272	2.6
449	4273	1.5
449	4605	1.0
449	5689	2.4
449	6258	1.9
449	7043	3.9
449	7044	1.7
449	7045	1.5
449	7046	1.3
449	7047	1.1
449	7048	1.0
458	55	1.3
458	65	1.6
458	67	1.7
458	69	1.0
458	72	2.5
458	97	1.6
458	157	1.2
458	163	3.0
458	187	3.3
458	190	3.7
458	207	1.7
458	209	2.4
458	227	2.9
458	229	2.4
458	233	1.8
458	288	1.5
458	295	2.7
458	329	1.1
458	333	1.3
458	371	1.9
458	378	1.7
458	432	1.1
458	453	2.6
458	486	5.0
458	493	2.0
458	498	2.8
458	504	1.0
458	511	1.4
458	512	2.0
458	517	2.4
458	518	1.6
458	540	1.1
458	544	4.5
458	599	1.3
458	603	1.1
458	706	2.1
458	707	2.8
458	709	1.0
458	959	2.4
458	1001	1.5
458	1098	1.5
458	1116	1.7
458	1121	1.7
458	1246	2.1
458	1382	2.3
458	1412	1.9
458	1413	1.4
458	1464	1.7
458	3621	2.5
458	5966	2.5
541	52	1.0
541	152	2.8
541	163	5.0
541	186	2.4
541	202	1.8
541	212	1.6
541	227	1.6
541	562	3.5
541	607	3.4
541	614	3.7
541	630	1.7
541	706	2.0
541	707	1.8
541	712	1.7
541	715	1.1
541	728	2.2
541	735	1.7
541	854	1.5
541	863	1.0
541	868	2.3
541	982	1.2
541	1119	1.3
541	1249	1.1
541	1369	1.3
541	1372	1.5
541	1411	1.4
541	1412	4.5
541	1415	1.8
541	1425	2.6
541	1639	2.1
541	1643	1.6
541	1778	1.5
541	1806	3.2
541	1813	2.1
541	1873	1.2
541	1974	1.1
541	2834	1.8
541	2842	1.1
541	2855	1.4
541	2898	2.3
541	3620	2.7
541	4349	1.4
541	4675	2.6
541	5172	1.9
541	5175	3.5
541	5416	1.4
541	5441	1.4
541	5844	2.5
541	7881	2.6
541	7882	2.3
549	88	1.9
549	99	1.2
549	157	2.1
549	163	5.0
549	176	1.2
549	198	1.6
549	203	2.8
549	227	2.7
549	389	1.1
549	536	1.1
549	572	1.1
549	585	1.2
549	707	2.6
549	724	1.6
549	868	2.5
549	917	1.7
549	959	1.7
549	1091	1.4
549	1249	3.2
549	1415	1.0
549	1416	2.5
549	1469	2.9
549	2013	1.6
549	2136	4.9
549	2265	1.4
549	2861	1.1
549	2899	1.2
549	2902	1.2
549	3230	3.1
549	3471	2.4
549	4123	4.0
549	4125	4.2
549	4126	2.5
549	4605	1.3
549	6165	2.4
549	7054	2.5
549	7426	3.9
549	7927	3.6
549	7928	2.9
549	7929	2.9
549	7930	2.7
549	7931	2.7
549	7932	2.5
549	7933	1.9
549	7934	1.3
549	7935	1.2
549	7936	1.2
549	7937	1.1
549	7938	1.1
549	7939	1.1
629	65	1.1
629	81	1.7
629	154	2.6
629	163	4.5
629	166	1.0
629	207	2.2
629	212	2.5
629	222	1.6
629	225	4.3
629	226	4.3
629	227	5.0
629	228	2.5
629	422	4.3
629	424	1.6
629	436	1.5
629	439	4.1
629	554	1.8
629	599	1.8
629	705	1.3
629	706	2.1
629	735	2.5
629	863	3.9
629	868	2.9
629	932	2.2
629	982	2.2
629	1090	2.5
629	1242	1.8
629	1244	1.0
629	1412	1.2
629	1416	2.4
629	1553	1.6
629	1764	1.8
629	1771	2.0
629	1977	1.4
629	2277	2.4
629	2364	1.7
629	2899	4.3
629	3391	1.6
629	4793	3.7
629	5416	1.7
629	6147	3.1
629	7411	1.4
629	8707	4.2
629	8708	2.6
629	8709	2.5
629	8710	2.3
629	8711	2.2
629	8712	2.1
629	8713	1.8
629	8714	1.0
720	162	1.3
720	163	5.0
720	176	3.1
720	188	3.7
720	192	2.1
720	227	3.0
720	234	1.1
720	316	3.2
720	506	1.4
720	630	1.0
720	706	2.2
720	707	2.5
720	712	1.4
720	717	1.5
720	718	2.2
720	730	2.6
720	735	1.5
720	917	1.9
720	920	1.0
720	949	2.5
720	951	1.2
720	957	1.5
720	959	3.1
720	975	3.1
720	992	1.4
720	1106	3.3
720	1122	1.9
720	1134	1.6
720	1145	1.2
720	1249	2.3
720	1358	3.7
720	1369	1.3
720	1412	3.2
720	1415	1.8
720	1513	1.0
720	2013	1.7
720	2265	2.8
720	2444	2.6
720	2787	3.3
720	2935	2.0
720	3308	2.6
720	3482	2.4
720	4125	1.6
720	4620	2.2
720	7100	2.1
720	9530	3.0
720	9531	2.2
720	9532	1.6
720	9533	1.5
720	9534	1.2
725	63	2.6
725	72	1.3
725	81	1.8
725	163	3.4
725	407	1.4
725	592	2.3
725	607	1.0
725	744	2.5
725	1073	2.3
725	1104	2.6
725	1121	5.0
725	1123	2.6
725	1146	2.1
725	1154	1.5
725	1225	1.4
725	1705	1.2
725	1806	1.3
725	1909	1.6
725	2469	1.6
725	2478	2.1
725	2626	1.4
725	2634	1.1
725	3886	1.0
725	4126	1.2
725	4922	2.4
725	5073	2.1
725	7054	1.7
725	7124	2.1
725	7126	1.8
725	7133	1.3
725	7148	1.5
725	7431	1.0
725	7488	1.4
725	9289	1.4
725	9550	2.0
725	9551	2.0
725	9552	2.0
725	9553	1.7
725	9554	1.7
725	9555	1.6
725	9556	1.6
725	9557	1.5
725	9558	1.3
725	9559	1.3
725	9560	1.3
725	9561	1.2
725	9562	1.2
725	9563	1.2
725	9564	1.2
725	9565	1.1
805	65	2.9
805	154	2.9
805	163	3.8
805	227	1.1
805	228	2.2
805	366	2.7
805	418	1.9
805	511	2.9
805	562	1.0
805	616	1.4
805	621	1.5
805	683	2.5
805	744	2.2
805	748	4.3
805	756	2.4
805	772	2.5
805	1106	1.1
805	1122	2.0
805	1375	3.3
805	1377	2.2
805	1383	1.3
805	1412	2.3
805	1744	1.7
805	2673	2.0
805	2676	3.2
805	2677	1.5
805	5175	3.3
805	6151	1.9
805	6189	3.2
805	6762	3.7
805	9333	4.0
805	9335	1.3
805	9337	5.0
805	9339	2.8
805	10192	3.4
805	10193	3.3
805	10194	3.1
805	10195	2.9
805	10196	2.8
805	10197	2.7
805	10198	2.7
805	10199	2.0
805	10200	1.8
805	10201	1.8
805	10202	1.5
805	10203	1.4
805	10204	1.3
805	10205	1.1
805	10206	1.1
805	10207	1.0
895	6	2.2
895	7	2.6
895	152	3.1
895	163	4.4
895	234	2.5
895	489	1.4
895	517	1.6
895	562	1.3
895	707	4.8
895	709	2.4
895	712	3.7
895	726	2.1
895	735	1.5
895	868	4.3
895	875	2.0
895	1099	1.4
895	1104	1.7
895	1146	4.3
895	1351	1.7
895	1358	2.4
895	1360	1.5
895	1369	3.7
895	1372	1.2
895	1411	2.2
895	1412	4.6
895	1415	2.0
895	1639	2.3
895	1707	2.1
895	1710	2.6
895	1908	1.4
895	1974	1.0
895	1977	1.2
895	1981	5.0
895	1984	3.2
895	1989	1.7
895	2475	1.4
895	2616	2.1
895	2746	1.1
895	2901	1.1
895	4675	1.2
895	4790	1.4
895	5297	3.0
895	5485	2.0
895	5488	1.1
895	5845	2.4
895	7414	1.0
895	9927	2.4
895	10897	2.4
895	10898	1.8
895	10899	1.1
912	163	3.5
912	212	2.3
912	705	2.6
912	706	1.2
912	707	1.7
912	710	1.9
912	724	1.2
912	732	1.8
912	734	1.5
912	735	2.4
912	843	1.0
912	917	2.3
912	918	1.9
912	919	1.8
912	928	1.9
912	932	2.8
912	937	1.3
912	942	1.5
912	951	2.2
912	952	2.6
912	1249	3.5
912	1339	1.6
912	1350	2.6
912	1360	2.6
912	1372	1.1
912	1412	2.3
912	1513	2.8
912	1545	1.7
912	1654	1.8
912	1803	3.7
912	1810	1.7
912	2038	2.0
912	2343	3.4
912	2346	1.0
912	2372	1.2
912	2784	1.8
912	2797	1.5
912	2834	3.5
912	3427	1.3
912	3660	1.1
912	4165	1.2
912	6282	1.5
912	7097	1.4
912	7107	2.5
912	7108	1.7
912	10126	1.5
912	10993	5.0
912	10994	1.7
912	10995	1.1
912	10996	1.0
972	54	1.2
972	63	2.4
972	93	1.7
972	154	2.9
972	163	3.5
972	418	3.2
972	506	1.0
972	610	1.0
972	632	1.5
972	689	1.0
972	755	1.6
972	964	1.9
972	1098	1.5
972	1109	1.9
972	1117	4.2
972	1148	2.7
972	1385	1.0
972	1418	2.5
972	1423	3.5
972	1700	2.5
972	1708	1.5
972	1737	2.0
972	1770	1.7
972	1781	1.7
972	1783	1.5
972	1790	2.0
972	1835	2.8
972	2711	3.4
972	2775	2.7
972	3815	1.3
972	4087	1.4
972	4123	1.7
972	4437	5.0
972	5441	1.8
972	5799	1.8
972	6048	2.1
972	6179	1.1
972	6187	1.5
972	7382	2.7
972	9555	2.0
972	11475	3.2
972	11476	3.1
972	11477	2.9
972	11478	1.5
972	11479	1.4
972	11480	1.2
972	11481	1.2
972	11482	1.2
972	11483	1.1
972	11484	1.0
1060	162	1.4
1060	163	3.3
1060	188	1.9
1060	220	1.6
1060	226	2.7
1060	227	1.7
1060	380	1.0
1060	418	1.1
1060	429	1.1
1060	433	2.8
1060	605	3.6
1060	632	1.9
1060	769	2.8
1060	881	1.6
1060	964	1.5
1060	1110	2.2
1060	1116	2.3
1060	1131	3.3
1060	1237	1.2
1060	1404	2.3
1060	1412	3.5
1060	1606	2.2
1060	1614	1.1
1060	1632	2.4
1060	1943	2.4
1060	1963	1.8
1060	2542	1.1
1060	2572	3.5
1060	2574	2.2
1060	3258	1.4
1060	3346	4.1
1060	3707	5.0
1060	3732	2.3
1060	4108	1.7
1060	5605	1.5
1060	5966	1.0
1060	6046	4.6
1060	6159	3.3
1060	6182	2.8
1060	6321	1.3
1060	6336	2.1
1060	6828	1.1
1060	7054	1.8
1060	7900	1.5
1060	11378	1.1
1060	12044	4.1
1060	12045	1.5
1060	12046	1.4
1060	12047	1.1
1060	12048	1.0
1228	107	2.4
1228	152	5.0
1228	154	2.4
1228	163	3.9
1228	220	1.3
1228	226	1.8
1228	227	1.4
1228	230	1.7
1228	233	1.3
1228	234	1.6
1228	407	1.8
1228	441	2.1
1228	562	1.1
1228	603	3.1
1228	614	2.1
1228	707	1.9
1228	747	1.8
1228	769	3.3
1228	845	1.3
1228	881	2.0
1228	920	1.4
1228	959	2.7
1228	982	1.1
1228	1110	3.1
1228	1119	2.9
1228	1131	1.0
1228	1229	1.8
1228	1372	2.0
1228	1411	1.9
1228	1412	3.1
1228	1418	1.1
1228	1947	1.8
1228	1974	2.1
1228	2151	1.6
1228	2347	2.5
1228	2473	1.1
1228	2493	2.8
1228	2716	1.0
1228	2817	2.1
1228	3417	2.1
1228	3528	2.2
1228	3616	1.1
1228	3805	2.2
1228	4271	2.5
1228	6048	2.4
1228	6151	2.1
1228	6160	1.1
1228	6830	1.3
1228	9716	3.7
1228	13291	1.5
1240	154	1.4
1240	162	1.6
1240	163	3.4
1240	197	1.6
1240	199	2.2
1240	207	1.9
1240	216	1.1
1240	227	2.6
1240	416	1.2
1240	418	3.0
1240	425	1.6
1240	432	1.2
1240	441	1.3
1240	554	2.0
1240	632	2.2
1240	763	1.4
1240	862	1.6
1240	863	1.6
1240	871	1.3
1240	1011	1.3
1240	1418	5.0
1240	1423	2.7
1240	1504	2.7
1240	1510	3.6
1240	1700	1.2
1240	1737	1.8
1240	2531	1.6
1240	2532	1.2
1240	2828	1.4
1240	3279	1.5
1240	3364	4.0
1240	5434	1.1
1240	6048	2.6
1240	6161	1.3
1240	6182	1.0
1240	6759	1.5
1240	7375	2.0
1240	7376	2.0
1240	7387	1.2
1240	8043	1.5
1240	9260	1.2
1240	9448	1.0
1240	11234	2.4
1240	11958	1.4
1240	13396	2.9
1240	13397	1.7
1240	13398	1.5
1240	13399	1.3
1240	13400	1.2
1240	13401	1.1
1264	65	1.8
1264	163	4.1
1264	190	2.9
1264	192	1.9
1264	203	1.5
1264	207	1.4
1264	212	1.5
1264	220	1.7
1264	227	4.4
1264	234	2.6
1264	511	1.7
1264	533	4.0
1264	562	3.6
1264	599	2.8
1264	614	1.2
1264	706	2.7
1264	712	1.1
1264	714	2.3
1264	717	1.0
1264	725	2.2
1264	733	1.4
1264	735	2.3
1264	917	1.1
1264	959	5.0
1264	982	2.6
1264	1110	1.1
1264	1122	1.5
1264	1241	3.0
1264	1242	2.6
1264	1244	2.3
1264	1249	1.4
1264	1351	2.1
1264	1412	2.6
1264	1414	2.0
1264	1416	1.9
1264	1513	1.3
1264	1755	2.6
1264	1764	1.2
1264	2347	1.0
1264	2625	1.2
1264	2742	1.5
1264	3071	1.0
1264	3308	1.6
1264	3400	2.2
1264	3635	1.8
1264	4087	1.9
1264	4349	1.9
1264	5772	2.5
1264	13554	1.2
1264	13555	1.0
1342	163	5.0
1342	212	1.1
1342	447	1.6
1342	503	1.0
1342	707	1.1
1342	712	1.5
1342	806	1.2
1342	841	1.8
1342	952	1.9
1342	1132	1.8
1342	1369	1.1
1342	1411	1.9
1342	1412	2.5
1342	1415	1.1
1342	1425	1.7
1342	1747	1.6
1342	1772	1.2
1342	1980	1.4
1342	2265	2.4
1342	2312	1.0
1342	2339	1.5
1342	2471	1.4
1342	2558	1.8
1342	2853	2.4
1342	2966	1.2
1342	3470	1.0
1342	4460	1.2
1342	4620	1.5
1342	4971	1.1
1342	5297	2.3
1342	5550	1.6
1342	6961	2.3
1342	8420	1.4
1342	8431	1.6
1342	8439	1.7
1342	9045	2.7
1342	12992	1.0
1342	13981	3.6
1342	13982	3.6
1342	13983	2.8
1342	13984	2.4
1342	13985	1.8
1342	13986	1.8
1342	13987	1.6
1342	13988	1.4
1342	13989	1.3
1342	13990	1.3
1342	13991	1.2
1342	13992	1.1
1342	13993	1.0
1375	152	2.7
1375	162	1.9
1375	163	5.0
1375	429	4.0
1375	607	1.6
1375	707	1.1
1375	805	2.5
1375	810	2.0
1375	813	3.0
1375	815	3.7
1375	843	1.6
1375	955	1.6
1375	978	1.1
1375	1104	1.5
1375	1195	3.1
1375	1239	1.0
1375	1244	1.1
1375	1369	2.4
1375	1858	2.8
1375	2006	1.5
1375	2531	2.0
1375	2572	3.0
1375	2575	2.9
1375	2579	1.0
1375	2608	1.0
1375	2637	1.5
1375	2711	1.6
1375	2864	1.1
1375	3197	1.7
1375	3308	1.4
1375	3405	2.0
1375	3482	1.2
1375	4087	1.3
1375	5317	1.5
1375	5667	1.9
1375	6906	1.6
1375	7804	2.9
1375	8278	1.9
1375	8467	1.2
1375	9716	3.4
1375	10613	1.9
1375	11032	1.8
1375	14194	2.2
1375	14195	1.8
1375	14196	1.7
1375	14197	1.5
1375	14198	1.4
1375	14199	1.3
1375	14200	1.2
1375	14201	1.0
1396	163	3.5
1396	227	1.9
1396	234	2.8
1396	436	2.0
1396	614	1.9
1396	706	2.3
1396	707	2.7
1396	724	1.1
1396	732	1.0
1396	735	2.1
1396	841	2.6
1396	843	2.4
1396	854	4.6
1396	855	1.7
1396	856	1.7
1396	868	3.8
1396	917	3.9
1396	918	5.0
1396	947	1.4
1396	949	1.5
1396	1249	1.2
1396	1257	2.9
1396	1337	2.3
1396	1344	1.6
1396	1352	1.3
1396	1358	2.1
1396	1360	1.7
1396	1364	1.4
1396	1369	2.3
1396	1372	1.1
1396	1412	3.0
1396	1426	2.9
1396	1525	1.2
1396	1526	1.2
1396	1527	2.4
1396	1528	2.4
1396	1531	2.2
1396	1660	1.7
1396	2013	1.2
1396	2347	1.2
1396	2855	1.1
1396	3470	1.7
1396	3780	2.1
1396	7419	1.6
1396	7421	1.8
1396	7422	1.3
1396	9344	1.0
1396	9818	2.0
1396	14304	2.1
1396	14305	1.4
1443	86	1.3
1443	157	1.0
1443	159	1.4
1443	163	3.5
1443	166	1.8
1443	176	1.0
1443	227	2.4
1443	705	1.7
1443	706	1.7
1443	707	1.4
1443	712	1.7
1443	714	3.4
1443	715	2.5
1443	725	1.3
1443	728	1.3
1443	868	3.2
1443	889	1.6
1443	917	1.3
1443	924	1.8
1443	951	2.5
1443	952	1.0
1443	959	5.0
1443	1244	1.4
1443	1249	1.9
1443	1349	1.6
1443	1412	2.5
1443	1513	1.7
1443	1768	1.3
1443	1775	1.1
1443	1803	1.7
1443	1807	2.1
1443	2265	1.4
1443	2786	2.1
1443	2838	1.3
1443	2848	1.1
1443	3204	2.3
1443	3741	1.1
1443	3742	1.0
1443	3745	2.1
1443	4031	1.7
1443	4165	2.9
1443	4180	2.2
1443	5455	1.1
1443	5772	2.7
1443	6722	2.4
1443	8649	1.6
1443	9822	2.4
1443	14584	1.4
1443	14585	1.2
1443	14586	1.2
1522	7	1.0
1522	45	1.0
1522	56	1.2
1522	65	2.2
1522	88	1.3
1522	163	3.4
1522	190	3.3
1522	207	1.4
1522	220	2.2
1522	227	3.9
1522	229	1.9
1522	230	3.8
1522	234	1.0
1522	436	1.3
1522	440	3.8
1522	493	1.3
1522	497	1.0
1522	733	1.1
1522	808	1.0
1522	951	1.2
1522	959	1.1
1522	1043	1.1
1522	1090	1.4
1522	1099	1.1
1522	1106	1.0
1522	1155	1.4
1522	1198	1.2
1522	1246	1.2
1522	1249	1.6
1522	1377	1.4
1522	1398	1.5
1522	1400	5.0
1522	1412	1.1
1522	1738	1.2
1522	1954	2.0
1522	2343	1.0
1522	2600	1.1
1522	3686	1.8
1522	3738	1.9
1522	4028	1.2
1522	4029	1.3
1522	4387	2.2
1522	6303	1.8
1522	7324	1.9
1522	8678	3.2
1522	15169	2.2
1522	15170	1.6
1522	15171	1.5
1522	15172	1.3
1522	15173	1.2
1530	65	1.3
1530	88	2.9
1530	163	5.0
1530	176	1.1
1530	193	1.4
1530	198	4.3
1530	220	4.1
1530	245	1.5
1530	383	2.0
1530	412	1.1
1530	424	1.7
1530	429	2.4
1530	436	1.8
1530	511	1.6
1530	517	1.7
1530	706	1.5
1530	707	2.9
1530	720	1.4
1530	732	1.2
1530	857	3.9
1530	982	3.7
1530	1044	3.2
1530	1103	1.0
1530	1104	2.8
1530	1206	5.0
1530	1249	3.6
1530	1360	1.1
1530	1369	2.2
1530	1406	2.6
1530	1412	1.2
1530	1513	4.0
1530	1520	1.4
1530	1545	4.0
1530	2343	1.5
1530	2346	3.0
1530	2595	1.7
1530	2738	1.3
1530	3360	1.1
1530	3382	1.2
1530	3444	2.3
1530	4087	2.2
1530	4155	1.6
1530	4800	2.6
1530	4805	2.8
1530	5515	1.0
1530	7324	1.7
1530	7333	2.4
1530	10403	1.9
1530	10793	1.5
1530	14657	1.0
1549	163	3.4
1549	171	3.8
1549	182	5.0
1549	207	3.7
1549	217	2.5
1549	226	1.2
1549	227	2.2
1549	424	2.1
1549	425	3.7
1549	539	1.1
1549	562	1.0
1549	575	4.3
1549	604	1.0
1549	618	1.1
1549	689	2.3
1549	690	1.5
1549	706	2.0
1549	903	3.4
1549	959	2.4
1549	985	1.4
1549	1048	1.6
1549	1090	2.2
1549	1106	1.4
1549	1242	1.5
1549	1377	1.4
1549	1515	1.4
1549	1520	2.1
1549	1811	1.7
1549	1976	1.3
1549	1991	1.3
1549	2121	1.0
1549	2131	1.4
1549	2137	1.8
1549	2277	2.3
1549	2524	1.1
1549	2614	1.4
1549	2788	1.5
1549	2823	2.9
1549	3200	1.2
1549	3308	1.6
1549	3400	2.6
1549	3475	1.8
1549	3877	2.4
1549	4115	2.8
1549	5027	2.2
1549	10133	2.1
1549	15267	3.7
1549	15268	2.3
1549	15269	2.0
1549	15270	1.9
1595	59	1.0
1595	72	5.0
1595	77	2.1
1595	89	2.0
1595	99	1.2
1595	159	2.8
1595	163	3.9
1595	193	1.7
1595	227	3.5
1595	228	1.4
1595	234	1.2
1595	418	1.0
1595	441	3.3
1595	511	2.3
1595	562	1.2
1595	599	3.2
1595	631	1.7
1595	706	2.6
1595	717	1.1
1595	733	1.4
1595	735	1.4
1595	757	1.1
1595	863	1.6
1595	865	3.2
1595	868	4.6
1595	874	1.5
1595	959	2.9
1595	1013	2.5
1595	1079	1.5
1595	1122	1.2
1595	1242	1.2
1595	1244	1.4
1595	1249	1.9
1595	1369	1.5
1595	1412	2.5
1595	1534	1.5
1595	1892	1.2
1595	1895	2.2
1595	1897	2.7
1595	3264	1.9
1595	4130	1.1
1595	6950	1.0
1595	8291	1.0
1595	9253	1.9
1595	9513	1.2
1595	9969	1.2
1595	15472	1.2
1595	15477	2.1
1595	15478	1.6
1595	15479	1.3
1626	57	1.4
1626	72	2.6
1626	73	2.4
1626	154	2.3
1626	159	2.8
1626	163	5.0
1626	182	1.4
1626	227	1.5
1626	237	2.2
1626	245	1.5
1626	253	1.4
1626	366	1.5
1626	418	2.0
1626	511	2.0
1626	730	2.1
1626	885	1.2
1626	910	1.2
1626	963	1.7
1626	986	1.7
1626	1130	1.0
1626	1219	2.0
1626	1403	1.2
1626	1412	1.6
1626	1715	1.3
1626	1772	1.0
1626	2040	1.2
1626	2842	1.1
1626	2901	1.0
1626	3107	1.6
1626	3400	1.0
1626	3884	1.3
1626	3892	1.2
1626	4037	1.3
1626	4734	1.5
1626	6137	1.5
1626	6150	1.6
1626	6516	1.4
1626	7054	2.0
1626	9423	1.6
1626	10224	2.0
1626	12050	1.7
1626	15687	3.4
1626	15688	2.3
1626	15689	2.3
1626	15690	1.8
1626	15691	1.4
1626	15692	1.3
1626	15693	1.2
1626	15694	1.1
1626	15695	1.0
1627	163	4.5
1627	227	4.3
1627	234	1.1
1627	599	4.2
1627	607	1.4
1627	706	2.7
1627	707	2.7
1627	733	2.5
1627	735	2.1
1627	841	1.5
1627	857	1.1
1627	868	3.9
1627	917	1.9
1627	918	1.4
1627	952	1.3
1627	959	2.5
1627	1206	1.1
1627	1244	1.8
1627	1249	2.9
1627	1257	1.7
1627	1261	1.9
1627	1337	1.2
1627	1364	1.2
1627	1369	3.0
1627	1372	1.7
1627	1412	5.0
1627	1415	1.6
1627	1426	1.0
1627	1464	1.3
1627	1513	2.8
1627	1806	1.5
1627	2013	1.0
1627	2265	1.4
1627	2343	2.1
1627	2347	1.7
1627	2784	2.4
1627	2790	1.1
1627	2854	1.4
1627	2871	3.4
1627	3458	1.4
1627	3648	1.5
1627	3774	1.4
1627	4251	1.8
1627	5175	1.2
1627	5485	1.7
1627	5844	2.7
1627	6165	1.3
1627	7048	1.3
1627	8794	1.2
1627	9928	1.0
1629	63	4.6
1629	65	1.2
1629	154	1.3
1629	157	1.7
1629	161	1.6
1629	163	4.0
1629	176	1.1
1629	190	1.4
1629	229	1.0
1629	377	2.7
1629	378	3.5
1629	506	3.8
1629	511	2.8
1629	592	2.3
1629	727	1.6
1629	729	1.9
1629	952	1.3
1629	963	1.8
1629	978	1.1
1629	1109	2.3
1629	1112	2.1
1629	1132	2.5
1629	1601	1.2
1629	1705	2.8
1629	1793	2.8
1629	1854	2.2
1629	2745	2.8
1629	3876	1.1
1629	4037	1.8
1629	4126	5.0
1629	4351	1.0
1629	4880	1.7
1629	4988	3.1
1629	4990	2.1
1629	8853	2.6
1629	8854	1.2
1629	15697	3.4
1629	15698	2.8
1629	15699	2.5
1629	15700	2.3
1629	15701	2.0
1629	15702	1.9
1629	15703	1.8
1629	15704	1.7
1629	15705	1.4
1629	15706	1.3
1629	15707	1.2
1629	15708	1.1
1629	15709	1.1
1629	15710	1.0
1657	107	3.2
1657	163	4.7
1657	206	5.0
1657	238	2.2
1657	511	3.6
1657	602	1.8
1657	605	3.5
1657	606	2.8
1657	715	1.6
1657	748	2.5
1657	756	3.9
1657	1098	4.1
1657	1412	2.6
1657	1424	2.5
1657	1835	2.3
1657	1969	1.0
1657	2605	3.5
1657	2668	2.1
1657	2688	1.2
1657	3225	2.2
1657	3413	4.4
1657	3440	3.3
1657	3619	1.3
1657	3992	1.1
1657	3995	3.8
1657	5312	2.5
1657	6581	4.0
1657	6762	1.1
1657	7146	3.1
1657	7700	1.2
1657	8042	1.6
1657	9361	1.6
1657	9882	1.0
1657	11801	2.1
1657	13033	1.8
1657	13087	1.0
1657	13891	1.3
1657	14279	2.1
1657	15880	4.0
1657	15881	3.3
1657	15882	3.0
1657	15883	2.5
1657	15884	2.3
1657	15885	2.2
1657	15886	1.8
1657	15887	1.5
1657	15888	1.4
1657	15889	1.3
1657	15890	1.3
1657	15891	1.1
1696	152	2.4
1696	163	5.0
1696	188	2.2
1696	227	3.0
1696	366	1.7
1696	599	1.1
1696	607	2.2
1696	707	2.2
1696	710	1.5
1696	718	1.5
1696	728	1.9
1696	841	1.9
1696	917	2.6
1696	920	2.4
1696	922	1.5
1696	931	1.5
1696	947	1.0
1696	959	1.9
1696	1110	2.2
1696	1216	1.2
1696	1274	1.7
1696	1358	1.4
1696	1360	1.4
1696	1372	1.8
1696	1411	1.5
1696	1412	1.9
1696	1413	2.1
1696	1425	2.0
1696	1468	1.2
1696	2006	1.8
1696	2016	1.0
1696	2346	1.2
1696	2347	1.9
1696	2624	2.1
1696	2787	1.6
1696	2797	1.2
1696	2864	1.9
1696	3071	1.3
1696	3481	2.2
1696	3675	1.1
1696	3774	1.1
1696	4369	1.1
1696	4500	1.2
1696	4784	1.8
1696	5175	1.1
1696	5212	1.5
1696	6957	1.4
1696	16094	1.6
1696	16095	1.1
1696	16096	1.1
1783	56	1.9
1783	59	2.3
1783	159	2.2
1783	163	3.5
1783	170	2.2
1783	176	2.2
1783	190	1.5
1783	207	3.8
1783	212	3.2
1783	220	1.4
1783	226	1.6
1783	227	4.6
1783	228	2.1
1783	229	1.7
1783	234	3.3
1783	366	2.0
1783	421	3.3
1783	424	2.2
1783	453	1.1
1783	498	2.7
1783	533	1.4
1783	562	3.4
1783	599	2.2
1783	614	5.0
1783	705	3.0
1783	706	3.2
1783	707	1.7
1783	714	2.8
1783	854	1.5
1783	857	1.1
1783	868	1.2
1783	924	2.4
1783	982	2.8
1783	1090	1.1
1783	1110	2.3
1783	1119	1.1
1783	1412	3.2
1783	1426	1.6
1783	1639	1.3
1783	1873	1.8
1783	1905	1.2
1783	2183	1.5
1783	2347	1.3
1783	2606	2.6
1783	2834	2.0
1783	3797	3.0
1783	4349	1.8
1783	5226	1.0
1783	12911	1.5
1783	16665	1.5
1887	154	1.2
1887	163	3.5
1887	188	1.8
1887	198	1.8
1887	199	1.9
1887	396	2.7
1887	614	1.7
1887	707	1.4
1887	920	1.8
1887	944	2.8
1887	947	2.0
1887	959	3.1
1887	964	1.4
1887	1113	2.0
1887	1116	2.0
1887	1119	3.1
1887	1343	1.3
1887	1468	1.4
1887	1726	5.0
1887	2003	3.8
1887	2005	1.3
1887	2006	4.4
1887	2370	3.4
1887	2558	1.1
1887	3472	4.1
1887	3779	1.0
1887	3940	2.8
1887	4613	3.7
1887	4671	2.5
1887	4681	1.1
1887	4690	1.0
1887	7802	1.4
1887	7902	2.5
1887	8695	2.9
1887	11455	1.9
1887	13935	5.0
1887	14391	2.1
1887	17398	4.0
1887	17399	3.4
1887	17400	2.8
1887	17401	2.7
1887	17402	1.9
1887	17403	1.9
1887	17404	1.7
1887	17405	1.6
1887	17406	1.5
1887	17407	1.4
1887	17408	1.4
1887	17409	1.0
1887	17410	1.0
1914	163	4.2
1914	197	2.7
1914	227	2.3
1914	230	2.0
1914	235	4.9
1914	250	2.6
1914	511	1.5
1914	562	4.0
1914	630	2.5
1914	715	3.2
1914	728	4.3
1914	734	3.1
1914	975	1.9
1914	1239	1.9
1914	1425	2.2
1914	1639	1.1
1914	2629	2.6
1914	2633	1.6
1914	2641	1.1
1914	2842	2.3
1914	2864	2.2
1914	2871	3.4
1914	2873	1.9
1914	2894	2.2
1914	2902	1.7
1914	4073	3.6
1914	4196	2.0
1914	4369	1.7
1914	6824	2.4
1914	7266	2.7
1914	8111	1.0
1914	8673	2.0
1914	8837	1.0
1914	9709	1.0
1914	9824	1.9
1914	9825	1.4
1914	10847	4.8
1914	11124	1.0
1914	11667	1.4
1914	13621	1.9
1914	15027	4.1
1914	17562	5.0
1914	17563	3.7
1914	17564	3.5
1914	17565	3.1
1914	17566	1.3
1914	17567	1.2
1914	17568	1.2
1914	17569	1.2
1914	17570	1.1
1929	72	1.2
1929	89	2.7
1929	163	3.7
1929	173	3.8
1929	193	1.3
1929	229	1.0
1929	316	1.3
1929	475	1.5
1929	599	1.0
1929	706	1.6
1929	857	2.6
1929	864	1.9
1929	877	4.2
1929	910	2.4
1929	917	2.3
1929	959	2.8
1929	1001	1.8
1929	1014	1.0
1929	1017	1.1
1929	1110	3.9
1929	1203	1.6
1929	1298	1.5
1929	1343	1.8
1929	1358	2.0
1929	1413	2.0
1929	1463	2.2
1929	1513	1.7
1929	1705	2.2
1929	1814	1.1
1929	1886	1.5
1929	1890	1.9
1929	2030	1.5
1929	2044	4.1
1929	2236	5.0
1929	2251	1.0
1929	2347	1.0
1929	2444	1.1
1929	2531	2.1
1929	3264	4.4
1929	3289	2.6
1929	3481	1.1
1929	3769	3.7
1929	3988	3.5
1929	4126	2.0
1929	4255	2.8
1929	5175	4.0
1929	8422	3.8
1929	12733	2.1
1929	17616	1.8
1929	17652	1.6
1944	15	1.3
1944	163	3.2
1944	227	1.3
1944	405	2.5
1944	439	1.9
1944	500	2.7
1944	614	2.5
1944	707	2.9
1944	710	3.2
1944	724	2.4
1944	729	2.2
1944	779	1.2
1944	837	1.3
1944	917	1.6
1944	918	3.1
1944	921	2.1
1944	923	2.5
1944	927	2.8
1944	953	2.5
1944	954	2.7
1944	963	3.7
1944	1127	1.7
1944	1132	3.3
1944	1264	3.2
1944	1522	1.1
1944	1669	2.2
1944	1778	2.8
1944	1974	1.5
1944	2342	2.3
1944	2370	1.0
1944	2379	5.0
1944	2569	2.5
1944	2844	2.2
1944	3088	2.3
1944	3637	2.3
1944	3719	1.8
1944	4087	2.0
1944	4277	1.0
1944	4680	2.5
1944	5158	3.4
1944	7100	1.9
1944	10209	2.2
1944	17811	3.3
1944	17812	2.4
1944	17813	2.3
1944	17814	2.1
1944	17815	1.3
1944	17816	1.3
1944	17817	1.0
1944	17818	1.0
1976	162	1.3
1976	163	4.5
1976	196	5.0
1976	197	3.9
1976	214	1.4
1976	447	3.7
1976	610	2.6
1976	857	1.5
1976	868	1.6
1976	871	1.3
1976	1109	4.5
1976	1151	1.0
1976	1412	2.7
1976	1512	2.0
1976	2300	4.3
1976	2307	1.2
1976	2312	2.7
1976	2314	1.5
1976	2330	2.0
1976	5844	2.7
1976	6397	1.9
1976	6945	1.5
1976	6947	2.9
1976	6951	1.2
1976	6952	1.8
1976	6960	1.0
1976	6961	3.4
1976	8230	2.2
1976	8239	1.3
1976	8425	3.3
1976	8429	2.0
1976	8439	1.8
1976	8454	1.0
1976	9045	3.8
1976	9048	3.4
1976	9064	1.3
1976	13498	1.1
1976	13503	3.6
1976	14646	1.9
1976	15562	2.4
1976	17067	1.6
1976	17978	2.1
1976	17979	2.0
1976	17980	1.5
1976	17981	1.4
1976	17982	1.3
1976	17983	1.3
1976	17984	1.1
1976	17985	1.1
1976	17986	1.0
2045	163	3.8
2045	166	1.0
2045	207	3.1
2045	208	1.2
2045	234	2.5
2045	424	3.4
2045	428	1.1
2045	460	3.6
2045	508	1.4
2045	757	1.0
2045	868	2.8
2045	957	1.8
2045	1090	2.9
2045	1400	1.5
2045	1786	2.6
2045	1788	3.0
2045	1796	2.4
2045	2055	2.5
2045	2131	1.1
2045	2582	1.0
2045	2743	1.3
2045	3046	4.8
2045	3053	2.8
2045	3056	4.2
2045	3830	2.6
2045	3833	3.8
2045	3840	2.4
2045	4821	1.5
2045	4887	2.9
2045	4901	1.8
2045	4906	1.5
2045	6242	2.4
2045	6245	3.4
2045	7008	3.8
2045	10435	3.4
2045	11170	2.3
2045	13854	5.0
2045	14128	3.5
2045	14693	4.8
2045	17138	1.0
2045	18378	3.9
2045	18379	3.5
2045	18380	3.1
2045	18381	2.8
2045	18382	2.4
2045	18383	2.2
2045	18384	2.0
2045	18385	2.0
2045	18386	1.5
2045	18387	1.1
2052	68	1.9
2052	72	2.1
2052	93	1.9
2052	96	1.3
2052	159	2.4
2052	163	4.1
2052	187	1.4
2052	192	2.9
2052	227	3.7
2052	599	2.2
2052	712	1.4
2052	717	4.9
2052	959	1.3
2052	994	1.3
2052	998	1.8
2052	1358	2.5
2052	1372	1.5
2052	1415	1.8
2052	1891	1.2
2052	1892	1.8
2052	1893	1.9
2052	2013	3.0
2052	2222	1.2
2052	2347	1.4
2052	2444	1.9
2052	2554	2.4
2052	2861	1.3
2052	2936	1.2
2052	3230	1.7
2052	3304	1.4
2052	3308	2.7
2052	3777	1.7
2052	3921	3.2
2052	4126	3.0
2052	4131	1.4
2052	4675	3.9
2052	5365	1.1
2052	6150	5.0
2052	7054	1.6
2052	8802	1.6
2052	9990	1.0
2052	10219	1.6
2052	11630	1.0
2052	12599	1.2
2052	18434	2.7
2052	18435	2.6
2052	18436	1.9
2052	18437	1.4
2052	18438	1.1
2052	18439	1.1
2077	72	2.3
2077	89	1.7
2077	159	1.5
2077	163	5.0
2077	173	3.3
2077	182	1.8
2077	198	1.8
2077	209	1.6
2077	220	1.4
2077	229	1.1
2077	234	3.1
2077	429	3.2
2077	486	2.4
2077	487	1.3
2077	498	2.8
2077	533	1.2
2077	599	3.5
2077	679	1.2
2077	706	3.6
2077	707	1.8
2077	724	1.9
2077	732	2.9
2077	854	1.8
2077	855	1.7
2077	863	1.7
2077	868	1.5
2077	918	1.0
2077	951	3.2
2077	952	2.7
2077	959	2.2
2077	972	1.6
2077	1104	3.1
2077	1180	1.8
2077	1246	2.4
2077	1249	4.6
2077	1366	1.3
2077	1369	1.6
2077	1376	1.4
2077	1400	2.8
2077	1412	4.4
2077	1468	1.4
2077	1714	3.5
2077	1803	4.7
2077	2346	2.1
2077	2784	2.8
2077	2785	1.9
2077	2790	2.4
2077	4074	1.7
2077	4460	1.9
2077	5079	3.3
