userID	artistID	rating
5	53	1.9
5	154	5.0
5	173	2.4
5	182	2.3
5	190	4.9
5	194	4.7
5	195	4.5
5	196	4.3
5	197	3.7
5	198	3.7
5	199	3.3
5	200	3.1
5	201	2.9
5	202	2.9
5	203	2.8
5	204	2.8
5	205	2.7
5	206	2.6
5	207	2.6
5	208	2.6
5	209	2.5
5	210	2.3
5	211	2.3
5	212	2.2
5	213	2.2
5	214	2.1
5	215	2.0
5	216	2.0
5	217	1.9
5	218	1.9
5	219	1.9
5	220	1.8
5	221	1.7
5	222	1.7
5	223	1.5
5	224	1.4
5	225	1.4
5	226	1.4
5	227	1.4
5	228	1.4
5	229	1.4
5	230	1.3
5	231	1.3
5	232	1.3
5	233	1.2
5	234	1.2
5	235	1.2
5	236	1.2
5	237	1.1
5	238	1.0
15	69	1.2
15	154	4.0
15	159	1.7
15	197	3.4
15	203	2.1
15	205	2.9
15	212	1.2
15	215	1.3
15	218	1.2
15	222	1.1
15	227	4.0
15	233	2.8
15	266	1.2
15	429	2.2
15	511	3.9
15	599	5.0
15	600	4.2
15	601	3.2
15	602	3.2
15	603	2.9
15	604	2.9
15	605	2.8
15	606	2.8
15	607	2.7
15	608	2.5
15	609	2.5
15	610	2.5
15	611	2.5
15	612	2.3
15	613	2.3
15	614	2.1
15	615	2.1
15	616	2.1
15	617	2.0
15	618	2.0
15	619	2.0
15	620	1.9
15	621	1.8
15	622	1.7
15	623	1.7
15	624	1.7
15	625	1.5
15	626	1.4
15	627	1.4
15	628	1.3
15	629	1.3
15	630	1.1
15	631	1.0
15	632	1.0
15	633	1.0
55	65	1.3
55	154	5.0
55	190	2.7
55	220	1.7
55	227	2.3
55	267	1.6
55	276	3.4
55	278	2.3
55	331	3.0
55	425	3.4
55	429	2.0
55	569	2.7
55	1455	3.7
55	1605	4.5
55	1606	4.4
55	1607	3.6
55	1608	3.6
55	1609	3.5
55	1610	3.5
55	1611	3.3
55	1612	3.3
55	1613	3.2
55	1614	3.0
55	1615	3.0
55	1616	2.7
55	1617	2.6
55	1618	2.6
55	1619	2.6
55	1620	2.2
55	1621	2.2
55	1622	2.1
55	1623	1.8
55	1624	1.8
55	1625	1.7
55	1626	1.7
55	1627	1.6
55	1628	1.5
55	1629	1.5
55	1630	1.5
55	1631	1.4
55	1632	1.4
55	1633	1.4
55	1634	1.3
55	1635	1.3
55	1636	1.2
55	1637	1.2
55	1638	1.2
55	1639	1.1
55	1640	1.0
55	1641	1.0
94	59	1.6
94	72	2.0
94	76	1.4
94	88	3.8
94	154	3.3
94	159	2.3
94	199	4.6
94	203	5.0
94	210	1.1
94	217	2.3
94	222	2.1
94	227	2.0
94	331	1.1
94	418	1.7
94	424	3.2
94	427	1.1
94	429	4.6
94	433	2.5
94	440	1.5
94	441	1.4
94	533	3.6
94	599	1.8
94	612	2.9
94	620	2.8
94	858	2.2
94	859	2.1
94	1089	1.1
94	1098	2.8
94	1106	2.1
94	1107	1.3
94	1504	3.7
94	1954	1.2
94	1957	3.6
94	1958	1.2
94	1964	2.1
94	2139	2.9
94	2424	2.3
94	2530	2.3
94	2531	2.1
94	2532	1.8
94	2533	1.7
94	2534	1.5
94	2535	1.4
94	2536	1.4
94	2537	1.4
94	2538	1.4
94	2539	1.4
94	2540	1.3
94	2541	1.1
94	2542	1.0
137	55	2.8
137	56	3.2
137	58	3.3
137	64	1.4
137	65	1.8
137	67	2.8
137	70	1.2
137	71	1.8
137	88	1.5
137	154	3.7
137	167	2.5
137	227	1.7
137	246	3.7
137	261	2.4
137	289	2.5
137	292	1.2
137	298	2.1
137	300	1.3
137	306	1.5
137	316	3.5
137	418	1.1
137	525	1.8
137	534	1.8
137	701	2.6
137	714	1.0
137	757	1.8
137	913	1.0
137	980	2.5
137	1098	5.0
137	1135	3.4
137	1243	1.6
137	1390	1.4
137	1398	2.3
137	1424	1.6
137	1464	1.4
137	1556	1.1
137	1768	1.2
137	1781	2.9
137	1934	1.6
137	1983	1.9
137	1990	2.1
137	2523	1.0
137	3057	3.5
137	3200	2.7
137	3201	2.4
137	3202	1.8
137	3203	1.7
137	3204	1.4
137	3205	1.1
137	3206	1.0
156	65	3.0
156	88	2.1
156	89	1.9
156	154	4.3
156	157	2.2
156	159	1.1
156	163	4.0
156	170	3.4
156	171	1.3
156	190	2.2
156	196	1.1
156	207	5.0
156	212	1.6
156	220	1.0
156	221	3.9
156	227	3.7
156	295	1.4
156	344	1.2
156	355	1.8
156	418	1.8
156	436	3.1
156	455	1.6
156	511	1.4
156	533	4.6
156	538	1.2
156	604	1.6
156	735	1.4
156	961	2.0
156	1048	2.6
156	1377	1.1
156	1512	3.4
156	1515	1.5
156	1687	1.8
156	1806	2.8
156	1958	1.6
156	2855	1.8
156	3057	2.1
156	3457	2.0
156	3458	2.0
156	3459	1.6
156	3460	1.5
156	3461	1.5
156	3462	1.5
156	3463	1.5
156	3464	1.4
156	3465	1.4
156	3466	1.3
156	3467	1.3
156	3468	1.3
156	3469	1.2
171	65	2.1
171	88	2.0
171	154	5.0
171	170	1.3
171	190	2.3
171	207	3.4
171	220	1.0
171	228	1.8
171	229	2.0
171	237	1.8
171	250	1.1
171	288	1.4
171	331	1.8
171	412	1.2
171	419	2.5
171	429	2.4
171	440	1.9
171	445	1.4
171	498	2.0
171	538	1.6
171	547	2.6
171	703	1.6
171	757	2.2
171	768	1.2
171	816	1.7
171	1179	1.5
171	1195	2.1
171	1400	2.0
171	1412	1.8
171	1512	1.1
171	1518	2.2
171	1609	1.4
171	1632	2.5
171	1639	1.2
171	1934	2.1
171	2125	1.8
171	2137	2.2
171	2271	2.2
171	2521	1.7
171	2582	2.6
171	2587	1.7
171	2602	1.9
171	2608	2.4
171	3030	2.3
171	3411	1.6
171	3707	1.8
171	3730	2.4
171	3731	1.5
171	3732	1.0
171	3733	1.0
195	154	3.1
195	163	2.3
195	190	2.3
195	208	1.1
195	210	1.4
195	212	3.8
195	220	1.1
195	227	5.0
195	418	2.0
195	424	1.9
195	428	2.5
195	533	2.5
195	554	2.6
195	562	2.0
195	592	2.1
195	709	1.9
195	733	2.9
195	735	1.9
195	859	1.9
195	863	1.9
195	868	2.7
195	969	3.2
195	986	2.2
195	1098	1.2
195	1242	1.7
195	1400	2.8
195	1412	1.1
195	1416	2.4
195	1426	2.4
195	1510	3.6
195	2542	1.0
195	2606	1.5
195	2857	1.4
195	3458	1.6
195	3767	1.3
195	4058	4.1
195	4059	3.0
195	4060	2.8
195	4061	2.7
195	4062	2.4
195	4063	2.4
195	4064	2.3
195	4065	2.3
195	4066	2.1
195	4067	2.0
195	4068	1.7
195	4069	1.6
195	4070	1.6
195	4071	1.5
195	4072	1.1
237	154	4.5
237	163	2.6
237	190	1.3
237	195	1.0
237	196	1.4
237	203	4.0
237	207	3.7
237	208	3.0
237	221	3.0
237	222	1.0
237	225	1.0
237	227	1.3
237	234	1.8
237	237	1.8
237	416	2.0
237	424	5.0
237	428	2.9
237	429	4.2
237	436	2.5
237	440	1.5
237	441	2.1
237	442	1.5
237	511	1.4
237	533	3.9
237	599	1.5
237	609	2.8
237	614	1.8
237	615	2.2
237	622	2.5
237	851	3.3
237	854	1.6
237	859	2.2
237	1089	2.0
237	1106	2.0
237	1122	1.4
237	1179	1.3
237	1384	2.0
237	1504	1.0
237	1512	1.2
237	2134	3.7
237	2279	1.4
237	2531	1.6
237	2606	3.2
237	3481	1.3
237	3693	2.4
237	4620	2.1
237	4621	1.7
237	4622	1.2
237	4623	1.1
237	4624	1.0
277	10	1.4
277	13	1.6
277	15	1.0
277	17	1.2
277	26	1.4
277	30	1.4
277	31	1.4
277	154	4.3
277	159	3.5
277	162	1.1
277	182	2.4
277	190	5.0
277	198	2.7
277	220	3.2
277	227	2.2
277	229	3.1
277	234	1.1
277	237	1.5
277	425	1.2
277	515	1.1
277	755	2.1
277	758	2.5
277	954	1.4
277	1090	1.0
277	1132	1.8
277	1277	1.4
277	1297	1.3
277	1299	1.2
277	1326	1.7
277	1632	2.4
277	1788	1.7
277	1873	3.0
277	1974	2.0
277	3184	1.3
277	3244	1.1
277	3432	1.5
277	3707	2.2
277	4225	2.0
277	4226	3.0
277	4228	2.0
277	4312	1.1
277	4887	2.2
277	5111	2.5
277	5112	2.0
277	5113	1.8
277	5114	1.6
277	5115	1.6
277	5116	1.2
277	5117	1.2
277	5118	1.2
364	154	4.3
364	159	1.7
364	162	2.0
364	163	1.3
364	190	1.2
364	211	1.5
364	212	3.8
364	227	3.3
364	235	2.8
364	418	3.6
364	433	2.8
364	438	2.0
364	554	2.1
364	615	1.0
364	618	2.8
364	624	1.9
364	630	3.2
364	715	5.0
364	718	4.6
364	737	1.0
364	1164	3.7
364	1639	1.0
364	1709	2.4
364	1755	1.7
364	1779	1.2
364	1901	1.5
364	2265	1.6
364	2415	1.2
364	2460	1.2
364	3203	1.1
364	3347	2.8
364	3693	1.4
364	3747	1.7
364	4532	2.6
364	4742	4.4
364	4799	1.4
364	5416	1.5
364	6136	2.8
364	6137	2.5
364	6138	2.5
364	6139	2.3
364	6140	2.3
364	6141	1.9
364	6142	1.7
364	6143	1.6
364	6144	1.5
364	6145	1.2
364	6146	1.2
364	6147	1.2
364	6148	1.0
366	53	3.3
366	81	1.1
366	154	4.9
366	163	4.4
366	212	2.8
366	222	4.5
366	227	2.4
366	234	1.6
366	418	3.3
366	429	1.1
366	603	2.1
366	609	1.3
366	615	1.5
366	616	3.3
366	715	1.8
366	748	5.0
366	859	1.9
366	863	3.0
366	1099	1.4
366	1121	1.3
366	1122	1.0
366	1404	1.3
366	1411	1.6
366	1412	1.4
366	1418	2.0
366	1709	2.0
366	1964	1.7
366	2281	2.7
366	2593	1.7
366	2676	1.7
366	2716	3.2
366	3259	2.2
366	3294	1.0
366	3694	1.1
366	3700	1.2
366	4922	1.8
366	5549	1.6
366	5890	2.6
366	5925	2.1
366	6048	1.3
366	6108	1.5
366	6182	3.6
366	6183	2.9
366	6184	2.6
366	6185	1.7
366	6186	1.6
366	6187	1.4
366	6188	1.3
366	6189	1.3
366	6190	1.0
398	53	3.8
398	56	2.9
398	72	1.1
398	81	1.4
398	88	4.7
398	154	4.0
398	163	2.0
398	199	1.7
398	203	5.0
398	206	1.7
398	207	2.1
398	212	1.5
398	215	2.1
398	225	1.0
398	226	1.3
398	227	3.5
398	233	1.6
398	237	1.2
398	238	4.1
398	439	2.9
398	441	1.7
398	453	3.1
398	512	1.5
398	533	2.3
398	599	1.7
398	603	2.9
398	709	2.1
398	863	1.7
398	903	1.8
398	982	1.6
398	1044	1.0
398	1089	1.4
398	1095	1.6
398	1098	3.2
398	1107	1.5
398	1239	1.4
398	1394	1.3
398	1400	1.2
398	1414	1.3
398	1504	2.2
398	1620	1.2
398	1761	1.3
398	1763	1.2
398	1768	1.0
398	1806	1.5
398	1977	1.5
398	2535	2.5
398	3156	1.3
398	4316	1.6
398	4731	1.5
462	154	3.3
462	159	3.7
462	206	1.1
462	211	3.2
462	219	1.0
462	223	1.0
462	227	4.2
462	416	1.7
462	429	1.6
462	511	1.0
462	599	1.0
462	610	1.3
462	612	1.0
462	618	2.0
462	715	4.8
462	857	2.1
462	859	1.8
462	868	2.2
462	910	3.2
462	1414	1.1
462	1643	2.4
462	1881	2.7
462	1957	3.1
462	2071	1.4
462	2415	1.7
462	2424	1.8
462	2478	5.0
462	2531	1.3
462	2624	1.9
462	2629	2.4
462	2633	1.7
462	2640	2.4
462	4079	3.2
462	5549	2.4
462	6229	1.3
462	6824	2.8
462	7143	4.0
462	7144	3.4
462	7145	3.2
462	7146	3.0
462	7147	2.2
462	7148	2.0
462	7149	2.0
462	7150	2.0
462	7151	1.9
462	7152	1.7
462	7153	1.7
462	7154	1.3
462	7155	1.0
462	7156	1.0
517	107	3.6
517	121	1.6
517	154	5.0
517	196	4.3
517	231	2.5
517	434	2.4
517	604	2.3
517	629	1.1
517	703	3.1
517	981	3.7
517	1106	2.6
517	1155	2.9
517	1167	2.1
517	1424	1.3
517	1627	3.6
517	1717	3.5
517	1943	3.8
517	1946	4.8
517	2277	1.1
517	2292	1.2
517	2408	1.5
517	2535	3.5
517	2605	1.0
517	3026	4.1
517	3158	2.3
517	3693	1.7
517	4032	1.1
517	5925	2.7
517	6004	2.3
517	6915	2.0
517	7682	2.9
517	7683	2.8
517	7684	2.8
517	7685	2.7
517	7686	2.6
517	7687	2.4
517	7688	2.3
517	7689	2.1
517	7690	2.0
517	7691	1.9
517	7692	1.7
517	7693	1.3
517	7694	1.3
517	7695	1.3
517	7696	1.3
517	7697	1.2
517	7698	1.2
517	7699	1.1
517	7700	1.0
517	7701	1.0
567	40	1.3
567	65	2.0
567	154	5.0
567	173	3.0
567	190	3.1
567	195	3.8
567	196	1.7
567	199	1.8
567	210	1.8
567	211	2.3
567	217	3.6
567	222	2.8
567	225	3.1
567	227	2.3
567	234	1.2
567	418	1.2
567	426	2.6
567	428	2.4
567	429	1.6
567	433	1.2
567	440	2.9
567	615	2.1
567	618	1.6
567	622	2.6
567	683	1.8
567	859	3.3
567	1105	1.4
567	1375	1.9
567	1378	1.8
567	1389	1.6
567	1504	1.3
567	1632	1.1
567	1947	1.1
567	2398	1.1
567	2402	1.1
567	2407	1.8
567	3258	2.2
567	3259	2.2
567	3616	2.1
567	3691	1.3
567	3693	1.4
567	3714	1.0
567	4079	1.1
567	4118	2.0
567	4262	1.4
567	5027	1.1
567	5781	1.8
567	6294	2.0
567	6298	1.7
567	6687	1.2
606	52	2.0
606	53	1.6
606	54	1.4
606	65	1.5
606	72	1.8
606	81	1.1
606	152	3.3
606	154	5.0
606	188	3.7
606	190	1.5
606	203	1.5
606	226	1.5
606	233	1.9
606	237	1.6
606	238	1.6
606	370	1.3
606	418	2.6
606	436	1.7
606	614	3.4
606	629	1.6
606	813	1.1
606	815	1.8
606	842	1.2
606	843	1.3
606	846	2.6
606	854	1.2
606	859	2.5
606	953	1.0
606	964	2.1
606	1098	1.3
606	1131	3.4
606	1372	2.5
606	1781	1.7
606	1824	1.8
606	1992	2.6
606	2006	2.2
606	2151	2.2
606	2576	1.3
606	2594	1.8
606	2654	1.2
606	3788	3.1
606	4143	1.1
606	4285	1.8
606	5237	1.1
606	8509	2.1
606	8510	1.7
606	8511	1.6
606	8512	1.5
606	8513	1.2
606	8514	1.0
622	7	1.3
622	152	3.4
622	154	5.0
622	159	1.2
622	163	1.4
622	197	1.1
622	199	2.2
622	203	1.9
622	206	3.1
622	210	1.2
622	212	1.4
622	227	3.4
622	230	1.0
622	233	3.1
622	235	1.6
622	429	1.5
622	434	1.1
622	436	1.8
622	440	3.9
622	475	3.0
622	498	1.1
622	511	1.2
622	599	2.3
622	603	1.0
622	615	2.0
622	616	1.2
622	622	1.2
622	715	1.2
622	851	4.2
622	854	1.2
622	857	2.2
622	859	2.3
622	964	1.9
622	1098	2.1
622	1119	1.9
622	1239	1.4
622	1858	1.1
622	1881	1.9
622	2006	1.1
622	2491	1.4
622	2493	2.8
622	2531	2.7
622	2624	1.5
622	3272	1.2
622	3505	3.7
622	7081	1.1
622	8655	3.2
622	8656	2.8
622	8657	1.7
622	8658	1.0
623	81	1.2
623	152	5.0
623	154	4.6
623	156	1.3
623	163	4.7
623	173	1.4
623	186	1.3
623	188	2.9
623	190	3.1
623	203	1.4
623	215	2.8
623	226	3.5
623	227	4.3
623	234	2.2
623	436	1.6
623	453	2.5
623	506	2.7
623	512	2.3
623	615	2.3
623	854	1.5
623	859	1.7
623	868	2.2
623	964	2.0
623	975	2.7
623	1110	1.6
623	1118	1.0
623	1131	3.0
623	1216	1.1
623	1372	3.1
623	1411	4.4
623	1413	2.5
623	1504	1.9
623	2624	1.6
623	3230	1.8
623	3272	1.5
623	3481	2.3
623	3774	1.5
623	3940	1.6
623	4366	2.8
623	4675	3.6
623	4784	1.6
623	4790	1.1
623	5172	1.2
623	5297	2.3
623	5416	3.3
623	6137	2.0
623	7929	2.9
623	8659	3.4
623	8660	2.2
623	8661	1.7
695	65	1.2
695	154	3.7
695	162	3.2
695	163	2.9
695	171	1.4
695	221	1.6
695	533	2.3
695	607	1.2
695	621	4.3
695	632	3.7
695	748	4.3
695	756	3.2
695	851	2.2
695	860	1.3
695	1366	3.1
695	1384	1.4
695	1418	1.9
695	1655	1.5
695	1808	1.2
695	1812	1.6
695	2347	1.0
695	2572	1.0
695	2676	2.2
695	2677	2.0
695	2973	3.2
695	3095	1.5
695	3676	3.0
695	4232	2.3
695	5160	2.7
695	6159	2.7
695	6189	3.9
695	6582	1.1
695	6759	1.2
695	6762	4.2
695	7147	1.0
695	8423	3.0
695	9333	5.0
695	9334	2.6
695	9335	2.5
695	9336	2.4
695	9337	2.4
695	9338	2.2
695	9339	1.6
695	9340	1.4
695	9341	1.4
695	9342	1.3
695	9343	1.2
695	9344	1.1
695	9345	1.1
695	9346	1.0
718	53	3.9
718	56	1.2
718	58	2.2
718	59	3.0
718	64	2.6
718	72	4.0
718	84	2.0
718	88	2.5
718	154	4.4
718	173	2.3
718	190	2.0
718	206	4.0
718	207	2.4
718	210	1.2
718	237	1.6
718	238	2.2
718	603	2.6
718	616	1.3
718	757	1.7
718	887	1.4
718	1062	4.7
718	1098	3.5
718	1155	3.9
718	1400	3.7
718	1632	1.2
718	1745	1.2
718	1752	1.2
718	1954	1.4
718	1969	1.5
718	1983	5.0
718	1990	2.3
718	2083	3.0
718	2271	1.4
718	2289	1.4
718	2535	1.1
718	2675	1.8
718	3186	1.7
718	3196	1.6
718	3200	3.9
718	3277	1.6
718	3693	3.2
718	3892	1.5
718	3995	3.7
718	4025	1.8
718	4731	1.7
718	4732	2.1
718	5926	1.9
718	7470	1.8
718	8215	1.8
718	9520	1.0
750	81	1.7
750	154	3.2
750	197	3.0
750	207	2.5
750	226	3.2
750	229	2.8
750	233	2.6
750	234	1.4
750	238	2.5
750	424	2.3
750	425	3.5
750	441	1.1
750	512	3.0
750	562	1.8
750	603	2.9
750	748	2.2
750	757	3.2
750	769	3.4
750	770	1.1
750	851	1.7
750	854	1.3
750	964	5.0
750	977	2.1
750	1099	2.4
750	1116	2.0
750	1118	3.3
750	1119	1.2
750	1131	2.9
750	1203	2.7
750	1216	1.5
750	2472	1.3
750	2473	2.0
750	2582	2.8
750	3011	2.0
750	3259	3.4
750	3447	1.2
750	3767	1.7
750	8407	2.8
750	9452	3.6
750	9454	3.3
750	9587	1.4
750	9779	3.5
750	9780	3.2
750	9781	3.0
750	9782	2.5
750	9783	2.5
750	9784	2.2
750	9785	2.2
750	9786	1.2
750	9787	1.0
756	53	1.1
756	65	1.8
756	81	1.0
756	154	5.0
756	190	2.1
756	199	2.2
756	202	1.4
756	203	1.5
756	207	2.2
756	210	1.9
756	220	1.4
756	222	4.3
756	227	4.4
756	228	1.7
756	229	1.1
756	420	1.6
756	424	1.2
756	425	1.8
756	429	1.4
756	441	1.9
756	554	1.8
756	562	2.6
756	599	2.1
756	689	1.9
756	709	1.4
756	716	1.4
756	859	1.0
756	863	1.4
756	868	1.0
756	985	1.8
756	1090	2.5
756	1106	1.2
756	1239	2.7
756	1504	1.6
756	1513	1.9
756	1791	1.9
756	1934	1.9
756	1958	1.4
756	1976	4.7
756	2029	1.9
756	2121	1.6
756	2277	2.1
756	2616	1.4
756	3030	1.3
756	3279	1.1
756	3475	1.9
756	3993	1.3
756	5890	1.5
756	7076	3.2
756	7869	1.1
784	65	1.0
784	154	4.0
784	197	3.5
784	199	2.6
784	205	2.5
784	211	3.1
784	217	2.1
784	227	4.9
784	236	1.8
784	331	1.7
784	418	3.6
784	433	2.5
784	440	1.8
784	445	1.9
784	599	1.3
784	602	2.3
784	622	3.9
784	629	3.8
784	703	2.3
784	748	1.7
784	959	1.6
784	1106	2.0
784	1122	2.5
784	1164	1.3
784	1242	1.1
784	1390	1.4
784	1686	1.0
784	1732	2.7
784	1944	5.0
784	1947	4.0
784	1958	2.3
784	2401	1.4
784	2424	3.3
784	2535	1.4
784	2627	1.7
784	3057	2.5
784	3258	2.1
784	3411	1.8
784	3621	1.8
784	3666	2.9
784	3685	4.0
784	4079	3.6
784	4118	1.6
784	4123	2.3
784	5434	1.8
784	6229	2.6
784	6910	1.2
784	10024	1.7
784	10025	1.5
784	10026	1.3
813	53	1.4
813	58	2.2
813	64	2.0
813	65	1.4
813	70	1.1
813	81	3.8
813	137	1.1
813	154	4.4
813	195	3.8
813	197	5.0
813	228	3.7
813	229	1.2
813	231	1.0
813	238	1.3
813	418	2.5
813	424	1.9
813	432	1.0
813	444	2.6
813	445	1.6
813	512	1.4
813	527	1.1
813	621	1.2
813	748	3.3
813	903	5.0
813	981	1.9
813	1098	3.5
813	1400	3.3
813	1486	1.3
813	1609	1.3
813	1735	1.3
813	1824	1.8
813	1983	2.4
813	2277	1.9
813	2375	1.1
813	2605	2.6
813	2923	2.3
813	3298	1.0
813	4045	2.0
813	4113	2.8
813	4118	1.2
813	4316	1.4
813	5927	2.1
813	6409	3.1
813	6582	3.4
813	6585	1.1
813	6756	1.3
813	10312	2.8
813	10313	2.7
813	10314	1.4
813	10315	1.2
824	65	3.0
824	154	4.3
824	163	1.4
824	190	1.5
824	199	1.9
824	203	3.1
824	206	1.1
824	207	2.0
824	208	1.8
824	210	1.4
824	212	3.1
824	217	2.1
824	221	5.0
824	222	1.7
824	225	2.0
824	227	4.9
824	228	1.7
824	229	2.1
824	424	3.6
824	428	1.9
824	429	1.1
824	434	2.0
824	436	1.2
824	533	3.3
824	554	2.3
824	599	1.8
824	618	1.4
824	630	1.6
824	709	2.1
824	716	2.9
824	718	1.8
824	733	2.8
824	735	2.6
824	857	1.6
824	859	2.9
824	863	1.4
824	969	2.0
824	1048	1.1
824	1090	3.6
824	1239	1.5
824	1375	1.1
824	1515	1.1
824	1957	1.0
824	1958	1.5
824	2614	1.2
824	3258	1.5
824	3469	1.8
824	4079	4.4
824	10411	2.3
824	10412	1.1
838	72	1.2
838	81	2.0
838	88	2.1
838	103	2.4
838	152	2.7
838	154	5.0
838	156	1.1
838	173	1.7
838	203	1.4
838	206	1.4
838	233	4.5
838	237	2.2
838	238	4.1
838	407	2.4
838	418	4.1
838	512	2.0
838	517	2.9
838	603	1.8
838	620	1.0
838	748	2.1
838	1085	1.1
838	1098	3.2
838	1118	2.0
838	1131	1.3
838	1146	3.0
838	1394	2.0
838	1418	1.7
838	1510	1.8
838	1705	1.2
838	1731	1.0
838	1738	2.0
838	1787	3.7
838	1790	2.0
838	1965	1.3
838	3884	3.0
838	4069	1.8
838	4316	3.2
838	4734	1.9
838	5545	2.4
838	5806	1.6
838	6585	1.8
838	6823	3.5
838	7152	2.5
838	7649	1.1
838	9414	1.0
838	10456	1.5
838	10521	1.9
838	10522	1.3
838	10523	1.1
838	10524	1.0
856	154	3.8
856	163	2.6
856	173	3.6
856	199	1.3
856	207	1.9
856	208	1.0
856	220	2.1
856	226	3.0
856	227	2.9
856	230	1.1
856	233	1.9
856	234	3.4
856	240	1.0
856	424	2.0
856	428	1.6
856	429	1.0
856	436	5.0
856	441	2.3
856	453	2.4
856	533	1.2
856	562	1.6
856	614	2.5
856	709	1.5
856	854	2.4
856	855	1.3
856	857	1.7
856	859	1.6
856	875	1.8
856	898	2.7
856	964	3.6
856	1090	1.7
856	1118	1.9
856	1119	1.2
856	1400	1.7
856	1406	1.7
856	1412	2.1
856	1424	2.6
856	1504	3.6
856	1513	2.0
856	1639	1.5
856	1974	1.4
856	1977	1.4
856	3354	1.1
856	3444	1.5
856	3744	1.4
856	4359	1.9
856	4848	2.2
856	10662	1.7
856	10663	1.3
856	10664	1.1
863	56	1.0
863	65	2.5
863	89	2.8
863	154	5.0
863	173	2.2
863	182	1.3
863	190	3.7
863	207	3.6
863	226	2.0
863	227	4.1
863	228	4.6
863	229	3.7
863	300	1.6
863	420	4.0
863	424	2.2
863	425	1.4
863	432	2.5
863	498	2.6
863	533	3.8
863	546	4.0
863	716	1.6
863	757	4.4
863	887	2.9
863	903	2.7
863	969	2.5
863	980	1.4
863	1048	2.7
863	1090	4.5
863	1106	2.1
863	1116	1.4
863	1239	1.7
863	1246	1.5
863	1396	3.3
863	1398	2.2
863	1400	3.1
863	1405	1.5
863	1408	2.6
863	1632	2.6
863	2535	1.7
863	2708	1.1
863	3186	1.6
863	3200	2.9
863	3730	3.8
863	4025	1.0
863	4435	1.8
863	4704	1.3
863	4732	1.8
863	5544	1.4
863	7327	2.2
863	10685	2.8
874	66	1.2
874	126	1.8
874	154	3.1
874	170	1.4
874	171	1.1
874	173	5.0
874	190	3.8
874	210	1.8
874	436	1.2
874	486	2.9
874	487	2.3
874	504	2.4
874	697	1.5
874	1066	1.1
874	1075	4.9
874	1091	3.1
874	1097	2.6
874	1098	3.0
874	1126	1.4
874	1179	1.0
874	1191	1.0
874	1298	4.5
874	1300	1.4
874	1375	2.5
874	1410	2.4
874	1609	2.4
874	1745	1.1
874	1799	1.4
874	1983	1.0
874	1988	2.3
874	2432	1.9
874	2521	1.4
874	2711	1.9
874	3087	1.0
874	3109	3.5
874	3184	1.1
874	3797	1.4
874	4044	2.4
874	4162	1.7
874	4255	2.5
874	4734	1.5
874	5610	1.6
874	7078	2.7
874	8503	1.5
874	10736	2.9
874	10737	1.9
874	10738	1.9
874	10739	1.6
874	10740	1.6
874	10741	1.1
889	56	2.2
889	88	2.5
889	154	3.1
889	163	1.3
889	197	2.6
889	199	1.6
889	206	1.6
889	212	2.9
889	222	2.0
889	227	3.2
889	416	3.2
889	424	1.1
889	533	1.6
889	612	1.7
889	629	2.5
889	735	1.2
889	752	3.4
889	851	2.2
889	857	2.6
889	859	2.3
889	977	2.6
889	1216	1.9
889	1239	1.5
889	1240	1.0
889	1504	1.8
889	1631	1.0
889	1947	1.1
889	1950	2.2
889	1957	3.6
889	1958	3.0
889	1976	1.4
889	2415	1.1
889	2542	1.7
889	3217	1.9
889	3299	1.0
889	3364	2.7
889	4092	1.5
889	4110	3.0
889	5205	1.2
889	5605	3.6
889	6108	4.2
889	6729	1.8
889	8403	5.0
889	10554	4.3
889	10845	3.8
889	10846	3.1
889	10847	2.1
889	10848	2.0
889	10849	2.0
889	10850	1.6
919	58	1.6
919	65	2.3
919	81	2.8
919	154	5.0
919	184	1.3
919	190	5.0
919	207	1.1
919	210	1.0
919	227	1.8
919	237	2.1
919	238	2.6
919	298	1.7
919	418	5.0
919	420	2.9
919	425	1.2
919	430	2.5
919	432	2.3
919	454	1.3
919	535	1.6
919	546	1.5
919	632	1.4
919	690	1.9
919	691	1.0
919	703	3.2
919	755	2.2
919	757	3.5
919	779	1.9
919	1090	1.0
919	1098	1.5
919	1181	1.2
919	1390	1.7
919	1400	1.5
919	1504	3.4
919	1632	3.0
919	1745	1.9
919	1752	1.7
919	2121	2.1
919	3057	2.0
919	3259	1.9
919	3501	1.5
919	3767	1.2
919	3797	1.2
919	4074	1.3
919	5754	1.2
919	5926	1.1
919	6187	2.8
919	7079	1.5
919	8027	1.3
919	11030	2.9
919	11031	2.5
933	154	3.2
933	182	1.8
933	195	1.9
933	199	2.5
933	207	2.5
933	225	3.5
933	226	1.1
933	227	1.7
933	228	2.7
933	229	2.5
933	416	1.3
933	424	3.0
933	425	2.4
933	432	1.0
933	439	2.0
933	533	1.3
933	614	2.7
933	618	1.3
933	715	1.8
933	716	1.9
933	932	1.0
933	962	1.2
933	969	1.9
933	982	1.8
933	1090	1.3
933	1151	1.3
933	1246	1.2
933	1376	1.0
933	1400	1.5
933	1545	1.1
933	1632	2.5
933	1633	1.5
933	1768	1.3
933	1949	1.1
933	1976	1.5
933	2611	1.0
933	2815	2.3
933	4384	1.2
933	4448	1.6
933	4452	3.0
933	4459	2.6
933	5630	2.6
933	10590	1.1
933	10617	2.5
933	11177	5.0
933	11178	2.0
933	11179	1.4
933	11180	1.3
933	11181	1.3
933	11182	1.2
934	154	3.5
934	163	1.9
934	190	4.6
934	206	4.9
934	207	1.8
934	226	3.9
934	227	4.4
934	230	1.1
934	233	3.3
934	234	1.1
934	434	1.5
934	554	1.5
934	562	5.0
934	599	1.8
934	614	2.3
934	630	1.1
934	707	3.1
934	709	1.1
934	846	1.6
934	868	1.9
934	917	1.0
934	959	1.4
934	964	2.3
934	1110	2.0
934	1131	4.6
934	1216	4.7
934	1239	2.6
934	1369	1.6
934	1901	3.7
934	1976	1.2
934	2362	2.0
934	2381	1.3
934	2415	4.2
934	2424	3.6
934	2823	2.9
934	2855	2.1
934	3258	3.9
934	4079	1.4
934	4354	1.5
934	4356	2.9
934	6824	1.4
934	6836	3.8
934	7143	2.8
934	7147	2.4
934	7625	1.4
934	8012	3.4
934	9715	1.7
934	11183	2.5
934	11184	1.3
934	11185	1.1
990	53	2.4
990	59	2.3
990	65	2.2
990	70	2.1
990	88	2.2
990	154	4.1
990	203	3.4
990	204	1.4
990	206	1.4
990	225	3.0
990	227	1.9
990	237	1.5
990	418	3.7
990	429	1.4
990	433	3.6
990	436	1.2
990	441	3.2
990	444	2.3
990	599	2.0
990	603	1.4
990	604	2.3
990	620	2.0
990	851	1.0
990	971	1.5
990	1073	1.4
990	1098	2.7
990	1107	1.8
990	1151	1.5
990	1709	2.4
990	1958	2.3
990	2606	1.6
990	2691	2.2
990	3112	2.2
990	3208	2.1
990	3252	2.3
990	3411	1.7
990	3898	1.0
990	4444	2.7
990	5925	1.4
990	6217	5.0
990	6410	2.2
990	6762	1.4
990	8027	2.2
990	8678	1.2
990	10111	2.3
990	10969	2.7
990	11084	1.5
990	11592	1.6
990	11593	1.5
990	11594	1.1
991	7	1.7
991	65	3.0
991	152	3.2
991	154	3.2
991	163	5.0
991	182	1.7
991	184	1.2
991	186	1.2
991	190	1.7
991	197	3.0
991	203	2.7
991	212	2.4
991	221	2.3
991	227	1.9
991	230	1.1
991	234	1.4
991	238	1.9
991	333	1.0
991	377	2.1
991	432	1.7
991	506	1.9
991	511	1.4
991	533	4.0
991	562	1.8
991	607	1.0
991	609	1.0
991	630	1.1
991	712	2.4
991	730	1.6
991	733	2.0
991	1090	2.6
991	1131	1.2
991	1150	1.3
991	1186	2.6
991	1244	1.8
991	1384	1.8
991	1412	1.8
991	1639	1.8
991	1778	1.5
991	1790	2.2
991	1852	1.5
991	4675	1.7
991	5202	1.1
991	7935	1.2
991	8958	1.1
991	8964	1.8
991	11595	2.4
991	11596	1.7
991	11597	1.3
991	11598	1.1
997	53	3.1
997	154	5.0
997	170	3.6
997	190	1.8
997	211	1.1
997	226	2.7
997	233	1.2
997	267	1.0
997	331	3.7
997	436	3.2
997	527	3.5
997	617	1.9
997	618	3.1
997	622	3.1
997	629	2.6
997	757	5.0
997	816	3.3
997	831	1.6
997	1062	2.7
997	1100	4.3
997	1118	2.0
997	1131	2.2
997	1187	2.5
997	1216	2.3
997	1613	1.5
997	1614	1.8
997	1943	1.2
997	1948	1.6
997	1950	1.5
997	1958	1.1
997	1963	1.7
997	1964	1.9
997	2210	1.0
997	2405	1.2
997	2574	2.2
997	2847	1.3
997	2921	1.2
997	3277	2.3
997	3411	2.7
997	3673	1.4
997	3693	3.1
997	4497	2.9
997	5652	1.3
997	5782	2.9
997	6191	1.4
997	10549	1.4
997	10615	1.7
997	11684	1.6
997	11685	1.6
997	11686	1.1
1133	7	2.3
1133	53	2.5
1133	56	2.8
1133	70	1.7
1133	81	1.6
1133	88	4.2
1133	89	2.2
1133	154	3.2
1133	163	2.8
1133	173	2.0
1133	190	2.2
1133	198	2.8
1133	207	3.3
1133	212	1.8
1133	221	2.1
1133	225	2.3
1133	226	2.5
1133	227	3.4
1133	233	1.0
1133	246	1.6
1133	295	2.6
1133	298	1.7
1133	418	1.9
1133	424	5.0
1133	432	1.2
1133	439	3.7
1133	447	3.2
1133	599	3.2
1133	618	3.2
1133	701	1.1
1133	718	3.5
1133	903	1.5
1133	969	1.0
1133	1090	2.0
1133	1098	2.4
1133	1398	3.6
1133	1504	2.3
1133	1681	1.8
1133	1755	3.7
1133	1764	1.2
1133	1766	1.5
1133	1941	1.0
1133	2343	1.0
1133	2600	1.5
1133	3747	1.9
1133	4600	1.9
1133	4716	1.1
1133	5119	2.0
1133	8593	1.0
1133	12562	1.3
1138	152	2.2
1138	154	4.7
1138	163	4.9
1138	173	3.4
1138	188	2.7
1138	206	1.7
1138	215	2.3
1138	226	2.6
1138	227	2.4
1138	233	3.4
1138	383	1.4
1138	418	3.5
1138	506	5.0
1138	599	2.4
1138	715	1.1
1138	733	1.3
1138	867	1.7
1138	920	1.1
1138	1104	2.1
1138	1110	3.5
1138	1134	2.0
1138	1143	2.3
1138	1420	2.1
1138	1425	1.4
1138	1643	3.5
1138	1790	1.2
1138	2632	3.0
1138	3308	2.9
1138	3405	2.8
1138	3417	3.8
1138	3445	1.3
1138	4143	1.4
1138	4451	2.5
1138	5175	3.7
1138	6075	1.0
1138	6730	3.6
1138	7123	1.2
1138	8231	2.6
1138	8866	1.8
1138	9228	1.4
1138	9630	2.2
1138	10724	1.3
1138	10740	4.4
1138	12201	1.6
1138	12579	3.2
1138	12580	2.4
1138	12581	2.3
1138	12582	2.2
1138	12583	2.1
1138	12584	2.0
1148	59	1.4
1148	72	4.4
1148	86	1.3
1148	93	3.2
1148	154	3.2
1148	159	1.7
1148	163	5.0
1148	172	1.4
1148	187	2.2
1148	229	1.0
1148	230	1.3
1148	498	1.5
1148	515	1.6
1148	717	4.4
1148	724	1.2
1148	885	1.5
1148	930	2.6
1148	963	2.5
1148	994	1.3
1148	998	3.4
1148	1004	3.5
1148	1013	2.6
1148	1073	1.9
1148	1300	3.8
1148	1358	1.9
1148	1372	1.1
1148	1412	1.4
1148	1705	1.5
1148	1707	3.0
1148	1715	1.5
1148	1797	1.4
1148	2075	1.5
1148	2469	2.3
1148	2936	1.2
1148	3264	1.4
1148	3280	1.8
1148	3295	1.5
1148	3302	1.4
1148	3501	2.5
1148	3674	1.4
1148	4126	2.6
1148	5485	1.6
1148	6150	5.0
1148	7068	1.8
1148	9540	4.6
1148	12667	2.3
1148	12668	2.1
1148	12669	1.8
1148	12670	1.2
1148	12671	1.1
1182	154	3.5
1182	159	2.7
1182	162	2.5
1182	233	2.3
1182	237	1.5
1182	266	2.3
1182	418	3.7
1182	437	1.7
1182	454	1.2
1182	512	3.4
1182	601	1.8
1182	603	2.4
1182	610	2.0
1182	616	1.1
1182	625	3.5
1182	632	3.8
1182	744	2.1
1182	748	5.0
1182	769	3.3
1182	964	1.5
1182	981	1.5
1182	1098	2.8
1182	1118	2.1
1182	1131	2.3
1182	1176	2.2
1182	1400	1.5
1182	1401	2.0
1182	1418	3.0
1182	1716	2.5
1182	1943	2.7
1182	2174	2.6
1182	2419	3.5
1182	2574	2.5
1182	2716	2.1
1182	4024	2.1
1182	5543	1.5
1182	5966	1.2
1182	6048	1.6
1182	6187	1.0
1182	6759	2.6
1182	8459	2.3
1182	8782	1.5
1182	8988	1.6
1182	12026	3.0
1182	12114	2.8
1182	12759	1.0
1182	12979	3.5
1182	12980	2.1
1182	12981	1.9
1182	12982	1.1
1194	56	1.5
1194	64	1.7
1194	65	1.0
1194	67	1.1
1194	69	1.8
1194	72	2.8
1194	107	3.8
1194	154	3.1
1194	228	1.3
1194	238	1.5
1194	423	1.4
1194	858	2.1
1194	898	2.1
1194	910	4.0
1194	961	1.9
1194	1098	1.3
1194	1109	2.1
1194	1116	1.6
1194	1131	1.0
1194	1148	3.4
1194	1705	2.1
1194	1708	3.4
1194	1943	1.0
1194	1971	2.0
1194	2446	5.0
1194	2478	4.2
1194	2608	1.3
1194	2667	2.1
1194	2673	2.6
1194	3213	2.6
1194	4051	2.0
1194	4734	1.2
1194	4920	1.8
1194	4922	1.6
1194	4923	3.5
1194	5698	3.3
1194	7152	4.6
1194	8670	1.6
1194	8829	2.2
1194	9285	1.9
1194	9547	1.0
1194	11309	2.0
1194	12288	1.1
1194	13031	2.3
1194	13032	1.6
1194	13033	1.5
1194	13034	1.5
1194	13035	1.5
1194	13036	1.3
1194	13037	1.0
1239	53	1.6
1239	65	2.1
1239	81	1.2
1239	152	3.5
1239	154	3.1
1239	159	1.5
1239	163	5.0
1239	166	1.3
1239	171	2.2
1239	188	1.8
1239	203	1.1
1239	204	1.1
1239	220	2.7
1239	226	1.9
1239	227	4.0
1239	228	3.2
1239	298	2.4
1239	424	2.1
1239	436	1.1
1239	439	2.4
1239	533	2.1
1239	609	2.2
1239	615	1.5
1239	630	1.8
1239	683	2.4
1239	868	2.1
1239	962	1.0
1239	964	1.8
1239	982	1.7
1239	1048	3.2
1239	1412	2.4
1239	1414	2.1
1239	1424	1.7
1239	1519	2.1
1239	1643	1.1
1239	1755	2.8
1239	1767	1.0
1239	2605	1.8
1239	2608	1.1
1239	2711	1.8
1239	2786	1.3
1239	2797	1.0
1239	2855	1.5
1239	4675	1.7
1239	6295	1.3
1239	6724	3.1
1239	10418	2.3
1239	13393	2.6
1239	13394	2.3
1239	13395	1.1
1261	58	1.9
1261	65	2.0
1261	81	2.7
1261	154	5.0
1261	196	1.0
1261	199	1.5
1261	202	1.4
1261	204	1.1
1261	206	1.2
1261	217	1.4
1261	225	2.7
1261	228	2.2
1261	231	1.0
1261	237	1.8
1261	246	1.6
1261	261	2.7
1261	418	3.3
1261	450	2.0
1261	533	1.3
1261	604	2.8
1261	615	1.4
1261	622	1.4
1261	689	1.7
1261	703	1.8
1261	1075	2.4
1261	1098	4.3
1261	1109	1.9
1261	1389	1.3
1261	1400	2.1
1261	1424	3.6
1261	1512	1.8
1261	1632	2.7
1261	1633	1.1
1261	1755	3.8
1261	1764	1.8
1261	1767	1.3
1261	1776	1.2
1261	1934	1.5
1261	2277	1.5
1261	2638	1.7
1261	3057	2.7
1261	3110	1.2
1261	3259	1.1
1261	3468	1.4
1261	5414	1.0
1261	5745	1.0
1261	5925	3.1
1261	6222	1.9
1261	10729	2.4
1261	13540	1.3
1277	65	2.0
1277	154	3.6
1277	159	2.7
1277	182	1.7
1277	184	1.1
1277	190	3.2
1277	198	1.6
1277	207	2.1
1277	217	3.0
1277	220	1.4
1277	221	2.0
1277	222	2.6
1277	227	2.6
1277	229	1.9
1277	333	1.5
1277	342	1.9
1277	366	1.4
1277	424	2.4
1277	429	1.7
1277	439	2.2
1277	453	1.2
1277	472	1.1
1277	498	1.4
1277	533	5.0
1277	538	1.6
1277	540	1.1
1277	604	2.2
1277	614	2.4
1277	615	1.0
1277	898	2.3
1277	899	1.6
1277	1044	1.1
1277	1047	1.4
1277	1048	2.2
1277	1116	1.6
1277	1375	1.5
1277	1377	1.3
1277	1873	1.1
1277	2277	1.0
1277	2544	1.4
1277	2607	1.0
1277	3097	1.8
1277	3258	2.3
1277	3489	1.2
1277	3749	1.1
1277	4115	1.6
1277	5217	3.6
1277	6231	2.7
1277	9193	1.5
1277	10677	2.2
1295	56	1.3
1295	81	1.8
1295	154	4.8
1295	159	1.9
1295	162	1.6
1295	163	2.0
1295	173	1.6
1295	195	3.7
1295	207	4.1
1295	212	1.0
1295	215	1.5
1295	217	2.7
1295	225	2.8
1295	227	3.2
1295	230	3.0
1295	412	1.2
1295	418	3.5
1295	424	3.6
1295	428	1.7
1295	429	2.0
1295	430	1.6
1295	439	4.7
1295	441	3.9
1295	533	3.0
1295	609	2.2
1295	615	5.0
1295	618	1.9
1295	632	1.8
1295	703	1.4
1295	1048	2.5
1295	1090	1.8
1295	1239	1.2
1295	1390	1.7
1295	1418	1.7
1295	1515	1.8
1295	1755	1.9
1295	1766	2.6
1295	1773	1.9
1295	1957	2.8
1295	1966	1.7
1295	2265	1.6
1295	2271	1.2
1295	2542	1.9
1295	2608	1.6
1295	3400	1.4
1295	4164	2.2
1295	5310	1.6
1295	8713	1.1
1295	10418	1.7
1295	13725	2.2
1303	154	3.4
1303	162	1.9
1303	173	1.8
1303	190	3.2
1303	195	2.9
1303	196	2.5
1303	199	1.4
1303	205	1.2
1303	207	1.4
1303	217	3.3
1303	219	2.7
1303	221	1.1
1303	225	3.1
1303	227	1.2
1303	228	1.0
1303	229	2.1
1303	416	3.3
1303	418	1.8
1303	421	2.0
1303	424	1.6
1303	429	1.0
1303	433	1.1
1303	436	2.3
1303	439	2.5
1303	441	2.4
1303	450	1.3
1303	533	3.2
1303	602	1.4
1303	615	5.0
1303	632	2.5
1303	964	1.7
1303	1106	1.9
1303	1109	2.6
1303	1163	1.9
1303	1418	1.6
1303	1423	1.0
1303	1504	1.8
1303	1510	1.7
1303	1515	1.3
1303	1779	1.2
1303	1957	2.5
1303	2531	1.2
1303	2542	1.3
1303	4384	1.2
1303	5979	1.5
1303	6146	1.5
1303	7219	1.2
1303	9955	2.6
1303	12583	2.2
1303	13738	2.4
1349	7	2.6
1349	70	3.0
1349	81	2.5
1349	154	4.9
1349	173	5.0
1349	190	2.8
1349	199	1.4
1349	220	2.8
1349	227	3.2
1349	234	4.1
1349	237	3.3
1349	238	1.4
1349	329	1.1
1349	377	2.7
1349	418	2.2
1349	450	3.2
1349	486	4.0
1349	489	1.9
1349	504	2.6
1349	533	1.8
1349	538	2.7
1349	617	2.3
1349	726	1.7
1349	757	2.2
1349	808	1.5
1349	978	3.1
1349	1048	3.4
1349	1090	1.0
1349	1091	2.6
1349	1145	2.0
1349	1244	1.6
1349	1424	1.9
1349	1700	3.5
1349	1786	3.1
1349	1852	1.2
1349	2193	1.7
1349	2699	3.7
1349	3094	3.2
1349	3850	2.1
1349	6187	1.7
1349	7183	2.4
1349	8750	1.5
1349	14044	2.6
1349	14045	1.7
1349	14046	1.6
1349	14047	1.3
1349	14048	1.2
1349	14049	1.2
1349	14050	1.2
1349	14051	1.1
1389	55	1.4
1389	65	2.6
1389	89	2.5
1389	154	3.4
1389	159	2.8
1389	190	2.8
1389	203	2.7
1389	207	1.2
1389	227	3.6
1389	229	3.3
1389	231	2.2
1389	298	1.8
1389	424	1.6
1389	425	1.7
1389	429	3.6
1389	432	2.9
1389	436	1.0
1389	440	2.9
1389	526	1.8
1389	530	1.0
1389	533	1.5
1389	599	2.9
1389	622	4.0
1389	690	1.1
1389	715	1.4
1389	757	2.7
1389	971	2.0
1389	1048	2.2
1389	1090	1.2
1389	1097	3.0
1389	1098	2.4
1389	1106	1.1
1389	1109	1.1
1389	1390	2.0
1389	1400	5.0
1389	1632	1.7
1389	2083	1.3
1389	2531	1.9
1389	3057	3.4
1389	3902	1.2
1389	5235	1.6
1389	5237	1.3
1389	6726	1.6
1389	7324	1.5
1389	8756	3.1
1389	12915	3.3
1389	13668	1.2
1389	14264	1.5
1389	14265	1.4
1389	14266	1.0
1404	154	4.4
1404	197	5.0
1404	199	3.7
1404	211	1.4
1404	212	4.3
1404	219	3.8
1404	223	1.6
1404	227	1.0
1404	416	3.9
1404	431	1.5
1404	434	4.1
1404	440	3.3
1404	554	2.2
1404	565	1.0
1404	602	4.4
1404	609	1.4
1404	612	2.1
1404	615	1.5
1404	622	2.2
1404	626	1.3
1404	632	1.2
1404	709	1.8
1404	715	1.2
1404	859	1.1
1404	863	1.6
1404	867	1.7
1404	1150	1.5
1404	1424	2.6
1404	1504	1.6
1404	1519	1.1
1404	1633	1.5
1404	1958	1.6
1404	1976	3.4
1404	2277	1.8
1404	2281	2.6
1404	2424	1.4
1404	2475	2.3
1404	2640	1.8
1404	2641	1.2
1404	3258	3.8
1404	3691	1.5
1404	3693	2.8
1404	4079	3.8
1404	4532	2.0
1404	4538	1.0
1404	7147	1.7
1404	8109	1.8
1404	11927	1.7
1404	12220	1.2
1404	13000	1.4
1420	81	4.0
1420	154	3.8
1420	173	1.7
1420	190	1.9
1420	207	2.7
1420	212	1.0
1420	215	1.5
1420	225	1.4
1420	227	5.0
1420	228	2.6
1420	236	1.8
1420	420	1.5
1420	425	4.2
1420	440	1.7
1420	441	2.3
1420	445	2.0
1420	447	2.0
1420	539	3.7
1420	714	1.2
1420	858	1.1
1420	868	3.7
1420	932	1.4
1420	1090	2.1
1420	1389	1.6
1420	1394	1.2
1420	1400	1.5
1420	1424	3.3
1420	1504	1.2
1420	1513	2.3
1420	1766	1.7
1420	1775	1.7
1420	3468	1.3
1420	3747	2.4
1420	4063	2.2
1420	4793	2.7
1420	4819	2.1
1420	5416	2.5
1420	5660	1.9
1420	5925	1.9
1420	7351	1.1
1420	8707	4.7
1420	8708	3.0
1420	8710	1.0
1420	12410	2.5
1420	13716	3.5
1420	14222	1.4
1420	14452	2.6
1420	14453	2.1
1420	14454	1.0
1420	14455	1.0
1438	81	1.9
1438	154	3.5
1438	196	3.8
1438	204	1.9
1438	212	2.0
1438	227	5.0
1438	228	2.4
1438	229	2.2
1438	231	1.7
1438	250	2.3
1438	366	1.5
1438	422	1.1
1438	424	2.2
1438	437	1.1
1438	438	2.3
1438	439	1.6
1438	445	2.6
1438	447	1.2
1438	452	1.3
1438	689	1.0
1438	703	2.6
1438	705	3.8
1438	714	2.0
1438	1048	3.7
1438	1090	2.0
1438	1106	1.2
1438	1109	3.6
1438	1116	1.8
1438	1135	1.5
1438	1400	2.7
1438	1414	1.4
1438	1755	3.9
1438	1763	1.7
1438	1764	1.4
1438	1776	1.0
1438	1778	1.6
1438	2786	1.9
1438	3741	2.3
1438	3902	2.7
1438	5180	1.3
1438	5441	1.5
1438	5453	1.3
1438	6726	1.3
1438	8264	1.3
1438	8716	1.2
1438	9831	1.2
1438	10427	1.8
1438	14560	2.0
1438	14561	2.0
1438	14562	1.1
1470	56	1.0
1470	81	2.3
1470	154	4.9
1470	196	2.3
1470	197	1.8
1470	199	2.4
1470	203	3.5
1470	205	1.9
1470	211	2.5
1470	227	2.2
1470	231	3.1
1470	232	2.6
1470	237	2.3
1470	418	3.6
1470	423	1.1
1470	433	1.6
1470	435	1.2
1470	440	5.0
1470	599	1.8
1470	612	1.1
1470	615	1.5
1470	618	1.1
1470	620	1.8
1470	622	3.4
1470	709	2.7
1470	1098	1.9
1470	1155	2.1
1470	1426	1.3
1470	1732	3.0
1470	1944	1.1
1470	1964	1.4
1470	1976	1.7
1470	2139	2.9
1470	2268	1.1
1470	2535	1.0
1470	3469	1.7
1470	3686	2.5
1470	3691	3.1
1470	3693	3.4
1470	6032	1.4
1470	6187	1.2
1470	6410	2.6
1470	6417	2.4
1470	7742	2.0
1470	11589	1.7
1470	13053	2.7
1470	13066	1.2
1470	13463	1.3
1470	14096	2.0
1470	14723	1.1
1485	55	2.6
1485	56	1.3
1485	67	2.3
1485	72	1.3
1485	89	1.3
1485	97	1.8
1485	154	3.9
1485	166	3.5
1485	167	3.3
1485	173	1.8
1485	199	2.1
1485	207	3.2
1485	227	3.8
1485	288	1.9
1485	289	2.3
1485	298	1.5
1485	306	1.9
1485	539	1.0
1485	618	5.0
1485	679	3.6
1485	689	2.8
1485	718	2.3
1485	859	1.3
1485	903	1.4
1485	1098	2.5
1485	1154	1.5
1485	1161	3.5
1485	1400	2.3
1485	1556	2.2
1485	1663	1.1
1485	1929	2.4
1485	2137	1.9
1485	2277	3.9
1485	2398	3.0
1485	2616	2.3
1485	3057	5.0
1485	3310	1.0
1485	4709	2.3
1485	5416	1.5
1485	5441	2.8
1485	5790	2.6
1485	6297	3.6
1485	9487	3.0
1485	11765	1.2
1485	12364	2.1
1485	14842	1.9
1485	14843	1.5
1485	14844	1.4
1485	14845	1.3
1485	14846	1.2
1506	81	1.4
1506	126	1.9
1506	154	5.0
1506	173	2.7
1506	190	2.3
1506	195	2.1
1506	196	1.2
1506	199	4.0
1506	203	1.7
1506	210	2.5
1506	222	2.0
1506	225	4.2
1506	229	1.8
1506	236	2.1
1506	237	1.5
1506	425	3.7
1506	429	2.7
1506	432	1.6
1506	440	1.8
1506	441	2.1
1506	445	1.4
1506	599	1.7
1506	606	2.4
1506	618	1.0
1506	851	4.4
1506	858	2.9
1506	1075	2.6
1506	1089	4.0
1506	1097	1.9
1506	1107	3.1
1506	1151	3.3
1506	1167	2.0
1506	1376	2.0
1506	1390	1.7
1506	1400	1.3
1506	1512	1.6
1506	1633	1.4
1506	2398	2.1
1506	2531	3.6
1506	3109	1.0
1506	3707	2.7
1506	3767	1.0
1506	3771	4.0
1506	5890	2.2
1506	5929	2.6
1506	6204	2.3
1506	8656	2.0
1506	9727	2.7
1506	14836	2.2
1506	15100	2.0
1508	7	2.3
1508	56	2.9
1508	65	2.0
1508	67	2.6
1508	88	2.6
1508	154	5.0
1508	157	2.3
1508	163	1.8
1508	190	3.6
1508	199	2.6
1508	203	2.5
1508	206	3.7
1508	207	2.3
1508	227	4.5
1508	229	4.3
1508	234	3.3
1508	298	1.5
1508	333	1.0
1508	424	3.4
1508	436	4.0
1508	439	4.3
1508	441	1.3
1508	453	5.0
1508	511	1.1
1508	533	2.1
1508	538	1.2
1508	544	1.4
1508	599	2.6
1508	614	1.1
1508	714	1.5
1508	715	2.4
1508	733	2.7
1508	854	1.1
1508	903	2.0
1508	1090	1.3
1508	1098	4.3
1508	1239	1.4
1508	1244	2.8
1508	1400	2.1
1508	1414	2.4
1508	1755	1.5
1508	1766	1.8
1508	2130	1.1
1508	2184	1.3
1508	3071	1.3
1508	3112	1.3
1508	3116	2.6
1508	3200	1.1
1508	3739	1.8
1508	3889	1.2
1565	56	1.6
1565	81	1.8
1565	154	3.0
1565	190	2.0
1565	199	1.6
1565	207	3.1
1565	210	3.0
1565	217	1.0
1565	225	3.7
1565	226	3.0
1565	228	2.8
1565	229	1.6
1565	236	1.2
1565	298	1.4
1565	416	1.3
1565	418	2.5
1565	421	1.3
1565	424	2.2
1565	439	2.4
1565	443	1.3
1565	450	1.6
1565	511	1.0
1565	517	1.7
1565	614	5.0
1565	629	2.2
1565	709	2.7
1565	715	2.6
1565	982	1.4
1565	1062	1.2
1565	1090	1.5
1565	1098	1.7
1565	1116	3.7
1565	1151	2.6
1565	1375	2.3
1565	1400	1.9
1565	1510	2.0
1565	1512	1.4
1565	1515	2.1
1565	1974	2.4
1565	2840	2.6
1565	3030	1.2
1565	3057	1.8
1565	4064	1.1
1565	4079	2.0
1565	4089	2.0
1565	6424	1.0
1565	11177	1.4
1565	15344	1.4
1565	15345	1.2
1565	15346	1.0
1579	56	1.4
1579	81	2.4
1579	154	3.5
1579	173	2.8
1579	206	1.6
1579	207	4.4
1579	226	3.4
1579	227	5.0
1579	228	3.1
1579	233	2.2
1579	271	1.7
1579	416	1.1
1579	424	2.3
1579	425	1.8
1579	430	1.1
1579	434	2.5
1579	439	2.8
1579	533	1.2
1579	547	1.5
1579	735	1.2
1579	903	2.2
1579	982	2.1
1579	1090	2.5
1579	1106	1.5
1579	1109	4.2
1579	1390	1.7
1579	1424	1.9
1579	1515	1.1
1579	1517	1.6
1579	1609	1.2
1579	1976	2.0
1579	2277	2.7
1579	2572	2.6
1579	2708	1.0
1579	2823	1.7
1579	3200	1.5
1579	3333	1.3
1579	4079	1.0
1579	4260	2.1
1579	4802	1.0
1579	5515	1.0
1579	6539	2.3
1579	6785	1.3
1579	7077	2.4
1579	7211	1.2
1579	8710	1.4
1579	11765	2.0
1579	13832	1.2
1579	15119	2.3
1579	15420	1.5
1624	64	1.0
1624	154	3.6
1624	231	2.5
1624	604	2.4
1624	618	3.5
1624	622	1.2
1624	689	1.7
1624	858	1.7
1624	1089	1.5
1624	1101	2.3
1624	1609	1.8
1624	2540	3.8
1624	3202	1.2
1624	3690	1.6
1624	3706	1.1
1624	5152	1.3
1624	6215	1.1
1624	6221	1.9
1624	6296	1.3
1624	6930	2.3
1624	8701	2.6
1624	8706	3.5
1624	9631	2.1
1624	9727	1.2
1624	10720	1.1
1624	10738	1.5
1624	11465	3.3
1624	11494	3.0
1624	12993	1.4
1624	13170	1.1
1624	14362	2.2
1624	15644	5.0
1624	15645	4.7
1624	15646	4.1
1624	15647	3.9
1624	15648	3.2
1624	15649	3.2
1624	15650	2.4
1624	15651	2.4
1624	15652	2.3
1624	15653	1.9
1624	15654	1.5
1624	15655	1.4
1624	15656	1.4
1624	15657	1.4
1624	15658	1.3
1624	15659	1.2
1624	15660	1.1
1624	15661	1.1
1624	15662	1.1
1656	56	1.1
1656	65	1.8
1656	88	3.3
1656	154	3.6
1656	166	4.3
1656	170	1.5
1656	173	2.9
1656	180	2.0
1656	182	3.0
1656	199	1.9
1656	203	5.0
1656	227	4.3
1656	293	1.1
1656	298	3.3
1656	418	1.1
1656	425	2.8
1656	429	3.3
1656	441	3.1
1656	526	2.2
1656	530	1.3
1656	533	4.8
1656	546	1.9
1656	548	2.0
1656	689	3.4
1656	691	3.4
1656	703	3.9
1656	716	2.0
1656	757	3.3
1656	903	3.0
1656	980	2.4
1656	1048	2.4
1656	1090	2.6
1656	1195	1.0
1656	1206	1.1
1656	1398	3.1
1656	1400	3.8
1656	1509	1.2
1656	1513	3.0
1656	1672	1.0
1656	2137	1.6
1656	2537	1.7
1656	2618	1.2
1656	2786	2.5
1656	2839	2.0
1656	3057	2.9
1656	3898	2.2
1656	4118	1.7
1656	7077	1.8
1656	7505	2.2
1656	9701	3.8
1689	59	2.0
1689	88	2.3
1689	154	3.5
1689	433	3.6
1689	601	1.0
1689	603	2.1
1689	608	2.5
1689	609	2.0
1689	611	2.3
1689	703	1.6
1689	748	3.7
1689	749	1.4
1689	1155	1.5
1689	1627	2.1
1689	1737	3.1
1689	1804	3.9
1689	1943	2.7
1689	1957	2.1
1689	1964	2.1
1689	1969	2.1
1689	2297	2.0
1689	2521	1.0
1689	2530	1.4
1689	2533	1.5
1689	2542	3.4
1689	3068	1.4
1689	3294	1.2
1689	3411	1.5
1689	3696	1.3
1689	3697	1.0
1689	3700	3.3
1689	4064	1.7
1689	4092	1.7
1689	5043	1.1
1689	6217	1.3
1689	7741	1.8
1689	10202	5.0
1689	11204	1.7
1689	12000	1.3
1689	13659	1.6
1689	14937	1.9
1689	15798	1.1
1689	16053	3.3
1689	16054	2.4
1689	16055	2.1
1689	16056	2.0
1689	16057	1.9
1689	16058	1.8
1689	16059	1.7
1689	16060	1.5
1695	154	4.1
1695	163	2.5
1695	172	1.3
1695	190	2.2
1695	203	1.8
1695	207	5.0
1695	226	2.5
1695	227	3.2
1695	228	1.9
1695	234	1.4
1695	424	4.8
1695	428	2.0
1695	429	1.9
1695	436	2.7
1695	439	3.4
1695	533	2.7
1695	562	1.8
1695	604	1.7
1695	618	1.8
1695	857	1.3
1695	863	1.2
1695	1048	3.1
1695	1090	3.3
1695	1163	1.1
1695	1239	2.1
1695	1412	1.1
1695	1504	2.8
1695	1509	1.3
1695	1512	2.9
1695	1515	2.8
1695	1517	2.6
1695	1766	1.0
1695	1977	1.1
1695	1988	1.6
1695	2123	1.2
1695	2128	1.9
1695	2137	2.0
1695	3026	1.6
1695	3400	1.0
1695	4115	4.1
1695	5030	1.4
1695	6217	1.1
1695	6726	1.6
1695	8053	1.6
1695	8479	1.1
1695	8710	2.3
1695	16090	2.9
1695	16091	2.9
1695	16092	1.4
1695	16093	1.3
1729	72	1.2
1729	154	5.0
1729	159	2.5
1729	210	1.4
1729	225	2.6
1729	226	1.5
1729	234	2.2
1729	416	2.4
1729	418	3.3
1729	427	1.9
1729	436	1.1
1729	441	2.2
1729	512	1.0
1729	615	4.9
1729	620	1.1
1729	715	1.5
1729	859	3.0
1729	1046	1.4
1729	1149	2.4
1729	1239	2.2
1729	1376	1.1
1729	1378	2.9
1729	1418	2.3
1729	1947	1.7
1729	1957	2.0
1729	1964	3.2
1729	2271	1.2
1729	2538	2.0
1729	2542	2.2
1729	2600	2.6
1729	2611	2.3
1729	3411	1.5
1729	3616	1.6
1729	3730	1.1
1729	4058	1.2
1729	4069	1.8
1729	6182	3.0
1729	6206	1.3
1729	8043	3.1
1729	8705	1.6
1729	9952	1.9
1729	9955	1.2
1729	14352	1.9
1729	15172	1.1
1729	15548	1.6
1729	16356	5.0
1729	16357	1.9
1729	16358	1.8
1729	16359	1.6
1729	16360	1.5
1746	58	3.0
1746	59	2.7
1746	61	2.0
1746	65	2.3
1746	66	1.4
1746	67	2.5
1746	72	3.8
1746	99	2.1
1746	154	4.7
1746	182	1.2
1746	187	2.0
1746	199	3.2
1746	206	3.5
1746	207	1.1
1746	210	2.2
1746	220	1.5
1746	225	2.7
1746	228	2.3
1746	229	2.1
1746	238	2.0
1746	416	5.0
1746	418	2.3
1746	429	1.2
1746	511	4.7
1746	533	2.0
1746	709	1.5
1746	715	2.9
1746	716	1.4
1746	862	2.0
1746	905	3.0
1746	969	2.6
1746	1384	1.1
1746	1977	1.4
1746	2469	1.5
1746	2531	3.2
1746	2535	1.6
1746	2606	1.6
1746	3201	1.4
1746	3502	1.9
1746	3945	3.7
1746	4064	1.4
1746	4311	3.1
1746	4444	3.0
1746	5419	1.0
1746	5890	3.9
1746	7525	1.6
1746	9823	2.3
1746	11229	2.3
1746	12298	1.9
1746	16416	1.9
1747	53	1.2
1747	81	1.5
1747	88	1.7
1747	154	5.0
1747	227	4.1
1747	233	2.6
1747	237	1.4
1747	418	3.1
1747	444	2.4
1747	599	1.4
1747	601	1.5
1747	603	2.1
1747	610	2.6
1747	615	2.2
1747	621	1.0
1747	631	1.3
1747	735	1.3
1747	744	2.1
1747	1098	2.6
1747	1620	2.3
1747	1720	1.1
1747	1752	1.1
1747	2030	2.2
1747	2277	1.2
1747	2470	1.0
1747	2578	1.8
1747	2624	1.5
1747	3003	3.7
1747	3505	3.3
1747	3778	1.4
1747	4064	2.0
1747	4079	1.7
1747	4532	3.4
1747	5052	1.9
1747	5503	3.6
1747	6756	1.3
1747	6762	3.7
1747	8510	1.1
1747	8594	2.9
1747	9206	1.7
1747	9862	1.8
1747	9997	1.0
1747	12343	1.5
1747	15247	1.7
1747	15881	4.5
1747	16417	2.3
1747	16418	2.1
1747	16419	1.8
1747	16420	1.5
1747	16421	1.4
1785	53	1.3
1785	57	3.2
1785	59	1.1
1785	64	1.2
1785	65	2.4
1785	69	1.8
1785	70	1.0
1785	84	1.1
1785	154	5.0
1785	159	1.0
1785	163	1.0
1785	173	3.2
1785	174	2.1
1785	190	2.8
1785	199	2.2
1785	203	1.6
1785	206	1.9
1785	207	2.5
1785	210	1.1
1785	221	1.9
1785	225	2.7
1785	226	1.4
1785	228	2.3
1785	229	2.4
1785	234	1.6
1785	237	2.4
1785	424	1.5
1785	425	1.6
1785	603	1.1
1785	619	2.4
1785	703	1.3
1785	706	2.3
1785	709	1.4
1785	715	3.0
1785	851	1.3
1785	969	1.4
1785	1089	1.1
1785	1376	1.4
1785	1518	1.1
1785	1622	1.7
1785	1738	1.1
1785	1824	1.6
1785	2137	1.3
1785	3334	1.3
1785	4720	1.9
1785	5358	3.1
1785	11598	1.3
1785	16666	1.4
1785	16667	1.3
1785	16668	1.0
1805	126	2.5
1805	154	3.9
1805	163	2.9
1805	190	2.1
1805	204	1.7
1805	206	1.3
1805	209	1.9
1805	212	3.8
1805	216	3.8
1805	222	3.7
1805	227	5.0
1805	231	2.3
1805	234	1.6
1805	235	2.4
1805	237	2.6
1805	238	1.1
1805	331	1.5
1805	383	2.3
1805	418	1.2
1805	436	2.5
1805	554	2.8
1805	605	1.2
1805	615	3.5
1805	706	1.2
1805	733	1.0
1805	858	2.2
1805	903	1.8
1805	964	1.9
1805	1091	2.7
1805	1414	1.2
1805	1957	1.7
1805	1958	1.2
1805	2276	1.1
1805	2542	2.1
1805	3225	1.9
1805	3259	2.9
1805	4092	1.6
1805	5205	1.1
1805	5636	1.6
1805	6182	1.4
1805	7375	1.3
1805	8656	3.2
1805	11598	1.8
1805	16778	3.4
1805	16779	2.5
1805	16780	2.5
1805	16781	1.6
1805	16782	1.5
1805	16783	1.2
1805	16784	1.2
1806	81	2.0
1806	89	1.4
1806	154	3.0
1806	171	2.9
1806	173	1.3
1806	210	2.1
1806	217	2.1
1806	227	2.0
1806	237	1.1
1806	331	1.3
1806	416	3.2
1806	418	3.9
1806	429	1.1
1806	444	1.9
1806	454	3.0
1806	486	1.1
1806	527	1.2
1806	533	2.3
1806	547	1.0
1806	618	1.6
1806	622	3.0
1806	734	1.3
1806	744	1.7
1806	757	1.8
1806	898	5.0
1806	1097	1.5
1806	1098	1.6
1806	1163	2.2
1806	1412	1.5
1806	1732	2.3
1806	1747	1.1
1806	2026	1.5
1806	2135	1.3
1806	2591	1.3
1806	3030	3.4
1806	3046	1.2
1806	3317	2.5
1806	3411	3.1
1806	6151	2.6
1806	6229	1.1
1806	6296	1.2
1806	6756	1.3
1806	7643	1.2
1806	8027	1.5
1806	8418	2.0
1806	9955	1.0
1806	11416	1.5
1806	16785	2.3
1806	16786	1.3
1806	16787	1.3
1815	65	1.4
1815	154	3.3
1815	163	1.1
1815	192	2.4
1815	195	1.3
1815	196	1.4
1815	199	2.3
1815	215	2.6
1815	221	1.0
1815	223	1.3
1815	227	4.4
1815	265	2.5
1815	270	2.8
1815	288	1.4
1815	316	2.0
1815	418	2.5
1815	429	5.0
1815	439	3.2
1815	615	2.1
1815	618	3.7
1815	714	2.6
1815	715	1.9
1815	900	1.5
1815	903	1.7
1815	982	2.1
1815	1089	1.6
1815	1116	1.7
1815	1167	2.2
1815	1384	1.6
1815	1421	1.4
1815	1519	4.5
1815	1934	1.2
1815	1958	1.1
1815	2531	3.5
1815	2632	4.2
1815	3676	1.9
1815	4079	2.2
1815	4442	2.3
1815	4531	2.4
1815	5790	2.2
1815	7525	2.4
1815	8591	1.7
1815	8864	1.5
1815	11229	2.1
1815	11900	2.8
1815	13517	1.0
1815	16385	2.5
1815	16837	3.3
1815	16838	1.1
1815	16839	1.1
1824	89	2.2
1824	154	4.2
1824	190	4.1
1824	212	2.0
1824	222	1.4
1824	227	5.0
1824	230	2.4
1824	316	1.1
1824	418	2.9
1824	424	2.0
1824	533	3.8
1824	562	1.6
1824	602	2.5
1824	735	2.4
1824	857	2.3
1824	868	1.8
1824	945	1.0
1824	1239	2.4
1824	1240	1.8
1824	1398	2.2
1824	1400	3.3
1824	1412	3.8
1824	1414	1.5
1824	1415	1.3
1824	1520	1.5
1824	1639	1.1
1824	2121	1.6
1824	2463	1.7
1824	2818	2.3
1824	2855	2.0
1824	2899	1.2
1824	3110	2.7
1824	3258	4.4
1824	3300	2.9
1824	3739	1.5
1824	4022	2.1
1824	4115	1.0
1824	4205	2.2
1824	4251	1.1
1824	4618	1.8
1824	5320	2.2
1824	6298	1.9
1824	7140	2.0
1824	9467	1.8
1824	11500	2.8
1824	12273	1.6
1824	15994	3.3
1824	16892	2.2
1824	16893	1.9
1824	16894	1.3
1830	65	2.0
1830	97	1.5
1830	154	3.1
1830	173	1.5
1830	182	2.0
1830	190	1.4
1830	196	1.6
1830	198	3.0
1830	207	2.7
1830	220	1.6
1830	221	1.5
1830	228	1.6
1830	234	1.4
1830	316	1.6
1830	333	1.6
1830	362	1.8
1830	424	2.4
1830	436	1.5
1830	439	5.0
1830	498	2.5
1830	500	1.0
1830	517	1.7
1830	538	1.9
1830	614	2.0
1830	706	2.5
1830	903	3.3
1830	932	2.2
1830	967	2.2
1830	1044	3.1
1830	1048	2.5
1830	1145	1.5
1830	1375	2.8
1830	1424	2.0
1830	1512	1.6
1830	1513	1.0
1830	1545	2.2
1830	1672	1.4
1830	1772	1.6
1830	1775	2.5
1830	1934	1.8
1830	2346	1.4
1830	2544	3.7
1830	3081	1.7
1830	3110	1.5
1830	3373	1.5
1830	3488	1.7
1830	3747	1.8
1830	4802	1.4
1830	10418	1.4
1830	12311	2.4
1831	65	1.3
1831	154	3.9
1831	173	1.9
1831	190	3.7
1831	198	2.9
1831	207	4.0
1831	217	2.1
1831	225	4.5
1831	226	3.3
1831	227	5.0
1831	228	1.3
1831	229	2.0
1831	234	2.6
1831	419	1.8
1831	424	5.0
1831	425	2.4
1831	427	4.2
1831	428	3.1
1831	429	2.9
1831	436	1.4
1831	439	3.1
1831	441	2.1
1831	533	4.3
1831	618	1.1
1831	629	2.3
1831	707	3.5
1831	709	1.9
1831	714	1.6
1831	898	1.6
1831	917	3.4
1831	1048	1.9
1831	1089	1.6
1831	1239	1.2
1831	1412	2.0
1831	1424	1.6
1831	1513	2.1
1831	1515	1.4
1831	1766	3.1
1831	1957	1.0
1831	2428	1.0
1831	3200	1.3
1831	3693	1.0
1831	4541	1.1
1831	4793	2.2
1831	4802	1.3
1831	6726	1.2
1831	7351	1.4
1831	8710	2.3
1831	14271	2.3
1831	16915	2.1
1911	65	1.6
1911	154	3.0
1911	207	3.6
1911	226	3.2
1911	227	2.5
1911	229	4.0
1911	298	2.2
1911	420	3.4
1911	424	5.0
1911	428	2.2
1911	439	2.7
1911	443	1.1
1911	526	1.4
1911	539	2.7
1911	615	1.8
1911	618	2.0
1911	703	1.5
1911	863	3.5
1911	1048	1.1
1911	1090	1.8
1911	1400	2.1
1911	1510	4.7
1911	1515	1.2
1911	1520	1.3
1911	1649	1.1
1911	1669	1.9
1911	1766	2.1
1911	2134	2.4
1911	2660	3.2
1911	3057	2.7
1911	3200	1.5
1911	3205	1.2
1911	3742	1.5
1911	3747	2.9
1911	4452	3.1
1911	4793	2.6
1911	5544	1.8
1911	5549	2.9
1911	7334	1.7
1911	8707	2.7
1911	8710	3.4
1911	8713	3.0
1911	11460	2.3
1911	16668	3.5
1911	17534	3.9
1911	17535	3.6
1911	17536	2.8
1911	17537	2.3
1911	17538	1.6
1911	17539	1.0
1977	65	2.8
1977	81	1.4
1977	103	1.7
1977	113	1.6
1977	154	4.8
1977	162	2.1
1977	190	1.5
1977	196	2.1
1977	207	1.4
1977	227	2.9
1977	237	1.2
1977	238	1.6
1977	418	5.0
1977	423	1.7
1977	424	1.1
1977	436	1.7
1977	454	2.6
1977	604	2.0
1977	606	2.2
1977	609	2.3
1977	610	2.1
1977	621	2.3
1977	755	1.4
1977	757	2.4
1977	1098	3.5
1977	1109	3.5
1977	1121	1.3
1977	1123	1.1
1977	1130	1.7
1977	1390	2.0
1977	1418	2.7
1977	1424	1.7
1977	1708	2.5
1977	1735	1.9
1977	1736	2.5
1977	1766	1.4
1977	1770	2.8
1977	3057	1.8
1977	3902	2.1
1977	3905	2.3
1977	5549	1.3
1977	6756	1.6
1977	7505	2.1
1977	7895	1.5
1977	15499	1.5
1977	15722	1.7
1977	17987	2.3
1977	17988	2.0
1977	17989	1.8
1977	17990	1.0
2010	7	2.2
2010	65	1.3
2010	88	1.0
2010	154	3.9
2010	173	1.5
2010	186	2.1
2010	190	3.1
2010	191	1.1
2010	199	3.1
2010	206	2.3
2010	207	5.0
2010	225	1.9
2010	226	3.8
2010	227	3.8
2010	228	2.6
2010	229	1.6
2010	236	1.4
2010	377	1.9
2010	421	2.1
2010	424	3.5
2010	425	1.0
2010	434	1.4
2010	439	3.8
2010	533	1.8
2010	540	2.7
2010	614	1.1
2010	709	1.2
2010	969	2.2
2010	1155	2.6
2010	1186	1.1
2010	1246	1.2
2010	1375	1.1
2010	1406	1.2
2010	1470	1.2
2010	1537	2.5
2010	1714	1.5
2010	1768	1.1
2010	1988	1.0
2010	2131	1.2
2010	2600	3.0
2010	2652	2.0
2010	2815	1.2
2010	3378	1.5
2010	3383	1.3
2010	4793	1.9
2010	5226	1.9
2010	5423	1.1
2010	6570	1.9
2010	8710	2.8
2010	18208	1.1
2024	65	1.3
2024	72	5.0
2024	154	3.5
2024	173	1.3
2024	182	1.0
2024	190	2.7
2024	199	2.2
2024	206	1.3
2024	210	1.9
2024	221	1.8
2024	225	2.6
2024	228	2.1
2024	229	2.4
2024	233	2.6
2024	237	1.3
2024	238	2.4
2024	418	2.6
2024	425	2.1
2024	436	1.0
2024	443	1.3
2024	450	1.3
2024	511	2.8
2024	716	1.3
2024	969	1.3
2024	1001	1.0
2024	1090	1.0
2024	1151	4.3
2024	1375	1.0
2024	2591	1.0
2024	2600	1.0
2024	3259	1.3
2024	4074	1.5
2024	4116	4.2
2024	4435	1.5
2024	5215	2.5
2024	5615	2.7
2024	5890	1.0
2024	5931	1.3
2024	6202	1.3
2024	6227	1.3
2024	7663	1.3
2024	8659	1.0
2024	9132	2.4
2024	9502	1.0
2024	10110	1.3
2024	10535	1.3
2024	15162	1.3
2024	15443	1.0
2024	18280	2.8
2024	18281	1.3
2030	64	2.8
2030	65	1.9
2030	71	2.3
2030	73	1.9
2030	154	3.3
2030	162	3.5
2030	223	5.0
2030	238	3.5
2030	278	2.9
2030	418	3.0
2030	444	1.4
2030	475	1.8
2030	486	1.7
2030	632	3.6
2030	697	3.5
2030	1109	3.2
2030	1424	1.2
2030	1736	2.9
2030	1747	2.6
2030	1790	3.3
2030	1795	1.5
2030	2298	3.0
2030	2312	4.0
2030	2331	2.9
2030	2605	2.6
2030	3132	2.2
2030	4232	1.5
2030	4931	2.4
2030	6756	1.4
2030	6758	1.9
2030	7456	1.0
2030	10613	1.7
2030	11020	1.3
2030	11263	1.3
2030	11739	1.9
2030	12452	2.8
2030	12718	1.2
2030	13498	4.8
2030	13503	1.2
2030	14245	1.4
2030	15457	1.2
2030	17981	3.6
2030	18326	4.6
2030	18327	3.1
2030	18328	2.1
2030	18329	1.4
2030	18330	1.3
2030	18331	1.3
2030	18332	1.1
2030	18333	1.0
2032	53	2.7
2032	55	2.5
2032	56	2.9
2032	58	1.1
2032	65	2.4
2032	67	3.0
2032	81	2.1
2032	88	2.7
2032	154	3.4
2032	196	2.6
2032	199	2.0
2032	206	2.4
2032	227	1.2
2032	233	2.0
2032	331	3.0
2032	418	5.0
2032	424	1.4
2032	425	1.2
2032	433	2.9
2032	436	2.2
2032	440	3.0
2032	620	1.8
2032	622	1.4
2032	632	1.4
2032	703	1.6
2032	757	2.9
2032	858	2.2
2032	898	1.6
2032	962	2.1
2032	1098	3.7
2032	1106	1.2
2032	1167	1.4
2032	1390	2.1
2032	1609	2.3
2032	1632	1.7
2032	2083	3.8
2032	2134	1.5
2032	2139	3.7
2032	2277	2.8
2032	2398	2.9
2032	2521	3.4
2032	2632	3.8
2032	3110	2.8
2032	3259	1.9
2032	3693	1.1
2032	5048	1.8
2032	5147	1.0
2032	8676	2.3
2032	9951	1.9
2032	18335	3.7
2034	67	1.8
2034	72	3.5
2034	89	2.6
2034	154	3.4
2034	173	2.3
2034	190	3.8
2034	196	1.5
2034	207	2.3
2034	217	1.3
2034	225	3.7
2034	227	3.8
2034	228	2.7
2034	229	4.1
2034	298	1.0
2034	300	2.3
2034	416	4.4
2034	421	2.4
2034	424	3.1
2034	428	2.3
2034	432	2.6
2034	439	4.4
2034	441	1.9
2034	486	2.4
2034	533	1.3
2034	689	1.7
2034	857	1.3
2034	863	1.0
2034	903	1.4
2034	1048	3.0
2034	1090	1.4
2034	1243	2.2
2034	1384	2.6
2034	1400	1.9
2034	1424	3.5
2034	1510	5.0
2034	1632	1.9
2034	1755	1.9
2034	1766	3.1
2034	2014	1.3
2034	2277	1.8
2034	2524	1.4
2034	2815	2.0
2034	3057	2.3
2034	3400	2.2
2034	3676	2.0
2034	3770	1.3
2034	4452	1.6
2034	4459	1.0
2034	7657	1.0
2034	10618	1.1
2044	65	1.7
2044	154	3.1
2044	197	4.5
2044	199	1.6
2044	206	1.7
2044	215	2.8
2044	217	1.9
2044	219	3.2
2044	233	1.2
2044	418	1.6
2044	423	5.0
2044	433	2.1
2044	445	3.7
2044	565	1.0
2044	573	2.8
2044	602	1.2
2044	615	1.5
2044	621	4.2
2044	622	2.2
2044	697	1.6
2044	703	1.1
2044	869	1.5
2044	961	1.4
2044	982	1.4
2044	1098	1.6
2044	1424	2.0
2044	1633	1.7
2044	1718	3.9
2044	1833	1.3
2044	2408	1.4
2044	2469	1.1
2044	3117	1.7
2044	4051	1.1
2044	4079	2.7
2044	4153	4.1
2044	4532	1.2
2044	5890	2.8
2044	5914	2.0
2044	6204	4.1
2044	6213	1.4
2044	8706	2.7
2044	9825	2.2
2044	13454	1.3
2044	18371	4.9
2044	18372	3.2
2044	18373	2.1
2044	18374	1.7
2044	18375	1.5
2044	18376	1.5
2044	18377	1.1
2051	154	3.8
2051	159	3.9
2051	211	1.5
2051	216	1.0
2051	233	1.0
2051	234	1.0
2051	238	1.5
2051	441	1.0
2051	599	1.5
2051	632	1.5
2051	755	1.5
2051	879	1.0
2051	885	1.0
2051	1098	1.0
2051	1131	1.0
2051	1424	1.5
2051	1504	1.0
2051	1718	1.0
2051	1888	1.0
2051	1957	1.0
2051	2289	1.0
2051	2542	1.0
2051	2616	1.5
2051	2629	1.0
2051	3119	1.0
2051	3259	1.5
2051	3280	1.5
2051	3290	1.5
2051	3291	1.5
2051	3292	1.5
2051	3299	1.0
2051	5620	1.5
2051	6407	1.0
2051	6708	1.5
2051	7626	1.0
2051	9324	1.0
2051	10515	1.5
2051	11489	1.5
2051	11492	1.5
2051	11598	1.0
2051	18424	5.0
2051	18425	2.4
2051	18426	2.0
2051	18427	1.8
2051	18428	1.8
2051	18429	1.8
2051	18430	1.5
2051	18431	1.5
2051	18432	1.0
2051	18433	1.0
