userID	artistID	rating
124	7	1.2
124	63	2.7
124	65	1.7
124	70	1.3
124	72	5.0
124	75	2.0
124	154	1.9
124	157	1.2
124	173	3.3
124	182	1.8
124	187	2.3
124	190	2.8
124	198	1.7
124	201	1.2
124	229	2.2
124	230	1.5
124	377	2.7
124	407	3.3
124	486	1.7
124	489	1.0
124	504	1.3
124	533	1.6
124	538	1.1
124	707	1.8
124	727	1.4
124	954	1.3
124	1044	1.1
124	1061	2.0
124	1072	2.6
124	1099	1.9
124	1104	1.6
124	1406	1.0
124	1713	3.0
124	1788	1.2
124	1796	1.2
124	1859	2.5
124	2622	1.5
124	2747	1.0
124	3045	2.8
124	3046	2.2
124	3047	1.5
124	3048	1.5
124	3049	1.4
124	3050	1.4
124	3051	1.4
124	3052	1.3
124	3053	1.3
124	3054	1.1
124	3055	1.1
124	3056	1.0
184	53	2.0
184	64	2.6
184	67	1.2
184	70	1.3
184	72	2.1
184	81	1.3
184	89	2.5
184	152	1.4
184	154	2.8
184	163	1.2
184	166	1.7
184	173	4.3
184	182	1.9
184	186	1.8
184	190	1.7
184	238	1.2
184	378	3.1
184	418	4.0
184	423	3.2
184	506	3.5
184	518	1.4
184	522	1.8
184	689	2.9
184	757	2.5
184	930	2.4
184	961	3.0
184	1097	2.2
184	1098	5.0
184	1104	1.0
184	1109	2.5
184	1125	1.1
184	1167	1.2
184	1243	2.7
184	1400	1.0
184	1934	1.3
184	1983	2.6
184	1990	3.2
184	3057	2.6
184	3201	3.2
184	3259	2.8
184	3280	2.5
184	3897	3.5
184	3898	3.2
184	3899	2.9
184	3900	2.8
184	3901	2.6
184	3902	2.3
184	3903	1.8
184	3904	1.5
184	3905	1.0
259	154	2.1
259	173	5.0
259	190	1.7
259	210	1.8
259	234	1.0
259	460	3.1
259	533	2.4
259	615	3.6
259	758	2.3
259	779	1.3
259	964	2.4
259	1090	1.7
259	1179	2.7
259	1784	2.4
259	1788	2.2
259	1790	2.9
259	1913	1.1
259	2735	3.0
259	2747	3.0
259	3046	2.2
259	3056	3.3
259	3828	2.3
259	4226	4.8
259	4229	1.7
259	4244	2.1
259	4887	4.4
259	4888	3.3
259	4889	3.2
259	4890	2.7
259	4891	2.6
259	4892	1.9
259	4893	1.7
259	4894	1.7
259	4895	1.7
259	4896	1.7
259	4897	1.4
259	4898	1.3
259	4899	1.3
259	4900	1.3
259	4901	1.3
259	4902	1.3
259	4903	1.3
259	4904	1.2
259	4905	1.2
259	4906	1.1
259	4907	1.1
259	4908	1.1
259	4909	1.0
259	4910	1.0
259	4911	1.0
336	64	1.2
336	70	1.6
336	162	5.0
336	173	3.9
336	190	2.9
336	198	2.5
336	238	2.1
336	377	1.9
336	486	2.7
336	512	2.1
336	517	2.8
336	703	1.1
336	748	2.4
336	755	3.3
336	757	1.2
336	774	2.7
336	845	1.4
336	968	1.3
336	1044	1.5
336	1099	1.3
336	1632	1.1
336	1700	3.3
336	1709	1.5
336	1787	3.3
336	2193	1.2
336	2446	2.5
336	2681	2.8
336	2771	3.4
336	2831	2.0
336	2835	1.0
336	3411	1.8
336	5071	1.4
336	5791	4.2
336	5792	3.2
336	5793	2.9
336	5794	2.3
336	5795	1.9
336	5796	1.9
336	5797	1.8
336	5798	1.6
336	5799	1.6
336	5800	1.4
336	5801	1.4
336	5802	1.3
336	5803	1.3
336	5804	1.3
336	5805	1.2
336	5806	1.1
336	5807	1.1
336	5808	1.0
351	97	1.5
351	159	1.4
351	173	3.2
351	209	1.5
351	230	1.4
351	234	1.0
351	294	2.4
351	297	1.2
351	298	1.5
351	300	2.2
351	324	1.6
351	325	1.6
351	333	1.4
351	344	2.9
351	378	1.4
351	498	1.5
351	499	1.8
351	538	1.1
351	544	1.2
351	679	2.8
351	681	2.1
351	693	2.9
351	704	1.4
351	1032	2.3
351	1034	5.0
351	1038	1.0
351	1045	2.3
351	1047	1.9
351	1098	2.8
351	1183	2.2
351	1390	2.1
351	1690	1.4
351	2121	2.0
351	2607	1.5
351	2619	2.2
351	2981	2.0
351	3319	1.9
351	3404	1.6
351	4491	1.6
351	4582	1.2
351	4773	1.5
351	4814	2.7
351	5462	1.7
351	5529	2.7
351	5958	1.2
351	5975	2.7
351	5976	1.8
351	5977	1.7
351	5978	1.2
351	5979	1.1
367	45	2.8
367	159	2.2
367	173	3.4
367	207	4.1
367	208	2.1
367	209	5.0
367	324	1.9
367	412	4.9
367	428	3.2
367	464	1.0
367	488	1.8
367	489	1.5
367	498	2.5
367	501	2.2
367	536	3.4
367	540	3.3
367	704	1.3
367	813	1.6
367	814	2.0
367	816	1.1
367	903	1.1
367	982	1.4
367	1048	3.6
367	1180	1.5
367	1181	2.8
367	1193	2.0
367	1206	2.0
367	1246	3.5
367	1788	1.7
367	1988	1.3
367	2131	1.9
367	2343	1.9
367	3053	2.0
367	3078	1.0
367	3082	1.2
367	3341	3.2
367	3373	1.5
367	3398	2.8
367	4189	2.0
367	6191	3.0
367	6192	2.8
367	6193	2.2
367	6194	2.1
367	6195	1.9
367	6196	1.8
367	6197	1.5
367	6198	1.4
367	6199	1.3
367	6200	1.3
367	6201	1.3
543	58	3.1
543	64	2.0
543	65	3.0
543	70	2.6
543	72	2.4
543	89	2.4
543	154	2.7
543	162	2.2
543	173	3.2
543	174	1.5
543	182	2.8
543	183	1.4
543	190	5.0
543	199	3.0
543	207	1.9
543	215	1.7
543	225	2.0
543	229	1.9
543	233	3.7
543	303	1.1
543	389	1.9
543	418	2.1
543	423	1.9
543	425	1.0
543	453	3.5
543	511	3.3
543	537	1.7
543	683	2.8
543	920	1.0
543	936	1.2
543	964	1.4
543	1062	1.8
543	1090	1.5
543	1098	1.3
543	1104	1.8
543	1116	1.7
543	1118	1.6
543	1151	1.2
543	1246	1.5
543	1376	1.8
543	1379	2.0
543	1381	1.2
543	1400	1.3
543	2006	1.5
543	3411	1.1
543	4600	1.2
543	7187	1.3
543	7883	1.9
543	7884	1.3
543	7885	1.3
583	162	3.4
583	173	4.2
583	190	1.1
583	198	3.1
583	229	2.2
583	230	2.7
583	234	4.4
583	333	2.1
583	486	3.8
583	490	3.3
583	492	5.0
583	493	1.4
583	498	3.6
583	499	3.3
583	507	1.5
583	537	1.5
583	768	1.1
583	779	2.5
583	808	3.3
583	816	3.1
583	1044	2.1
583	1145	1.2
583	1180	1.1
583	1181	3.7
583	1195	2.2
583	1197	1.4
583	1541	1.5
583	1700	3.5
583	1853	2.3
583	2618	2.3
583	2661	1.9
583	2747	1.2
583	2959	2.3
583	3040	1.4
583	3053	3.0
583	3817	1.0
583	4228	1.3
583	4346	1.3
583	4550	1.3
583	4891	3.4
583	4948	1.0
583	5926	3.1
583	6191	1.0
583	6453	1.4
583	8277	1.9
583	8303	2.4
583	8304	2.3
583	8305	1.8
583	8306	1.3
583	8307	1.3
691	58	1.5
691	64	2.0
691	70	1.3
691	89	2.7
691	97	1.0
691	173	3.2
691	190	2.5
691	204	1.2
691	228	1.4
691	238	1.3
691	257	1.0
691	288	3.0
691	289	2.0
691	292	5.0
691	295	1.5
691	298	1.3
691	300	2.1
691	301	1.1
691	302	1.5
691	326	1.4
691	331	2.1
691	333	2.1
691	344	1.8
691	352	1.6
691	425	1.6
691	466	1.2
691	498	3.8
691	499	1.8
691	506	1.5
691	548	2.8
691	689	2.7
691	701	2.4
691	703	2.2
691	704	1.7
691	722	1.6
691	930	1.5
691	1037	1.2
691	1075	1.6
691	1104	1.1
691	1379	1.2
691	1854	1.0
691	2521	1.5
691	2542	1.0
691	2608	1.1
691	3411	1.9
691	4153	1.4
691	5736	1.4
691	8701	1.8
691	9284	1.3
691	9285	1.3
1041	7	1.3
1041	65	1.6
1041	173	5.0
1041	190	2.5
1041	198	3.1
1041	209	3.6
1041	220	2.3
1041	227	4.6
1041	333	4.1
1041	377	4.0
1041	405	3.5
1041	460	1.1
1041	461	2.1
1041	488	1.6
1041	498	1.7
1041	707	2.4
1041	735	1.3
1041	793	1.7
1041	917	1.0
1041	928	1.8
1041	930	2.1
1041	942	1.5
1041	946	1.8
1041	957	1.9
1041	959	2.8
1041	978	2.0
1041	982	1.4
1041	1090	2.7
1041	1104	4.1
1041	1186	2.3
1041	1338	4.8
1041	1348	1.1
1041	1350	2.1
1041	1406	1.1
1041	1796	4.3
1041	1854	1.3
1041	1913	2.7
1041	2836	1.0
1041	2956	1.1
1041	3054	1.2
1041	3833	3.1
1041	4679	2.2
1041	5609	2.0
1041	9263	2.6
1041	10430	3.0
1041	11170	1.7
1041	11936	3.6
1041	11937	1.9
1041	11938	1.6
1041	11939	1.2
1049	53	2.8
1049	56	1.4
1049	59	1.1
1049	72	2.4
1049	81	2.2
1049	154	2.3
1049	159	1.6
1049	166	1.2
1049	172	1.0
1049	173	4.3
1049	190	2.5
1049	196	3.4
1049	203	1.1
1049	207	1.6
1049	226	1.8
1049	227	1.1
1049	234	2.4
1049	425	2.0
1049	429	2.4
1049	436	2.6
1049	439	1.1
1049	441	5.0
1049	450	3.9
1049	599	2.8
1049	614	1.5
1049	618	1.9
1049	714	1.6
1049	715	1.4
1049	716	1.9
1049	718	1.3
1049	858	2.2
1049	859	1.1
1049	860	1.3
1049	863	1.3
1049	964	2.3
1049	1083	1.8
1049	1101	2.2
1049	1191	2.1
1049	1244	1.2
1049	1424	1.6
1049	1504	3.0
1049	1534	1.6
1049	1632	1.8
1049	1755	2.4
1049	1873	1.3
1049	1990	1.4
1049	3195	2.0
1049	6847	1.8
1049	10524	1.9
1049	11998	2.1
1063	39	1.6
1063	173	3.6
1063	195	5.0
1063	210	1.2
1063	217	2.5
1063	225	4.5
1063	229	2.3
1063	329	1.1
1063	418	3.2
1063	428	2.4
1063	591	1.8
1063	599	1.9
1063	604	2.0
1063	615	2.4
1063	618	4.5
1063	930	1.0
1063	932	1.1
1063	980	1.0
1063	1073	2.4
1063	1098	3.1
1063	1104	1.6
1063	1155	2.1
1063	1167	3.8
1063	1424	2.6
1063	1464	2.3
1063	2277	1.6
1063	3200	2.0
1063	3298	1.9
1063	3333	1.2
1063	3741	1.7
1063	3744	2.6
1063	3902	4.0
1063	7356	1.5
1063	7389	1.2
1063	8584	2.4
1063	8788	2.6
1063	10969	2.0
1063	12026	1.9
1063	12069	2.7
1063	12070	2.4
1063	12071	2.4
1063	12072	2.1
1063	12073	1.8
1063	12074	1.7
1063	12075	1.6
1063	12076	1.5
1063	12077	1.3
1063	12078	1.3
1063	12079	1.3
1063	12080	1.2
1130	53	3.1
1130	65	1.7
1130	70	1.6
1130	72	2.1
1130	81	2.0
1130	89	1.2
1130	154	1.2
1130	173	4.5
1130	182	1.5
1130	190	2.7
1130	210	1.4
1130	225	1.7
1130	228	3.0
1130	229	2.1
1130	234	1.6
1130	238	1.3
1130	378	2.0
1130	423	1.8
1130	429	1.0
1130	430	1.8
1130	441	2.7
1130	450	2.7
1130	486	3.0
1130	498	3.2
1130	697	1.0
1130	703	2.7
1130	722	1.3
1130	969	1.1
1130	1075	3.0
1130	1083	1.4
1130	1090	1.1
1130	1118	1.1
1130	1376	1.8
1130	1394	1.4
1130	1424	2.4
1130	1463	2.0
1130	1632	1.9
1130	1799	1.6
1130	2206	1.7
1130	3890	2.4
1130	5657	1.9
1130	6539	1.7
1130	7818	1.2
1130	11155	1.5
1130	12547	5.0
1130	12548	2.5
1130	12549	1.7
1130	12550	1.4
1130	12551	1.4
1130	12552	1.1
1139	67	1.7
1139	89	2.2
1139	161	1.0
1139	173	3.4
1139	288	2.3
1139	289	5.0
1139	292	2.5
1139	293	1.7
1139	295	1.4
1139	299	1.5
1139	301	1.1
1139	333	1.4
1139	344	1.4
1139	349	1.3
1139	374	2.2
1139	375	3.7
1139	377	1.9
1139	455	1.4
1139	456	3.0
1139	458	3.2
1139	459	1.6
1139	465	1.6
1139	646	1.7
1139	701	1.3
1139	790	1.8
1139	794	1.9
1139	972	2.8
1139	1023	1.0
1139	2094	2.5
1139	3580	1.6
1139	6529	2.9
1139	6856	1.4
1139	7545	1.2
1139	10967	1.5
1139	12555	2.9
1139	12576	1.5
1139	12585	3.8
1139	12586	3.1
1139	12587	2.8
1139	12588	2.6
1139	12589	2.5
1139	12590	1.9
1139	12591	1.8
1139	12592	1.5
1139	12593	1.2
1139	12594	1.2
1139	12595	1.2
1139	12596	1.1
1139	12597	1.1
1139	12598	1.0
1153	59	1.8
1153	65	2.0
1153	171	2.4
1153	173	3.0
1153	190	2.5
1153	207	2.5
1153	212	1.0
1153	227	4.2
1153	228	5.0
1153	229	2.5
1153	230	1.6
1153	235	2.1
1153	475	2.4
1153	511	2.6
1153	533	1.9
1153	599	3.9
1153	614	4.8
1153	630	3.7
1153	679	1.4
1153	706	1.5
1153	709	3.3
1153	715	2.1
1153	734	4.5
1153	735	3.4
1153	969	1.7
1153	1414	2.9
1153	1519	3.5
1153	1660	2.3
1153	1703	1.9
1153	1813	4.6
1153	2629	1.7
1153	2633	2.3
1153	3071	2.3
1153	3201	1.7
1153	3464	2.3
1153	4079	1.1
1153	4129	2.5
1153	4442	1.4
1153	4444	2.4
1153	5890	1.9
1153	6728	3.1
1153	7147	3.5
1153	7525	4.8
1153	9545	1.6
1153	9629	2.8
1153	9826	1.4
1153	12723	4.0
1153	12724	3.2
1153	12725	2.2
1153	12726	1.0
1225	52	2.9
1225	53	2.6
1225	54	2.1
1225	64	1.6
1225	65	1.2
1225	66	1.1
1225	69	2.7
1225	72	5.0
1225	81	2.6
1225	86	1.5
1225	99	2.6
1225	153	1.2
1225	159	2.7
1225	173	4.0
1225	176	1.3
1225	180	1.7
1225	187	2.9
1225	190	2.0
1225	198	1.1
1225	229	1.3
1225	238	1.5
1225	441	1.5
1225	511	2.6
1225	518	1.4
1225	522	1.3
1225	735	1.6
1225	851	1.1
1225	877	1.3
1225	930	2.3
1225	959	1.1
1225	961	2.1
1225	1014	1.3
1225	1061	1.3
1225	1099	1.4
1225	1106	1.2
1225	1150	2.0
1225	1249	1.6
1225	1713	2.8
1225	3763	1.4
1225	4988	1.2
1225	6524	1.0
1225	6760	2.4
1225	11794	2.4
1225	12287	2.0
1225	13275	2.2
1225	13276	1.5
1225	13277	1.4
1225	13278	1.3
1225	13279	1.2
1225	13280	1.1
1337	67	2.1
1337	70	1.3
1337	72	3.1
1337	89	2.8
1337	173	4.5
1337	190	1.4
1337	207	3.3
1337	210	1.4
1337	217	3.2
1337	225	2.0
1337	227	1.2
1337	229	1.6
1337	289	3.2
1337	291	2.0
1337	293	2.2
1337	298	3.2
1337	306	1.8
1337	316	2.1
1337	424	3.7
1337	425	1.7
1337	429	3.8
1337	526	1.1
1337	618	1.5
1337	679	1.1
1337	701	1.2
1337	709	1.2
1337	716	2.3
1337	859	1.1
1337	903	1.0
1337	962	2.3
1337	969	1.2
1337	989	1.9
1337	1048	2.8
1337	1062	2.0
1337	1090	3.2
1337	1159	2.3
1337	1243	1.7
1337	1409	1.7
1337	1424	1.1
1337	1988	1.2
1337	2531	4.2
1337	3186	1.4
1337	3200	5.0
1337	3205	2.1
1337	3255	1.1
1337	3258	1.9
1337	3902	1.0
1337	4732	1.1
1337	5027	1.8
1337	6544	2.9
1390	89	1.0
1390	154	1.5
1390	163	1.8
1390	173	4.2
1390	198	2.4
1390	207	3.1
1390	209	2.3
1390	227	4.7
1390	234	2.3
1390	419	4.4
1390	421	2.5
1390	424	3.9
1390	430	3.2
1390	436	1.0
1390	437	2.8
1390	439	1.7
1390	441	1.6
1390	443	2.1
1390	533	3.9
1390	540	2.6
1390	562	2.5
1390	599	1.7
1390	689	1.2
1390	709	1.9
1390	859	1.8
1390	863	4.0
1390	868	2.3
1390	964	1.3
1390	1048	4.2
1390	1090	4.0
1390	1239	2.7
1390	1246	2.3
1390	1400	3.5
1390	1412	2.3
1390	1486	1.2
1390	1513	1.7
1390	1515	4.4
1390	1764	2.1
1390	1766	2.1
1390	2786	2.7
1390	2855	1.8
1390	3200	1.2
1390	3769	5.0
1390	4124	1.5
1390	4802	3.0
1390	5414	1.0
1390	5416	2.3
1390	14267	2.3
1390	14268	1.6
1390	14269	1.5
1464	27	3.0
1464	64	1.6
1464	81	1.8
1464	161	1.5
1464	173	5.0
1464	174	2.2
1464	190	3.6
1464	198	4.3
1464	233	2.2
1464	380	3.0
1464	486	3.3
1464	517	1.9
1464	631	2.0
1464	755	2.0
1464	761	1.9
1464	1104	2.2
1464	1116	2.5
1464	1118	1.3
1464	1706	2.8
1464	1784	1.3
1464	1786	2.3
1464	1921	2.5
1464	2028	2.6
1464	2148	1.3
1464	2440	1.0
1464	2605	1.3
1464	2668	1.8
1464	2835	3.0
1464	3046	4.2
1464	3870	2.0
1464	4306	3.4
1464	4889	1.9
1464	5444	1.9
1464	8258	1.1
1464	10519	1.3
1464	13011	2.3
1464	13292	2.8
1464	14685	5.0
1464	14686	4.9
1464	14687	3.4
1464	14688	2.9
1464	14689	2.8
1464	14690	2.8
1464	14691	2.4
1464	14692	2.3
1464	14693	1.6
1464	14694	1.3
1464	14695	1.3
1464	14696	1.1
1464	14697	1.0
1491	53	1.2
1491	56	2.2
1491	65	1.1
1491	66	1.6
1491	89	2.6
1491	173	3.5
1491	207	1.3
1491	210	1.7
1491	225	1.8
1491	228	1.5
1491	236	1.2
1491	289	1.4
1491	300	1.6
1491	333	1.5
1491	416	1.8
1491	432	2.4
1491	448	1.5
1491	524	2.7
1491	525	1.8
1491	689	1.0
1491	690	1.1
1491	757	5.0
1491	1055	1.8
1491	1075	2.0
1491	1097	3.2
1491	1099	1.8
1491	1101	3.2
1491	1390	1.3
1491	1396	1.4
1491	1398	1.0
1491	1400	1.1
1491	1409	2.2
1491	1632	1.4
1491	1752	1.2
1491	1978	2.1
1491	1980	1.0
1491	1986	2.1
1491	2398	1.8
1491	2693	2.2
1491	2702	1.7
1491	2818	1.6
1491	2830	1.3
1491	3293	1.7
1491	3411	1.4
1491	4029	1.4
1491	5149	1.8
1491	6027	1.3
1491	6032	1.6
1491	7071	1.3
1491	14897	1.4
1685	56	1.9
1685	67	1.8
1685	89	2.1
1685	154	2.0
1685	159	1.5
1685	173	5.0
1685	190	2.3
1685	207	1.2
1685	217	2.4
1685	220	4.1
1685	225	1.2
1685	226	2.3
1685	227	1.5
1685	228	1.7
1685	234	1.2
1685	289	2.4
1685	316	1.6
1685	329	1.1
1685	424	1.6
1685	425	2.7
1685	429	1.8
1685	432	1.7
1685	436	1.4
1685	453	1.4
1685	455	3.8
1685	469	1.6
1685	539	1.3
1685	599	1.1
1685	683	1.0
1685	854	1.0
1685	1044	1.6
1685	1047	1.1
1685	1062	1.0
1685	1090	1.5
1685	1104	1.3
1685	1116	4.8
1685	1383	1.2
1685	1410	1.2
1685	1632	2.2
1685	1799	1.2
1685	2531	1.1
1685	3200	2.1
1685	3732	1.3
1685	4732	1.5
1685	5439	1.2
1685	6724	2.1
1685	6869	1.3
1685	12651	1.6
1685	16049	1.6
1685	16050	1.3
1760	56	2.1
1760	72	1.4
1760	85	1.1
1760	98	2.4
1760	154	1.1
1760	159	1.3
1760	163	2.4
1760	173	4.0
1760	198	3.3
1760	233	5.0
1760	234	1.6
1760	310	1.2
1760	377	3.1
1760	498	2.5
1760	519	1.4
1760	614	1.2
1760	757	3.5
1760	768	4.4
1760	808	1.3
1760	841	1.9
1760	854	2.8
1760	856	2.3
1760	857	3.6
1760	868	2.5
1760	917	3.0
1760	923	2.1
1760	993	3.6
1760	1083	1.8
1760	1099	2.8
1760	1104	2.9
1760	1122	1.0
1760	1142	1.4
1760	1179	3.6
1760	1369	1.2
1760	1398	2.5
1760	1409	3.0
1760	1531	1.4
1760	1974	2.7
1760	3444	3.7
1760	3943	1.4
1760	4022	1.5
1760	5890	2.5
1760	6950	1.0
1760	7634	1.4
1760	8069	1.1
1760	8215	1.7
1760	10859	1.6
1760	11042	2.4
1760	16502	2.7
1760	16503	1.5
1798	53	1.3
1798	56	3.0
1798	59	1.3
1798	63	2.4
1798	65	1.7
1798	66	1.0
1798	72	5.0
1798	75	1.5
1798	84	1.3
1798	154	2.3
1798	157	3.5
1798	163	1.5
1798	173	3.7
1798	190	2.8
1798	227	2.7
1798	228	1.6
1798	237	1.5
1798	238	4.1
1798	377	1.0
1798	418	1.4
1798	526	2.2
1798	562	1.5
1798	930	1.8
1798	936	2.8
1798	961	2.6
1798	1001	3.3
1798	1061	2.4
1798	1072	2.6
1798	1099	2.3
1798	1104	1.3
1798	1121	1.4
1798	1151	1.0
1798	1394	1.0
1798	1412	1.9
1798	1504	1.4
1798	1505	1.0
1798	1510	1.3
1798	1713	2.8
1798	1787	2.7
1798	1892	1.0
1798	2681	2.7
1798	3502	1.5
1798	4913	1.8
1798	5098	2.0
1798	5475	1.4
1798	9783	1.6
1798	12114	1.4
1798	16720	1.5
1798	16721	1.4
1798	16722	1.3
1804	154	1.8
1804	173	5.0
1804	190	1.4
1804	207	2.4
1804	209	2.0
1804	220	1.5
1804	227	1.9
1804	228	1.2
1804	229	3.2
1804	377	1.1
1804	403	3.1
1804	412	2.3
1804	424	2.1
1804	439	1.1
1804	472	1.5
1804	481	1.7
1804	486	4.3
1804	492	2.3
1804	493	1.6
1804	494	2.4
1804	498	2.2
1804	533	3.3
1804	536	1.4
1804	537	4.1
1804	540	2.7
1804	708	2.7
1804	714	2.4
1804	1011	1.5
1804	1043	1.8
1804	1048	1.1
1804	1116	1.0
1804	1186	2.7
1804	1195	1.0
1804	1239	2.8
1804	1246	1.5
1804	1375	2.0
1804	1377	1.7
1804	1681	2.5
1804	1775	1.1
1804	1866	4.7
1804	1874	2.9
1804	2080	1.6
1804	2346	1.6
1804	3200	1.3
1804	3382	1.7
1804	3741	2.5
1804	6120	1.5
1804	6127	1.1
1804	8873	1.7
1804	16777	1.0
1922	65	1.5
1922	70	1.8
1922	154	1.2
1922	159	2.9
1922	173	5.0
1922	190	2.7
1922	196	2.9
1922	206	3.5
1922	207	1.5
1922	214	1.5
1922	215	1.0
1922	217	3.1
1922	222	2.4
1922	225	1.2
1922	407	1.0
1922	421	1.5
1922	429	2.4
1922	615	1.5
1922	618	2.9
1922	629	1.4
1922	757	2.1
1922	859	2.0
1922	898	2.9
1922	1094	1.4
1922	1244	1.5
1922	1389	1.1
1922	1400	1.1
1922	1773	1.7
1922	1966	2.0
1922	2277	1.3
1922	2531	1.3
1922	2582	1.0
1922	2938	1.4
1922	3026	1.1
1922	3279	1.8
1922	3903	1.2
1922	4115	1.1
1922	4118	1.0
1922	4311	1.0
1922	5414	2.8
1922	6680	1.0
1922	9032	1.7
1922	12201	2.4
1922	13102	1.3
1922	13516	1.3
1922	13939	1.9
1922	15122	4.9
1922	17622	1.2
1922	17623	1.2
1922	17624	1.1
1982	65	1.7
1982	70	2.1
1982	72	2.5
1982	81	1.8
1982	163	1.3
1982	172	1.2
1982	173	3.1
1982	182	1.7
1982	187	2.2
1982	196	3.4
1982	229	1.0
1982	233	1.4
1982	238	1.8
1982	355	2.2
1982	432	2.8
1982	492	1.4
1982	703	1.3
1982	722	1.9
1982	755	1.1
1982	809	1.5
1982	842	2.8
1982	845	1.9
1982	1075	1.0
1982	1504	2.1
1982	1561	3.4
1982	1700	2.1
1982	1705	1.3
1982	1743	1.8
1982	2473	1.5
1982	3028	5.0
1982	3043	1.6
1982	3501	2.2
1982	3548	1.2
1982	3886	4.8
1982	4113	2.6
1982	4316	1.9
1982	4504	4.6
1982	4940	1.0
1982	4997	1.6
1982	5604	2.3
1982	5927	1.1
1982	10500	4.0
1982	11049	1.7
1982	14560	2.1
1982	16595	2.1
1982	18010	3.2
1982	18011	3.1
1982	18012	2.0
1982	18013	1.7
1982	18014	1.4
1994	59	1.0
1994	84	1.8
1994	89	2.0
1994	173	3.1
1994	190	1.2
1994	203	2.9
1994	207	2.8
1994	227	4.8
1994	229	2.3
1994	298	2.9
1994	425	3.0
1994	426	1.3
1994	429	2.7
1994	430	2.0
1994	432	2.3
1994	441	1.4
1994	599	5.0
1994	620	4.9
1994	757	2.5
1994	874	2.7
1994	887	1.7
1994	903	2.9
1994	920	2.1
1994	961	1.1
1994	972	3.4
1994	980	2.4
1994	1103	1.5
1994	1239	2.7
1994	1400	1.5
1994	1512	1.0
1994	1632	3.2
1994	1669	3.2
1994	1755	1.9
1994	1804	1.9
1994	3186	2.4
1994	3200	2.4
1994	3293	2.6
1994	4620	1.6
1994	4704	3.4
1994	4810	3.0
1994	5027	1.4
1994	5412	1.9
1994	5926	2.1
1994	6203	1.2
1994	6245	1.4
1994	7071	2.0
1994	10943	1.9
1994	13716	3.0
1994	14845	1.5
1994	18091	1.1
2096	88	1.0
2096	154	2.9
2096	163	2.1
2096	166	1.2
2096	172	1.6
2096	173	3.9
2096	187	1.4
2096	190	3.5
2096	197	2.8
2096	198	1.2
2096	203	2.6
2096	208	2.2
2096	220	1.3
2096	234	1.8
2096	237	1.4
2096	436	5.0
2096	441	1.4
2096	504	2.1
2096	517	1.1
2096	533	2.4
2096	620	1.9
2096	715	1.1
2096	755	1.8
2096	851	1.5
2096	859	2.1
2096	867	2.5
2096	1075	3.0
2096	1090	2.1
2096	1097	2.1
2096	1384	1.2
2096	1504	2.1
2096	1510	2.7
2096	2346	2.5
2096	3109	2.8
2096	3300	1.1
2096	3501	1.4
2096	3739	1.9
2096	3767	1.0
2096	3902	1.3
2096	4051	1.1
2096	4115	1.8
2096	4311	2.2
2096	6187	1.8
2096	6556	1.1
2096	6730	1.4
2096	7871	1.9
2096	13664	1.4
2096	17934	1.3
2096	18303	1.4
2096	18698	2.4
