userID	artistID	rating
21	55	4.9
21	67	1.8
21	71	1.1
21	89	2.5
21	288	2.6
21	289	5.0
21	292	2.5
21	293	2.9
21	295	1.5
21	298	1.4
21	299	2.7
21	300	2.0
21	302	1.2
21	306	1.4
21	310	1.7
21	318	1.8
21	325	1.7
21	352	1.2
21	461	2.5
21	465	1.2
21	466	1.8
21	476	2.5
21	523	1.7
21	531	1.7
21	535	4.1
21	543	1.8
21	660	1.6
21	674	1.8
21	679	1.5
21	681	1.2
21	686	3.1
21	701	3.1
21	786	3.1
21	787	2.5
21	788	2.5
21	789	2.5
21	790	2.4
21	791	2.1
21	792	2.0
21	793	1.9
21	794	1.8
21	795	1.6
21	796	1.6
21	797	1.5
21	798	1.4
21	799	1.3
21	800	1.2
21	801	1.2
21	802	1.0
21	803	1.0
24	55	4.8
24	67	5.0
24	89	1.7
24	157	1.4
24	167	2.7
24	229	3.5
24	257	2.5
24	258	1.3
24	285	1.5
24	288	1.7
24	289	2.5
24	291	1.3
24	295	1.3
24	298	2.5
24	300	3.0
24	301	1.1
24	302	2.3
24	310	1.7
24	316	3.2
24	333	1.2
24	340	1.8
24	425	2.0
24	437	1.9
24	526	1.4
24	689	3.0
24	690	1.2
24	709	2.1
24	786	3.0
24	789	4.4
24	885	3.7
24	886	3.2
24	887	2.8
24	888	2.4
24	889	2.3
24	890	2.0
24	891	1.9
24	892	1.8
24	893	1.7
24	894	1.7
24	895	1.7
24	896	1.6
24	897	1.5
24	898	1.4
24	899	1.4
24	900	1.3
24	901	1.3
24	902	1.3
24	903	1.2
24	904	1.1
24	905	1.0
29	55	3.6
29	89	2.7
29	161	1.2
29	209	1.0
29	288	1.5
29	289	2.1
29	292	1.3
29	300	2.0
29	302	2.5
29	317	1.3
29	318	1.0
29	328	1.9
29	333	3.4
29	378	1.1
29	455	1.1
29	461	1.5
29	464	1.3
29	466	3.7
29	472	1.9
29	481	1.8
29	498	3.6
29	500	1.8
29	528	2.5
29	531	1.3
29	534	1.0
29	537	2.9
29	543	1.7
29	679	3.3
29	686	2.6
29	687	5.0
29	704	3.1
29	706	1.3
29	908	1.2
29	951	1.8
29	966	1.2
29	1032	3.3
29	1033	2.7
29	1034	2.7
29	1035	2.6
29	1036	2.4
29	1037	2.2
29	1038	2.1
29	1039	2.0
29	1040	1.9
29	1041	1.7
29	1042	1.7
29	1043	1.6
29	1044	1.5
29	1045	1.3
29	1046	1.0
126	55	4.4
126	67	3.5
126	89	4.5
126	159	2.0
126	182	3.7
126	184	2.5
126	229	3.8
126	256	1.5
126	288	3.0
126	289	3.7
126	292	3.6
126	295	1.6
126	298	2.3
126	300	2.3
126	316	1.7
126	321	2.5
126	325	2.5
126	328	1.1
126	333	2.0
126	342	3.0
126	403	3.7
126	456	1.3
126	466	1.3
126	481	1.7
126	486	2.4
126	498	5.0
126	537	1.0
126	540	1.3
126	546	2.7
126	674	4.9
126	680	2.2
126	705	1.1
126	903	2.2
126	908	1.5
126	982	1.1
126	1243	4.0
126	1246	1.2
126	1377	1.2
126	1400	1.1
126	1580	2.4
126	2277	2.4
126	2523	1.0
126	3074	3.9
126	3075	3.2
126	3076	3.0
126	3077	2.0
126	3078	2.0
126	3079	1.8
126	3080	1.7
126	3081	1.4
227	55	3.8
227	67	2.9
227	89	4.0
227	257	4.5
227	288	2.8
227	289	3.9
227	291	2.6
227	292	5.0
227	293	1.8
227	294	1.8
227	295	3.5
227	299	1.2
227	300	2.6
227	301	1.5
227	302	1.5
227	305	2.8
227	326	1.2
227	333	1.7
227	344	1.3
227	349	2.0
227	352	1.8
227	386	1.0
227	393	1.3
227	400	2.9
227	409	1.9
227	461	1.9
227	466	1.2
227	525	1.9
227	543	1.0
227	544	1.1
227	679	2.2
227	681	1.1
227	701	3.1
227	1451	1.7
227	1459	2.3
227	1904	4.0
227	1918	2.1
227	2089	2.1
227	2091	2.2
227	2092	3.0
227	2094	2.6
227	2097	1.9
227	2106	1.6
227	2392	1.9
227	2799	2.0
227	2803	3.2
227	2806	1.4
227	4515	1.9
227	4516	1.5
227	4517	1.4
243	53	2.7
243	55	4.2
243	58	4.4
243	64	3.2
243	65	1.1
243	67	5.0
243	70	1.6
243	71	1.8
243	72	2.8
243	81	1.8
243	89	2.9
243	97	2.6
243	155	1.4
243	167	2.2
243	172	3.9
243	238	2.2
243	288	1.2
243	292	2.8
243	295	1.7
243	296	4.0
243	298	1.3
243	301	1.0
243	316	1.2
243	423	2.5
243	425	2.1
243	485	1.6
243	532	3.2
243	534	2.1
243	546	2.7
243	548	2.1
243	689	3.1
243	697	3.1
243	906	3.8
243	962	2.4
243	1001	2.5
243	1098	1.6
243	1379	1.8
243	1609	1.9
243	1824	2.4
243	1983	1.1
243	2083	1.7
243	2521	1.9
243	2544	1.3
243	3288	2.6
243	3460	2.7
243	3502	2.0
243	4704	2.2
243	4705	1.7
243	4706	1.3
243	4707	1.0
252	55	3.5
252	89	3.7
252	161	1.2
252	288	3.2
252	289	2.6
252	292	2.1
252	295	1.5
252	298	3.2
252	300	5.0
252	302	1.0
252	323	4.1
252	325	2.1
252	333	2.0
252	344	3.9
252	346	2.4
252	386	3.1
252	430	1.4
252	458	2.0
252	461	3.9
252	466	2.9
252	498	1.2
252	528	2.5
252	530	1.5
252	532	1.0
252	535	2.1
252	548	2.3
252	679	3.9
252	681	2.0
252	686	2.8
252	687	1.4
252	689	3.0
252	690	2.5
252	915	1.5
252	1032	1.0
252	1409	2.2
252	1447	2.8
252	1505	3.1
252	2076	1.9
252	2546	4.4
252	2981	2.1
252	3057	1.0
252	3081	3.6
252	3489	1.3
252	4618	1.1
252	4810	2.7
252	4811	2.3
252	4812	2.2
252	4813	1.6
252	4814	1.4
252	4815	1.1
299	55	3.5
299	65	3.2
299	67	2.3
299	89	2.3
299	182	1.4
299	184	2.4
299	207	4.5
299	210	3.9
299	221	1.6
299	229	2.8
299	289	3.4
299	295	1.6
299	298	3.5
299	331	3.7
299	342	3.8
299	366	2.4
299	421	2.6
299	424	3.2
299	430	2.2
299	439	1.7
299	498	1.2
299	538	2.6
299	546	1.9
299	716	2.3
299	903	3.6
299	1048	3.3
299	1090	1.0
299	1515	1.3
299	1556	3.1
299	1609	3.6
299	1763	1.1
299	1772	3.4
299	1775	3.0
299	2544	3.4
299	2858	2.7
299	3200	2.2
299	3204	2.1
299	3293	1.6
299	4716	1.8
299	4818	2.1
299	4828	1.2
299	5441	5.0
299	5442	1.9
299	5443	1.8
299	5444	1.7
299	5445	1.4
299	5446	1.3
299	5447	1.1
299	5448	1.1
299	5449	1.0
329	55	5.0
329	65	2.3
329	67	4.0
329	71	1.9
329	89	2.8
329	97	1.4
329	155	3.0
329	207	2.3
329	220	2.5
329	228	1.2
329	229	3.0
329	246	1.0
329	285	3.7
329	288	3.7
329	289	2.9
329	291	3.5
329	292	3.8
329	295	2.5
329	296	1.6
329	298	1.8
329	301	1.4
329	302	4.6
329	310	1.1
329	316	2.6
329	331	1.2
329	352	1.2
329	425	1.3
329	485	2.1
329	525	1.6
329	534	1.3
329	535	1.4
329	689	3.5
329	697	2.2
329	701	2.0
329	715	3.4
329	899	3.5
329	906	3.3
329	961	1.4
329	962	1.6
329	1098	1.3
329	1505	1.3
329	1772	1.8
329	1934	2.8
329	2544	1.6
329	3110	2.5
329	3466	2.9
329	3866	2.6
329	4810	1.0
329	5000	1.2
329	5745	3.0
339	55	3.3
339	67	2.6
339	89	4.7
339	161	1.3
339	257	2.8
339	288	3.7
339	289	5.0
339	290	2.9
339	291	2.6
339	292	3.9
339	293	1.2
339	294	1.4
339	295	3.6
339	298	1.5
339	299	1.7
339	300	3.0
339	302	2.6
339	306	2.4
339	308	1.3
339	317	1.1
339	318	2.5
339	320	1.1
339	325	2.8
339	328	1.7
339	329	1.1
339	332	1.5
339	333	2.5
339	349	3.1
339	378	2.2
339	386	1.1
339	461	3.1
339	466	1.8
339	498	1.2
339	523	2.3
339	531	1.2
339	538	1.1
339	542	1.3
339	543	1.8
339	544	2.5
339	679	2.1
339	686	1.6
339	701	4.1
339	704	1.5
339	903	1.0
339	915	1.0
339	1451	1.4
339	1934	1.8
339	2020	1.1
339	2548	1.4
339	4716	1.3
350	55	4.8
350	67	5.0
350	89	1.9
350	161	1.0
350	257	2.5
350	265	1.3
350	288	2.1
350	289	2.9
350	291	2.7
350	292	2.6
350	293	1.1
350	295	1.6
350	296	1.3
350	300	1.5
350	301	2.1
350	306	1.6
350	310	2.1
350	321	1.1
350	323	1.7
350	325	1.0
350	333	2.5
350	334	2.3
350	340	1.2
350	349	1.4
350	350	2.3
350	352	2.7
350	455	1.1
350	461	1.2
350	465	3.4
350	466	1.3
350	544	1.3
350	646	1.8
350	701	2.0
350	790	1.2
350	792	1.6
350	802	1.5
350	889	3.7
350	906	2.7
350	908	1.0
350	1453	1.9
350	1505	1.7
350	2022	2.0
350	2024	1.0
350	2523	1.9
350	2548	3.4
350	3176	1.9
350	3332	1.7
350	4350	2.9
350	5973	2.2
350	5974	1.4
405	55	3.8
405	67	4.0
405	69	1.8
405	89	3.9
405	257	3.6
405	262	2.4
405	279	2.5
405	285	5.0
405	288	2.3
405	289	2.0
405	292	2.6
405	295	2.9
405	296	1.0
405	299	2.3
405	300	1.1
405	310	1.7
405	312	1.4
405	314	2.8
405	317	2.0
405	322	2.5
405	325	1.0
405	329	1.3
405	331	1.8
405	349	2.8
405	350	1.5
405	466	1.6
405	478	1.6
405	485	2.0
405	525	1.4
405	527	1.5
405	543	1.8
405	638	1.2
405	913	1.7
405	1037	1.8
405	1451	2.4
405	1596	1.1
405	2083	1.3
405	2220	2.2
405	4566	2.6
405	4713	1.7
405	4814	2.3
405	5988	1.9
405	6311	1.6
405	6562	3.1
405	6563	2.2
405	6564	1.3
405	6565	1.2
405	6566	1.2
405	6567	1.1
405	6568	1.0
477	55	3.7
477	67	3.7
477	71	1.7
477	89	2.9
477	157	1.5
477	161	3.2
477	180	2.0
477	209	1.7
477	257	2.7
477	265	1.2
477	285	2.4
477	288	3.5
477	289	5.0
477	292	4.5
477	295	1.9
477	298	1.9
477	299	2.1
477	300	3.2
477	302	2.3
477	306	2.6
477	314	1.2
477	317	2.0
477	320	1.2
477	328	2.3
477	329	1.5
477	331	2.1
477	333	1.1
477	340	1.8
477	349	1.8
477	378	2.1
477	461	1.3
477	466	2.8
477	475	1.6
477	518	2.6
477	523	1.4
477	525	2.0
477	526	2.4
477	532	1.9
477	689	1.3
477	701	3.9
477	889	2.1
477	903	3.6
477	1062	1.1
477	1098	2.1
477	1580	2.0
477	1688	1.9
477	1934	2.2
477	1990	2.7
477	2083	2.8
477	6448	1.0
481	55	3.2
481	65	1.1
481	67	2.9
481	89	5.0
481	154	1.0
481	227	2.4
481	289	1.6
481	292	2.8
481	295	1.1
481	300	1.7
481	306	1.6
481	324	1.3
481	423	1.5
481	425	2.0
481	498	2.0
481	525	1.2
481	526	2.2
481	528	1.5
481	532	2.2
481	548	2.8
481	599	2.1
481	679	1.3
481	680	2.1
481	689	3.2
481	690	2.9
481	703	1.8
481	704	1.6
481	757	2.2
481	889	1.6
481	898	1.7
481	961	1.5
481	972	3.1
481	1001	1.3
481	1034	2.3
481	1037	1.5
481	1090	1.3
481	1098	3.5
481	1243	1.1
481	1609	3.0
481	1767	1.9
481	1807	1.4
481	1983	1.2
481	2094	2.0
481	2521	1.5
481	2988	1.1
481	3200	2.5
481	3739	2.1
481	7348	3.1
481	7349	2.5
481	7350	1.1
503	55	3.2
503	65	1.1
503	67	3.1
503	89	2.5
503	157	1.3
503	161	1.3
503	182	3.2
503	229	2.6
503	257	2.0
503	288	2.0
503	289	5.0
503	292	3.0
503	294	1.1
503	295	2.6
503	298	1.2
503	299	1.6
503	300	2.3
503	306	1.7
503	318	2.9
503	324	1.0
503	325	1.6
503	349	1.5
503	352	3.2
503	418	1.4
503	476	1.2
503	479	1.3
503	525	1.6
503	646	2.4
503	679	3.4
503	689	2.5
503	691	2.6
503	701	1.4
503	802	1.1
503	972	1.3
503	1243	1.7
503	1246	1.3
503	1375	1.4
503	1377	2.1
503	1409	1.7
503	1455	1.1
503	1580	1.6
503	1705	1.4
503	2020	1.7
503	2130	2.8
503	2176	1.6
503	2607	2.6
503	2977	2.3
503	5533	2.1
503	7502	2.8
503	7503	1.3
518	55	3.2
518	67	5.0
518	89	4.6
518	257	1.0
518	265	1.1
518	288	4.0
518	289	4.7
518	292	4.2
518	295	5.0
518	298	1.1
518	300	3.3
518	306	1.3
518	320	1.4
518	321	2.1
518	333	2.6
518	344	2.8
518	349	2.1
518	378	1.0
518	461	3.8
518	466	2.1
518	475	1.6
518	498	2.1
518	523	1.7
518	524	2.0
518	531	1.4
518	543	1.9
518	679	1.9
518	686	2.5
518	701	2.3
518	790	2.3
518	793	2.3
518	797	1.5
518	802	3.4
518	903	2.7
518	908	1.9
518	913	2.1
518	1032	1.1
518	1043	1.1
518	1054	2.6
518	1447	1.4
518	1659	1.1
518	2080	1.0
518	4350	1.2
518	5749	3.0
518	6646	2.8
518	7702	1.5
518	7703	1.3
518	7704	1.2
518	7705	1.1
518	7706	1.0
571	55	3.1
571	56	1.2
571	58	3.0
571	67	3.2
571	89	3.5
571	155	4.6
571	167	2.7
571	229	2.2
571	288	2.4
571	289	5.0
571	292	1.4
571	295	1.4
571	298	1.1
571	299	1.4
571	300	2.0
571	306	1.3
571	310	1.3
571	318	1.2
571	320	1.5
571	329	2.4
571	333	1.0
571	349	1.8
571	466	2.1
571	467	3.4
571	485	2.7
571	525	2.2
571	538	2.2
571	679	3.6
571	701	2.0
571	787	1.1
571	790	1.6
571	792	1.1
571	795	1.6
571	886	1.0
571	970	1.5
571	1243	1.5
571	1580	1.4
571	2025	1.6
571	2083	1.4
571	2130	1.4
571	2521	1.7
571	2977	1.5
571	3193	1.6
571	3198	1.5
571	3199	1.0
571	3502	1.3
571	3575	2.1
571	3674	1.0
571	5000	1.3
571	5140	1.9
572	55	5.0
572	67	5.0
572	89	3.5
572	97	2.4
572	157	1.2
572	161	1.6
572	167	2.5
572	182	2.0
572	229	2.2
572	257	1.8
572	288	1.8
572	289	4.7
572	292	2.9
572	295	1.7
572	298	2.0
572	299	1.8
572	300	1.7
572	302	1.1
572	306	2.0
572	310	1.2
572	318	1.5
572	325	1.8
572	344	1.2
572	352	2.4
572	461	1.7
572	466	1.7
572	523	1.9
572	535	2.0
572	548	1.0
572	646	2.1
572	679	1.5
572	701	2.6
572	802	1.5
572	890	1.0
572	906	1.9
572	1001	1.6
572	1379	1.8
572	1409	1.0
572	1453	1.4
572	1820	1.7
572	1934	1.7
572	3397	1.1
572	3557	1.1
572	4560	1.0
572	4704	1.7
572	6119	1.8
572	6428	1.3
572	7324	1.0
572	8171	1.1
572	8172	1.0
612	55	5.0
612	56	1.8
612	58	1.9
612	64	1.2
612	65	1.3
612	89	2.6
612	190	1.7
612	207	1.5
612	228	2.2
612	229	1.6
612	288	2.7
612	289	1.9
612	298	1.4
612	300	1.6
612	306	1.3
612	352	2.7
612	424	1.0
612	446	1.5
612	461	1.9
612	526	1.4
612	532	2.4
612	535	2.7
612	546	1.2
612	679	2.0
612	689	1.6
612	701	1.3
612	886	2.2
612	906	3.6
612	1090	1.5
612	1098	2.5
612	1106	1.4
612	1383	1.7
612	1390	2.2
612	1400	2.2
612	1409	1.4
612	1609	1.1
612	1934	2.0
612	2121	1.8
612	2130	1.8
612	2137	1.5
612	2139	1.8
612	3068	1.0
612	3288	1.9
612	3502	1.9
612	3706	1.3
612	4089	1.6
612	5480	1.4
612	8587	1.5
612	8588	1.4
612	8589	1.4
651	55	3.1
651	64	2.3
651	67	5.0
651	89	2.3
651	157	2.3
651	257	1.1
651	288	1.4
651	289	4.3
651	295	1.6
651	310	2.3
651	329	2.0
651	389	2.6
651	525	2.4
651	701	2.5
651	789	1.2
651	889	1.5
651	903	1.5
651	972	1.5
651	980	1.2
651	1098	1.9
651	1464	2.4
651	1740	1.4
651	1942	1.8
651	2521	2.1
651	2523	1.4
651	3501	3.8
651	3502	2.6
651	3674	2.2
651	4043	1.9
651	4126	1.2
651	4572	2.1
651	6429	2.7
651	7445	3.0
651	8586	2.1
651	8888	3.1
651	8889	1.6
651	8890	1.6
651	8891	1.6
651	8892	1.5
651	8893	1.3
651	8894	1.2
651	8895	1.2
651	8896	1.2
651	8897	1.2
651	8898	1.1
651	8899	1.1
651	8900	1.1
651	8901	1.1
651	8902	1.1
651	8903	1.0
659	55	4.4
659	67	4.6
659	154	2.4
659	207	1.4
659	257	1.3
659	285	2.4
659	288	1.5
659	289	4.5
659	291	1.3
659	292	4.9
659	293	1.2
659	299	2.8
659	311	1.2
659	314	2.4
659	316	1.1
659	322	2.0
659	349	3.6
659	354	3.1
659	360	1.1
659	374	1.0
659	375	1.7
659	389	1.0
659	456	3.1
659	465	4.3
659	467	1.8
659	486	2.1
659	523	2.0
659	543	1.1
659	646	1.6
659	787	3.5
659	790	1.2
659	794	1.3
659	891	2.4
659	906	1.2
659	1459	2.2
659	1580	1.6
659	1596	1.5
659	1918	1.5
659	1929	1.1
659	1988	3.2
659	2094	1.6
659	2102	3.9
659	2376	1.4
659	2523	1.8
659	3324	2.7
659	3570	4.5
659	5574	5.0
659	5767	2.4
659	6397	1.0
659	9013	2.0
674	55	3.6
674	89	5.0
674	288	2.5
674	289	1.3
674	292	1.7
674	300	2.1
674	302	1.8
674	306	1.6
674	352	2.3
674	386	1.0
674	388	1.4
674	400	2.1
674	413	3.2
674	461	1.6
674	464	1.1
674	466	2.5
674	524	1.0
674	525	1.3
674	526	3.4
674	528	1.9
674	532	3.5
674	543	2.8
674	544	3.4
674	686	1.1
674	689	2.2
674	793	1.4
674	972	1.1
674	1032	3.7
674	1444	2.2
674	1451	3.2
674	1452	1.4
674	1456	1.8
674	1918	2.2
674	1934	3.6
674	2020	1.4
674	2081	1.3
674	2091	3.3
674	2092	2.8
674	2094	3.2
674	2117	2.9
674	2521	1.9
674	2799	2.9
674	4561	2.5
674	4814	1.4
674	5537	3.1
674	5574	1.1
674	9198	3.0
674	9199	3.0
674	9200	2.2
674	9201	1.5
675	55	4.2
675	67	5.0
675	89	4.1
675	103	1.8
675	167	1.2
675	257	1.3
675	288	2.7
675	289	4.8
675	290	1.6
675	292	2.9
675	294	1.7
675	295	1.8
675	296	4.2
675	299	1.0
675	300	1.0
675	301	1.1
675	306	1.2
675	323	2.4
675	349	1.5
675	352	2.7
675	374	3.1
675	375	2.3
675	423	1.2
675	425	2.4
675	466	1.7
675	530	1.2
675	532	3.5
675	535	1.9
675	544	2.1
675	548	1.7
675	674	1.5
675	679	1.3
675	689	1.6
675	697	1.6
675	703	1.2
675	789	1.5
675	886	1.0
675	906	4.6
675	1001	3.1
675	1009	1.3
675	1934	2.1
675	2094	1.5
675	2102	2.8
675	2521	1.2
675	2543	1.9
675	3490	1.0
675	3491	1.9
675	7445	1.0
675	9202	3.4
675	9203	1.4
679	55	3.9
679	67	3.0
679	89	3.2
679	157	1.5
679	285	2.0
679	288	2.5
679	289	5.0
679	292	2.3
679	295	2.1
679	299	1.9
679	300	1.8
679	306	2.5
679	310	1.6
679	318	2.6
679	325	2.2
679	349	2.5
679	352	1.5
679	386	2.1
679	455	1.9
679	461	2.0
679	466	2.1
679	474	1.1
679	485	1.8
679	523	1.3
679	525	1.1
679	531	1.4
679	535	2.1
679	541	1.5
679	638	3.3
679	674	2.9
679	679	1.5
679	689	1.9
679	791	2.6
679	793	2.3
679	794	2.7
679	1503	1.3
679	1505	1.1
679	1580	1.0
679	2083	1.9
679	2094	2.3
679	3948	2.2
679	4563	2.5
679	4576	1.1
679	4770	1.4
679	4814	1.0
679	5953	1.6
679	8017	1.1
679	8718	2.7
679	9231	2.0
679	9232	1.3
690	55	4.4
690	58	1.8
690	67	5.0
690	89	3.6
690	167	1.7
690	229	3.2
690	257	3.4
690	261	3.2
690	285	2.7
690	288	3.5
690	289	3.9
690	291	1.2
690	292	4.4
690	294	1.7
690	295	1.7
690	299	4.5
690	300	3.7
690	301	2.1
690	302	1.8
690	306	1.1
690	310	3.1
690	333	1.1
690	340	1.1
690	344	1.2
690	352	3.7
690	389	1.6
690	461	1.1
690	466	2.6
690	525	2.4
690	535	2.7
690	543	2.3
690	544	1.3
690	641	1.7
690	686	1.0
690	701	3.6
690	787	3.1
690	790	2.7
690	792	2.9
690	802	1.7
690	889	2.4
690	906	2.6
690	915	1.2
690	1037	1.9
690	1090	1.4
690	1098	3.9
690	2083	3.7
690	2521	2.9
690	4260	1.0
690	5533	1.0
690	8409	1.2
713	55	3.3
713	67	2.1
713	89	2.1
713	161	2.7
713	257	2.4
713	279	1.3
713	285	3.2
713	288	4.0
713	289	5.0
713	292	2.6
713	293	2.3
713	295	3.2
713	299	2.8
713	300	1.6
713	301	3.4
713	302	1.7
713	306	1.5
713	309	1.5
713	310	1.9
713	312	2.3
713	314	2.4
713	318	2.4
713	320	1.3
713	322	1.6
713	329	1.7
713	332	2.4
713	333	1.2
713	349	2.2
713	455	1.7
713	456	1.1
713	465	3.0
713	468	2.1
713	476	4.2
713	484	1.4
713	485	2.0
713	523	1.7
713	525	1.1
713	543	2.4
713	701	2.6
713	786	1.6
713	907	1.4
713	1451	1.2
713	1475	3.1
713	1580	1.0
713	1596	2.3
713	4292	1.5
713	4487	2.2
713	6308	1.1
713	9494	1.5
713	9495	1.2
732	55	4.5
732	67	5.0
732	71	4.0
732	89	3.0
732	167	3.1
732	265	4.3
732	288	2.1
732	289	4.8
732	291	2.3
732	292	3.0
732	295	1.4
732	300	2.5
732	329	3.7
732	333	3.8
732	458	1.4
732	464	1.2
732	466	1.6
732	486	4.1
732	498	2.6
732	524	1.2
732	525	2.3
732	637	1.0
732	640	4.3
732	677	2.4
732	701	4.1
732	962	2.6
732	972	1.3
732	1243	1.5
732	1379	1.6
732	1601	3.4
732	2044	2.8
732	2054	1.2
732	2067	1.5
732	3198	2.2
732	3310	1.6
732	3501	4.6
732	3502	2.5
732	3560	1.1
732	3674	1.3
732	3795	1.2
732	3991	2.3
732	6866	3.0
732	9652	3.2
732	9653	2.4
732	9654	2.0
732	9655	1.7
732	9656	1.2
732	9657	1.1
732	9658	1.1
732	9659	1.0
795	55	4.6
795	65	2.7
795	67	3.5
795	89	2.5
795	157	1.9
795	161	2.8
795	191	1.7
795	241	1.1
795	257	1.9
795	258	1.6
795	285	1.5
795	288	3.2
795	289	5.0
795	292	3.2
795	295	2.3
795	296	1.7
795	298	3.3
795	300	3.0
795	310	2.4
795	316	1.8
795	327	1.8
795	328	1.2
795	331	2.3
795	333	1.0
795	349	3.0
795	352	2.2
795	377	2.1
795	405	1.3
795	455	3.0
795	458	2.0
795	461	3.9
795	465	1.4
795	466	2.7
795	468	2.4
795	478	2.1
795	523	2.5
795	543	1.3
795	544	1.1
795	644	1.1
795	686	1.1
795	701	1.9
795	798	2.1
795	907	1.6
795	972	2.7
795	1573	2.4
795	1574	1.1
795	3501	1.1
795	4688	3.2
795	8002	1.0
795	8008	1.4
808	55	3.9
808	67	5.0
808	89	4.7
808	182	1.1
808	229	2.2
808	288	2.7
808	292	2.1
808	300	2.7
808	301	2.7
808	302	1.2
808	320	1.0
808	328	1.3
808	333	1.7
808	352	1.4
808	425	2.1
808	437	1.0
808	466	1.0
808	523	1.9
808	525	4.4
808	526	1.1
808	534	4.4
808	542	1.4
808	546	2.5
808	690	1.7
808	701	1.4
808	714	1.2
808	962	2.2
808	1044	1.3
808	1047	1.3
808	1098	1.0
808	1106	3.0
808	1379	2.6
808	1632	1.6
808	2020	1.7
808	2521	1.8
808	3057	1.2
808	3164	2.5
808	3200	3.7
808	3319	1.1
808	3322	2.2
808	3672	2.6
808	4303	2.0
808	4716	1.7
808	4828	1.5
808	8589	1.7
808	8710	2.0
808	9230	1.7
808	9729	2.1
808	10248	1.9
808	10249	1.1
898	55	3.5
898	64	1.2
898	67	5.0
898	77	2.3
898	89	2.1
898	94	1.0
898	155	1.0
898	157	2.4
898	180	1.3
898	227	1.4
898	257	1.0
898	258	1.0
898	261	2.0
898	285	1.8
898	288	1.7
898	289	3.0
898	292	2.2
898	295	2.6
898	299	2.6
898	300	1.5
898	306	1.7
898	310	1.3
898	316	1.6
898	328	1.9
898	329	1.3
898	332	1.1
898	340	2.1
898	349	1.2
898	355	1.6
898	523	1.8
898	525	1.8
898	535	1.6
898	701	1.8
898	792	1.2
898	889	3.0
898	906	1.0
898	985	1.1
898	1098	2.6
898	1399	1.3
898	1681	1.1
898	1771	1.7
898	1820	2.4
898	2523	1.1
898	3281	1.0
898	4868	2.4
898	5416	1.5
898	5775	2.0
898	5973	1.2
898	6721	1.6
898	10918	1.1
910	55	5.0
910	58	2.5
910	89	2.5
910	241	1.5
910	251	1.4
910	257	2.2
910	265	1.8
910	279	1.9
910	285	1.2
910	288	2.1
910	289	2.3
910	291	1.0
910	292	3.6
910	294	2.1
910	295	3.0
910	296	3.0
910	299	2.0
910	305	1.0
910	308	2.2
910	309	1.3
910	311	1.3
910	314	2.2
910	322	1.3
910	323	2.1
910	328	1.0
910	332	1.2
910	349	3.4
910	352	1.2
910	535	2.1
910	543	2.8
910	548	1.3
910	697	1.9
910	701	3.2
910	906	1.0
910	915	2.2
910	1934	1.5
910	1936	1.3
910	1937	1.4
910	3500	1.7
910	4563	1.7
910	4566	1.7
910	4572	1.8
910	7781	1.8
910	8605	1.3
910	8765	2.0
910	10987	2.1
910	10988	1.5
910	10989	1.4
910	10990	1.4
910	10991	1.4
954	30	2.3
954	32	1.5
954	55	3.1
954	59	2.7
954	67	2.1
954	72	5.0
954	75	1.9
954	76	1.0
954	89	2.4
954	153	4.4
954	157	1.5
954	187	2.8
954	535	3.1
954	880	2.0
954	1001	4.6
954	1014	2.4
954	1061	3.2
954	1062	2.8
954	1067	4.0
954	1072	2.0
954	1073	2.4
954	1074	3.1
954	1080	2.0
954	1099	1.3
954	1297	1.8
954	1298	1.5
954	1304	1.7
954	1379	2.3
954	1713	2.1
954	2935	3.9
954	3183	2.6
954	3191	2.2
954	3289	2.7
954	3501	1.8
954	3768	1.4
954	3988	2.0
954	4245	1.7
954	4296	3.8
954	4308	2.9
954	4310	4.2
954	4317	1.9
954	4704	1.8
954	8149	2.1
954	10625	1.4
954	11330	2.8
954	11331	2.5
954	11332	1.6
954	11333	1.5
954	11334	1.2
954	11335	1.1
1057	55	3.6
1057	89	3.8
1057	189	1.7
1057	209	2.6
1057	257	1.1
1057	261	1.8
1057	265	1.6
1057	288	3.2
1057	289	3.5
1057	292	2.2
1057	295	1.6
1057	299	1.9
1057	300	1.9
1057	301	1.5
1057	302	2.1
1057	306	1.8
1057	310	1.3
1057	320	1.3
1057	330	1.7
1057	333	2.6
1057	344	1.4
1057	352	2.4
1057	360	1.4
1057	362	1.6
1057	400	1.4
1057	466	2.0
1057	518	2.1
1057	528	1.0
1057	543	2.1
1057	646	1.4
1057	701	3.6
1057	790	1.9
1057	792	5.0
1057	802	1.8
1057	914	1.0
1057	959	2.2
1057	1032	1.7
1057	1244	1.8
1057	1438	2.4
1057	1441	1.7
1057	1459	1.7
1057	1775	1.2
1057	2019	1.4
1057	2082	1.6
1057	2392	1.3
1057	2548	1.2
1057	3081	2.3
1057	3125	2.2
1057	12037	2.4
1057	12038	1.8
1069	55	3.7
1069	67	3.7
1069	89	3.0
1069	220	1.1
1069	283	1.3
1069	288	2.6
1069	289	5.0
1069	292	1.8
1069	295	2.6
1069	299	2.9
1069	300	2.1
1069	309	1.7
1069	310	1.8
1069	326	1.1
1069	328	1.1
1069	349	3.2
1069	456	1.5
1069	525	1.6
1069	542	1.7
1069	701	3.6
1069	708	3.4
1069	1009	1.0
1069	1045	3.2
1069	1241	1.6
1069	1432	1.7
1069	1436	1.7
1069	1681	1.6
1069	2080	1.9
1069	2440	2.7
1069	2462	2.0
1069	2983	1.5
1069	3074	3.1
1069	3173	1.4
1069	3198	2.2
1069	3376	1.8
1069	4716	2.8
1069	4850	1.3
1069	5249	1.0
1069	6120	1.5
1069	6792	1.0
1069	7727	2.1
1069	8371	2.4
1069	8380	1.7
1069	11139	1.3
1069	12098	1.8
1069	12099	1.2
1069	12100	1.1
1069	12101	1.1
1069	12102	1.0
1069	12103	1.0
1102	53	1.7
1102	55	5.0
1102	58	2.6
1102	64	1.7
1102	84	1.1
1102	89	2.0
1102	97	1.8
1102	167	2.2
1102	229	1.2
1102	288	1.2
1102	289	1.8
1102	298	1.8
1102	310	2.8
1102	318	1.9
1102	328	1.4
1102	430	2.1
1102	467	1.1
1102	525	1.1
1102	526	1.7
1102	530	2.6
1102	532	3.4
1102	535	2.2
1102	538	1.1
1102	546	1.2
1102	690	1.0
1102	697	1.8
1102	701	2.1
1102	722	2.2
1102	886	2.4
1102	906	1.1
1102	980	2.3
1102	1097	3.4
1102	1155	1.3
1102	1243	2.3
1102	1394	1.1
1102	1405	1.3
1102	1409	3.1
1102	1486	1.9
1102	1767	2.5
1102	2018	1.2
1102	2020	1.2
1102	2083	1.8
1102	2277	1.6
1102	3193	1.5
1102	3198	1.6
1102	4025	1.9
1102	4028	1.5
1102	4725	2.1
1102	4732	1.3
1102	8589	1.4
1104	55	3.3
1104	63	2.7
1104	67	4.4
1104	77	2.4
1104	89	1.6
1104	157	3.9
1104	180	2.5
1104	192	2.6
1104	241	1.4
1104	251	2.8
1104	257	4.2
1104	258	2.4
1104	261	1.5
1104	265	3.3
1104	285	2.2
1104	289	1.9
1104	292	3.9
1104	295	2.4
1104	340	2.0
1104	455	1.8
1104	459	1.3
1104	479	5.0
1104	601	4.5
1104	889	2.0
1104	913	1.4
1104	959	3.1
1104	1000	1.5
1104	1001	2.3
1104	1081	2.2
1104	1098	4.8
1104	1414	3.7
1104	1427	4.0
1104	1464	2.6
1104	1602	1.0
1104	1764	3.8
1104	1820	3.6
1104	1850	2.0
1104	2183	3.3
1104	2346	1.6
1104	2783	1.3
1104	3878	1.9
1104	6376	1.7
1104	6722	3.5
1104	6959	1.5
1104	8422	3.5
1104	8802	1.6
1104	12129	1.7
1104	12351	2.5
1104	12352	1.4
1104	12353	1.0
1120	55	3.0
1120	67	2.7
1120	89	1.7
1120	157	1.2
1120	257	2.1
1120	279	1.2
1120	285	5.0
1120	288	4.3
1120	289	3.9
1120	292	2.3
1120	293	1.6
1120	295	3.1
1120	296	1.5
1120	299	2.8
1120	302	1.2
1120	306	1.9
1120	309	1.4
1120	310	1.1
1120	311	1.6
1120	314	2.2
1120	316	1.7
1120	318	1.7
1120	320	1.2
1120	331	1.5
1120	332	1.4
1120	349	1.5
1120	424	1.1
1120	455	1.2
1120	465	1.5
1120	485	1.5
1120	523	1.8
1120	525	1.5
1120	535	2.8
1120	701	1.5
1120	789	1.0
1120	886	2.6
1120	906	2.8
1120	911	1.0
1120	913	1.8
1120	972	1.3
1120	1409	2.0
1120	1937	1.3
1120	2083	2.2
1120	2094	1.6
1120	2220	1.1
1120	2523	2.2
1120	2548	1.0
1120	3288	1.1
1120	4566	1.0
1120	4883	1.0
1137	55	3.6
1137	67	5.0
1137	71	2.4
1137	155	2.1
1137	183	1.3
1137	241	1.6
1137	257	3.9
1137	265	3.6
1137	285	1.7
1137	288	3.5
1137	289	4.2
1137	291	1.1
1137	292	3.3
1137	295	2.2
1137	299	2.9
1137	306	2.2
1137	310	1.9
1137	316	3.2
1137	349	2.3
1137	360	2.0
1137	463	1.3
1137	525	1.7
1137	529	1.6
1137	535	1.0
1137	641	1.6
1137	701	2.5
1137	722	3.3
1137	787	2.2
1137	966	1.7
1137	968	1.7
1137	1009	2.5
1137	1399	1.4
1137	1505	2.2
1137	1601	2.2
1137	2064	1.3
1137	2390	3.4
1137	2391	3.3
1137	2783	2.3
1137	3063	2.5
1137	3316	1.8
1137	3865	1.3
1137	3873	1.3
1137	4024	3.2
1137	5072	2.3
1137	5249	1.5
1137	7846	2.8
1137	9234	1.3
1137	12576	2.1
1137	12577	1.7
1137	12578	1.4
1185	52	2.6
1185	55	3.5
1185	58	3.8
1185	64	1.5
1185	65	2.4
1185	67	5.0
1185	81	1.9
1185	97	1.5
1185	154	2.4
1185	182	2.1
1185	199	2.0
1185	228	1.4
1185	289	2.7
1185	295	1.3
1185	298	2.7
1185	389	3.5
1185	423	2.0
1185	548	2.6
1185	689	2.6
1185	690	2.9
1185	697	2.2
1185	886	1.9
1185	895	2.0
1185	896	1.0
1185	900	1.2
1185	1382	2.4
1185	1609	1.5
1185	1632	1.4
1185	1934	3.2
1185	1971	2.9
1185	2125	1.5
1185	2137	1.5
1185	2149	1.4
1185	2521	2.8
1185	2544	3.1
1185	3057	2.0
1185	3502	3.1
1185	3878	2.2
1185	4704	2.2
1185	7660	1.4
1185	7781	1.4
1185	8141	1.7
1185	11729	1.7
1185	12988	3.9
1185	12989	2.2
1185	12990	2.2
1185	12991	2.1
1185	12992	1.2
1185	12993	1.2
1185	12994	1.0
1188	55	4.5
1188	64	2.0
1188	89	5.0
1188	184	1.7
1188	207	1.7
1188	229	2.2
1188	288	3.5
1188	289	3.3
1188	292	2.3
1188	295	2.7
1188	298	1.0
1188	300	3.8
1188	423	1.1
1188	432	1.1
1188	526	4.3
1188	530	2.0
1188	532	4.5
1188	548	3.7
1188	690	1.3
1188	697	2.0
1188	703	1.7
1188	895	2.7
1188	1032	3.5
1188	1062	1.1
1188	1097	1.1
1188	1098	2.7
1188	1106	3.5
1188	1398	1.7
1188	1400	3.1
1188	1409	3.2
1188	1609	2.1
1188	1983	2.9
1188	2083	1.0
1188	2521	3.5
1188	3110	2.6
1188	3128	1.1
1188	3200	3.2
1188	3288	3.0
1188	3502	2.4
1188	3730	3.0
1188	4704	2.9
1188	5149	1.1
1188	5547	3.0
1188	6453	2.5
1188	6615	1.3
1188	7071	1.6
1188	7324	2.4
1188	8589	1.4
1188	13007	2.7
1188	13008	2.3
1226	55	3.4
1226	67	2.0
1226	89	2.0
1226	261	1.7
1226	265	1.3
1226	270	2.0
1226	288	1.2
1226	289	2.5
1226	292	2.2
1226	295	2.8
1226	299	5.0
1226	300	1.0
1226	310	3.2
1226	316	1.3
1226	333	2.7
1226	377	1.5
1226	378	2.9
1226	466	1.2
1226	542	2.0
1226	652	2.1
1226	677	2.9
1226	701	3.5
1226	903	1.3
1226	1098	2.1
1226	1123	1.2
1226	1432	2.2
1226	1475	2.0
1226	1601	1.5
1226	1764	2.2
1226	2047	1.5
1226	2498	1.2
1226	2984	2.0
1226	3173	4.0
1226	3332	2.1
1226	3387	1.4
1226	3393	2.3
1226	3503	3.2
1226	3930	1.3
1226	4716	3.6
1226	6505	2.4
1226	6721	1.6
1226	10691	2.6
1226	11445	1.1
1226	13281	2.8
1226	13282	2.0
1226	13283	1.8
1226	13284	1.6
1226	13285	1.2
1226	13286	1.1
1226	13287	1.0
1233	55	5.0
1233	56	2.6
1233	64	1.6
1233	67	4.9
1233	89	1.1
1233	288	1.1
1233	289	4.0
1233	299	3.1
1233	310	2.4
1233	323	1.1
1233	328	1.7
1233	352	1.4
1233	386	1.2
1233	532	2.0
1233	535	3.0
1233	701	1.7
1233	786	1.1
1233	789	4.5
1233	792	3.0
1233	886	1.7
1233	906	3.9
1233	1001	2.4
1233	1109	1.2
1233	1395	1.6
1233	1409	1.0
1233	1464	2.7
1233	1729	3.7
1233	2018	1.2
1233	2521	1.5
1233	3193	2.0
1233	3397	1.5
1233	3491	1.0
1233	3795	1.6
1233	4153	1.1
1233	4983	1.3
1233	5178	1.0
1233	7243	1.2
1233	7302	1.5
1233	7814	2.1
1233	7821	1.0
1233	8586	1.2
1233	9134	1.3
1233	10691	1.8
1233	11084	2.2
1233	13351	3.9
1233	13352	2.5
1233	13353	2.2
1233	13354	1.8
1233	13355	1.5
1233	13356	1.1
1246	55	3.6
1246	56	2.4
1246	64	1.8
1246	67	1.7
1246	151	1.5
1246	161	1.4
1246	184	1.1
1246	187	5.0
1246	289	1.9
1246	292	2.0
1246	295	1.0
1246	389	3.4
1246	526	1.2
1246	535	1.6
1246	701	1.4
1246	727	2.7
1246	959	1.0
1246	1464	1.3
1246	2051	2.8
1246	2075	1.2
1246	2076	2.7
1246	2079	4.6
1246	2441	2.9
1246	2446	1.7
1246	2521	2.8
1246	3288	1.1
1246	3674	1.1
1246	3832	3.4
1246	3991	1.9
1246	4301	1.3
1246	6181	2.8
1246	6733	2.4
1246	6739	1.3
1246	7096	1.0
1246	8848	3.7
1246	8853	3.2
1246	9422	1.3
1246	10358	1.2
1246	12351	1.0
1246	12734	1.5
1246	13434	3.1
1246	13435	3.1
1246	13436	1.9
1246	13437	1.7
1246	13438	1.6
1246	13439	1.4
1246	13440	1.3
1246	13441	1.2
1246	13442	1.1
1246	13443	1.0
1247	55	4.2
1247	67	4.9
1247	89	3.3
1247	157	1.9
1247	191	1.4
1247	257	1.6
1247	265	2.2
1247	288	2.7
1247	289	5.0
1247	291	2.5
1247	292	4.3
1247	295	2.4
1247	300	2.7
1247	302	1.7
1247	305	1.3
1247	309	1.7
1247	310	1.4
1247	318	3.7
1247	320	1.6
1247	325	3.0
1247	328	1.4
1247	329	1.1
1247	331	1.1
1247	333	1.7
1247	349	1.8
1247	352	1.0
1247	386	2.3
1247	461	3.1
1247	466	3.0
1247	475	1.1
1247	498	1.0
1247	523	2.2
1247	531	1.0
1247	679	2.9
1247	680	1.4
1247	681	1.3
1247	686	2.2
1247	701	1.4
1247	793	1.9
1247	907	1.2
1247	1037	1.1
1247	1379	1.2
1247	1580	1.4
1247	1684	1.3
1247	1700	2.7
1247	2521	1.1
1247	3397	1.7
1247	4920	2.2
1247	13444	1.8
1247	13445	1.6
1365	55	3.0
1365	67	2.3
1365	89	2.6
1365	97	1.3
1365	257	2.3
1365	288	3.4
1365	289	5.0
1365	291	1.8
1365	292	3.2
1365	293	1.8
1365	294	2.2
1365	295	1.9
1365	300	3.0
1365	302	1.8
1365	306	2.5
1365	310	1.0
1365	311	2.1
1365	314	2.8
1365	318	1.7
1365	323	3.5
1365	325	2.3
1365	328	1.0
1365	333	1.8
1365	344	2.4
1365	352	3.9
1365	461	2.1
1365	464	1.6
1365	466	1.6
1365	485	2.1
1365	498	2.0
1365	525	1.9
1365	528	1.1
1365	543	2.8
1365	644	1.4
1365	679	3.5
1365	680	1.3
1365	686	2.8
1365	701	1.6
1365	704	1.2
1365	790	1.3
1365	908	1.1
1365	915	2.1
1365	1034	3.0
1365	1451	1.9
1365	1459	1.9
1365	2102	2.1
1365	2981	1.7
1365	2990	1.3
1365	3177	1.0
1365	5529	1.6
1471	55	3.3
1471	67	2.1
1471	157	1.4
1471	176	1.6
1471	191	1.3
1471	234	2.0
1471	256	1.5
1471	257	2.0
1471	283	2.0
1471	288	2.0
1471	289	5.0
1471	292	3.0
1471	295	1.9
1471	300	1.9
1471	302	1.2
1471	306	2.5
1471	316	1.4
1471	318	1.0
1471	328	1.0
1471	349	1.4
1471	355	1.0
1471	375	2.8
1471	377	2.7
1471	461	1.7
1471	466	1.5
1471	468	1.0
1471	498	2.7
1471	517	2.2
1471	523	1.3
1471	535	1.1
1471	538	1.1
1471	541	1.1
1471	542	1.1
1471	614	2.5
1471	646	1.1
1471	679	2.1
1471	686	2.2
1471	701	1.9
1471	802	1.2
1471	1044	2.2
1471	1246	1.8
1471	1369	2.3
1471	1453	1.6
1471	1854	2.3
1471	2014	1.7
1471	2094	3.4
1471	3173	1.2
1471	3741	1.0
1471	6713	1.4
1471	14724	1.4
1532	55	4.3
1532	67	4.9
1532	89	1.9
1532	97	1.1
1532	155	2.5
1532	190	2.1
1532	257	1.8
1532	288	3.5
1532	289	3.2
1532	292	3.2
1532	294	2.4
1532	295	5.0
1532	298	1.0
1532	300	2.9
1532	301	1.9
1532	302	2.2
1532	310	2.1
1532	311	1.0
1532	329	2.4
1532	332	2.1
1532	333	1.6
1532	340	1.2
1532	349	2.1
1532	425	2.5
1532	523	2.9
1532	525	2.6
1532	534	1.7
1532	535	1.9
1532	542	2.8
1532	680	1.3
1532	701	3.5
1532	903	3.0
1532	913	2.2
1532	972	2.1
1532	1052	1.7
1532	1098	1.7
1532	1463	1.3
1532	1556	3.0
1532	1580	2.2
1532	1601	2.8
1532	1694	3.5
1532	1833	1.7
1532	1934	1.3
1532	1935	1.7
1532	2521	3.4
1532	3057	1.1
1532	3173	1.1
1532	3200	1.5
1532	5934	1.1
1532	6313	1.3
1533	55	3.1
1533	67	2.0
1533	69	2.6
1533	88	1.0
1533	89	2.3
1533	97	2.0
1533	239	3.4
1533	251	2.7
1533	257	5.0
1533	262	2.8
1533	265	3.0
1533	287	2.5
1533	288	3.3
1533	289	1.8
1533	291	1.3
1533	292	1.9
1533	294	1.8
1533	295	1.7
1533	300	2.7
1533	301	4.0
1533	332	2.3
1533	342	1.9
1533	344	2.2
1533	352	1.0
1533	360	2.8
1533	364	1.5
1533	468	2.5
1533	538	2.1
1533	575	1.6
1533	683	1.6
1533	691	1.1
1533	892	1.4
1533	1459	3.1
1533	1772	1.7
1533	1828	2.1
1533	1934	2.9
1533	1936	3.2
1533	2176	2.0
1533	2523	1.3
1533	3488	2.5
1533	4696	1.7
1533	5150	1.6
1533	5767	1.2
1533	8991	1.6
1533	10989	2.5
1533	11076	1.3
1533	12406	1.8
1533	15213	2.5
1533	15214	1.4
1533	15215	1.0
1563	55	4.2
1563	67	2.3
1563	251	1.0
1563	257	1.6
1563	289	2.5
1563	299	4.2
1563	320	3.9
1563	701	4.2
1563	787	1.0
1563	1098	3.5
1563	1121	1.0
1563	1123	1.0
1563	1436	1.9
1563	1438	1.4
1563	1440	1.6
1563	1446	1.4
1563	1475	1.4
1563	2394	1.0
1563	2395	1.9
1563	2440	3.9
1563	2462	3.0
1563	3060	1.9
1563	3311	1.0
1563	3466	1.0
1563	3892	1.4
1563	4260	1.4
1563	4817	5.0
1563	5238	1.4
1563	7838	2.5
1563	7846	2.1
1563	8372	2.1
1563	9820	3.6
1563	10717	2.5
1563	12555	1.6
1563	13669	1.4
1563	14929	1.0
1563	15330	5.0
1563	15331	2.5
1563	15332	1.9
1563	15333	1.9
1563	15334	1.9
1563	15335	1.6
1563	15336	1.6
1563	15337	1.6
1563	15338	1.6
1563	15339	1.6
1563	15340	1.4
1563	15341	1.4
1563	15342	1.4
1563	15343	1.4
1590	55	4.8
1590	64	1.4
1590	67	5.0
1590	72	1.5
1590	89	4.9
1590	97	2.0
1590	157	1.2
1590	285	3.1
1590	288	3.2
1590	289	4.7
1590	292	2.0
1590	295	2.4
1590	296	1.3
1590	298	2.3
1590	306	1.0
1590	310	1.7
1590	317	1.0
1590	349	2.1
1590	350	2.2
1590	354	1.6
1590	425	1.6
1590	466	1.8
1590	485	1.5
1590	523	2.6
1590	525	1.5
1590	526	3.5
1590	532	2.2
1590	541	1.0
1590	680	1.6
1590	701	2.1
1590	789	1.7
1590	889	2.9
1590	906	1.6
1590	1098	1.1
1590	1392	1.2
1590	1503	1.1
1590	1609	1.2
1590	2083	2.4
1590	2094	2.3
1590	2521	2.0
1590	3186	1.1
1590	3198	2.9
1590	3288	1.0
1590	3502	3.5
1590	3902	1.2
1590	5735	1.0
1590	7292	2.2
1590	14222	1.1
1590	15468	1.1
1590	15469	1.0
1600	55	5.0
1600	67	3.3
1600	89	4.2
1600	230	1.4
1600	257	2.6
1600	288	2.9
1600	289	3.5
1600	292	3.7
1600	293	2.6
1600	295	1.0
1600	300	2.2
1600	302	2.6
1600	318	2.1
1600	325	2.5
1600	328	3.0
1600	332	2.4
1600	333	3.4
1600	349	1.4
1600	466	3.1
1600	485	2.6
1600	523	2.1
1600	524	2.5
1600	526	3.0
1600	532	2.7
1600	535	2.6
1600	536	2.5
1600	544	1.9
1600	545	1.9
1600	548	3.0
1600	701	2.1
1600	798	1.0
1600	886	2.0
1600	903	1.0
1600	915	1.1
1600	1062	1.2
1600	1451	1.2
1600	1456	1.8
1600	1580	1.0
1600	2018	1.8
1600	2083	1.0
1600	2521	1.7
1600	3397	1.8
1600	3502	1.0
1600	5926	1.7
1600	7301	1.9
1600	12550	1.5
1600	15168	1.4
1600	15510	1.7
1600	15511	1.5
1600	15512	1.0
1616	54	1.2
1616	55	3.9
1616	65	1.8
1616	67	3.1
1616	97	2.1
1616	251	1.3
1616	257	4.5
1616	265	2.2
1616	279	1.5
1616	287	2.0
1616	288	2.3
1616	289	3.8
1616	292	5.0
1616	295	1.7
1616	296	1.9
1616	302	1.2
1616	316	3.7
1616	322	2.0
1616	333	1.1
1616	340	1.2
1616	349	1.0
1616	360	1.9
1616	378	2.2
1616	389	4.2
1616	455	3.1
1616	466	2.2
1616	490	2.0
1616	498	2.4
1616	518	1.4
1616	680	2.1
1616	701	2.2
1616	704	1.6
1616	967	2.1
1616	972	2.7
1616	1112	2.8
1616	1377	1.2
1616	1464	2.6
1616	1934	2.1
1616	2022	2.1
1616	2067	2.2
1616	2220	1.3
1616	2523	2.0
1616	4024	1.0
1616	4705	2.1
1616	8290	1.6
1616	8292	3.0
1616	8991	1.1
1616	14516	3.2
1616	15579	1.4
1616	15580	1.4
1633	55	5.0
1633	67	5.0
1633	89	2.9
1633	258	4.5
1633	288	2.4
1633	289	2.9
1633	292	2.7
1633	293	1.1
1633	295	3.6
1633	298	2.1
1633	299	2.8
1633	300	1.5
1633	302	1.6
1633	310	5.0
1633	316	1.9
1633	328	1.6
1633	340	4.0
1633	342	2.1
1633	349	1.7
1633	466	2.9
1633	525	1.6
1633	535	1.3
1633	543	1.4
1633	546	2.5
1633	644	1.5
1633	701	2.5
1633	889	3.3
1633	903	1.4
1633	913	2.2
1633	1052	1.1
1633	1464	1.3
1633	1767	1.2
1633	1771	1.4
1633	2083	3.2
1633	2919	1.1
1633	3067	1.3
1633	3316	1.0
1633	4087	1.6
1633	5416	1.7
1633	6376	4.5
1633	6721	1.1
1633	8287	1.1
1633	9528	1.4
1633	12044	1.1
1633	15742	2.8
1633	15743	2.0
1633	15744	2.0
1633	15745	1.1
1633	15746	1.1
1633	15747	1.0
1648	55	4.3
1648	56	3.1
1648	67	5.0
1648	89	4.1
1648	155	3.0
1648	227	3.4
1648	257	2.3
1648	265	2.2
1648	288	2.7
1648	289	2.2
1648	292	3.2
1648	295	2.6
1648	299	1.6
1648	300	2.5
1648	306	2.1
1648	418	2.9
1648	437	3.2
1648	441	1.7
1648	444	2.0
1648	454	1.6
1648	466	2.2
1648	485	2.3
1648	511	1.1
1648	679	3.7
1648	959	2.0
1648	1034	1.4
1648	1098	2.4
1648	1244	3.1
1648	1384	1.4
1648	1456	1.5
1648	1464	2.8
1648	2533	1.1
1648	2634	3.0
1648	3209	1.3
1648	3411	2.7
1648	3763	2.3
1648	4575	1.4
1648	5150	2.2
1648	5427	2.0
1648	6756	1.4
1648	8027	1.6
1648	12013	1.3
1648	15823	1.9
1648	15824	1.3
1648	15825	1.1
1648	15826	1.1
1648	15827	1.1
1648	15828	1.1
1648	15829	1.1
1648	15830	1.0
1736	55	3.8
1736	67	2.6
1736	89	1.4
1736	97	2.1
1736	161	1.5
1736	227	3.7
1736	256	1.0
1736	288	2.7
1736	292	3.9
1736	324	1.1
1736	329	1.8
1736	333	3.4
1736	464	1.7
1736	466	2.9
1736	531	2.6
1736	541	2.6
1736	575	1.6
1736	679	5.0
1736	689	1.2
1736	701	3.8
1736	706	1.4
1736	715	1.2
1736	962	2.7
1736	1081	4.0
1736	1456	1.1
1736	1505	4.2
1736	1519	1.4
1736	1721	1.3
1736	2025	1.1
1736	2176	1.2
1736	2498	2.8
1736	2834	1.3
1736	3101	1.2
1736	3460	1.0
1736	3575	2.6
1736	3763	3.4
1736	4435	1.0
1736	4442	2.4
1736	4489	1.4
1736	5257	2.5
1736	5268	3.7
1736	5270	1.0
1736	6389	1.2
1736	7868	1.0
1736	8718	4.6
1736	8742	1.9
1736	13219	2.3
1736	16385	2.7
1736	16386	1.1
1736	16387	1.0
1742	55	3.3
1742	65	1.4
1742	67	4.2
1742	89	5.0
1742	167	1.9
1742	227	1.6
1742	229	2.0
1742	288	2.8
1742	289	4.2
1742	292	3.6
1742	295	2.8
1742	298	1.2
1742	300	2.9
1742	325	1.5
1742	333	2.8
1742	340	1.7
1742	352	4.2
1742	424	1.9
1742	464	1.0
1742	466	3.2
1742	524	2.9
1742	526	2.0
1742	530	1.0
1742	544	1.9
1742	548	3.0
1742	599	2.1
1742	646	1.7
1742	679	3.4
1742	689	2.1
1742	889	1.1
1742	959	3.0
1742	980	2.2
1742	1037	1.8
1742	1045	1.5
1742	1243	3.3
1742	1379	1.7
1742	1429	2.1
1742	1464	1.1
1742	1934	3.0
1742	2083	1.7
1742	2521	1.1
1742	2543	3.6
1742	3200	3.1
1742	3319	1.2
1742	5529	2.8
1742	5535	1.5
1742	5975	2.4
1742	9079	1.3
1742	16409	1.2
1742	16410	1.1
1765	55	3.2
1765	56	1.9
1765	65	1.7
1765	88	1.5
1765	89	4.8
1765	157	1.0
1765	159	1.1
1765	199	2.8
1765	228	3.4
1765	288	3.2
1765	289	3.1
1765	295	1.9
1765	300	1.6
1765	306	1.0
1765	331	2.0
1765	333	2.9
1765	377	1.4
1765	432	1.4
1765	441	1.3
1765	445	1.6
1765	458	2.6
1765	475	4.2
1765	548	2.1
1765	689	3.5
1765	703	2.1
1765	757	4.6
1765	857	2.0
1765	903	1.4
1765	906	2.0
1765	1032	1.6
1765	1037	5.0
1765	1090	1.7
1765	1155	1.0
1765	1375	2.5
1765	1398	1.9
1765	1409	1.3
1765	1613	2.2
1765	1934	3.6
1765	2137	3.6
1765	2242	3.7
1765	2582	1.4
1765	2829	1.0
1765	3030	4.5
1765	3201	1.4
1765	3730	1.4
1765	4181	1.4
1765	5071	1.1
1765	5547	1.3
1765	9285	3.7
1765	10615	1.2
1773	55	3.0
1773	89	3.0
1773	288	3.0
1773	292	3.0
1773	310	3.0
1773	318	3.0
1773	328	3.0
1773	405	3.0
1773	523	3.0
1773	538	3.0
1838	55	4.6
1838	57	1.0
1838	58	3.0
1838	65	2.0
1838	67	3.6
1838	81	1.6
1838	88	1.0
1838	89	2.0
1838	154	3.6
1838	167	2.4
1838	172	3.5
1838	195	1.9
1838	217	1.4
1838	227	1.2
1838	229	1.8
1838	285	5.0
1838	288	1.5
1838	292	2.2
1838	298	1.1
1838	310	2.0
1838	316	4.1
1838	511	1.1
1838	614	1.6
1838	622	1.9
1838	697	3.1
1838	888	1.9
1838	889	2.9
1838	891	2.4
1838	900	2.9
1838	903	1.9
1838	961	3.8
1838	1098	3.7
1838	1375	1.2
1838	1424	1.4
1838	1519	2.3
1838	1824	2.2
1838	2083	1.0
1838	2277	1.2
1838	2523	1.5
1838	3057	2.9
1838	3110	2.6
1838	3201	3.2
1838	3460	1.0
1838	3466	1.6
1838	4432	1.1
1838	4442	1.3
1838	4531	1.8
1838	4705	1.2
1838	4731	1.5
1838	9470	1.8
1869	7	1.4
1869	55	4.2
1869	67	4.6
1869	69	2.4
1869	72	2.6
1869	157	3.6
1869	172	1.9
1869	173	3.5
1869	226	1.7
1869	257	1.8
1869	285	5.0
1869	288	1.9
1869	289	3.1
1869	295	1.3
1869	299	1.3
1869	468	1.3
1869	535	1.1
1869	576	3.5
1869	578	1.1
1869	599	1.9
1869	601	1.4
1869	789	2.4
1869	913	1.2
1869	1104	2.5
1869	1122	2.3
1869	1406	1.9
1869	1427	1.1
1869	1475	1.1
1869	1795	1.6
1869	1820	3.0
1869	1825	1.9
1869	1826	2.8
1869	1843	1.7
1869	2179	1.7
1869	2308	1.8
1869	3313	2.2
1869	3503	2.3
1869	4348	1.7
1869	4919	1.4
1869	9734	2.1
1869	10130	1.0
1869	11338	1.4
1869	11339	2.4
1869	17275	2.9
1869	17276	2.8
1869	17277	2.6
1869	17278	2.6
1869	17279	1.6
1869	17280	1.1
1869	17281	1.0
1903	55	5.0
1903	58	1.9
1903	67	3.1
1903	89	2.9
1903	97	4.7
1903	157	1.6
1903	251	1.8
1903	285	1.4
1903	288	2.6
1903	289	2.9
1903	292	2.7
1903	295	2.2
1903	299	1.3
1903	301	1.3
1903	310	1.9
1903	323	1.6
1903	352	1.3
1903	466	2.2
1903	530	1.5
1903	532	1.9
1903	535	2.6
1903	538	1.9
1903	548	1.0
1903	690	2.7
1903	701	3.6
1903	789	1.5
1903	901	1.3
1903	903	2.7
1903	906	3.4
1903	970	1.2
1903	972	1.1
1903	1097	1.3
1903	1098	3.8
1903	1127	1.1
1903	1243	1.0
1903	1244	1.8
1903	1464	1.5
1903	1511	1.0
1903	1556	1.1
1903	1844	1.9
1903	1934	2.6
1903	2024	1.2
1903	2094	2.1
1903	2521	2.0
1903	3201	1.0
1903	3288	1.2
1903	3502	1.8
1903	4260	1.0
1903	14369	2.0
1903	17489	1.6
1909	7	1.2
1909	55	4.0
1909	67	3.7
1909	89	3.1
1909	172	3.5
1909	173	4.6
1909	209	1.7
1909	220	1.8
1909	227	2.4
1909	257	1.1
1909	289	4.7
1909	295	2.6
1909	300	1.4
1909	302	1.6
1909	306	1.0
1909	316	1.7
1909	325	1.6
1909	333	3.4
1909	377	2.9
1909	378	2.0
1909	453	1.6
1909	455	1.7
1909	459	1.8
1909	461	1.9
1909	467	1.1
1909	486	1.8
1909	498	3.5
1909	499	4.3
1909	511	1.2
1909	530	2.1
1909	535	1.7
1909	542	1.9
1909	680	1.0
1909	681	1.0
1909	962	4.0
1909	1045	3.1
1909	1453	1.1
1909	1505	5.0
1909	1601	3.3
1909	1874	1.4
1909	2346	1.0
1909	2352	1.4
1909	2523	1.8
1909	3200	2.3
1909	3205	1.3
1909	3739	2.8
1909	4802	1.4
1909	5966	3.3
1909	17532	2.7
1909	17533	1.6
1973	55	3.5
1973	65	1.1
1973	67	4.8
1973	89	2.5
1973	97	1.2
1973	157	5.0
1973	161	2.9
1973	166	3.6
1973	180	4.2
1973	257	4.0
1973	265	3.5
1973	285	1.7
1973	288	2.0
1973	289	4.7
1973	291	2.1
1973	292	3.7
1973	294	2.4
1973	295	2.1
1973	299	1.6
1973	300	2.4
1973	301	1.1
1973	302	2.9
1973	310	1.5
1973	311	1.4
1973	316	3.6
1973	333	1.3
1973	378	1.0
1973	455	1.3
1973	465	2.2
1973	475	2.1
1973	518	1.7
1973	534	1.8
1973	641	2.3
1973	680	1.2
1973	697	2.2
1973	701	3.0
1973	714	1.2
1973	903	1.4
1973	930	3.4
1973	1001	1.7
1973	1081	3.6
1973	1098	2.9
1973	1104	2.1
1973	1114	1.7
1973	1300	1.5
1973	1505	2.2
1973	1556	1.0
1973	1601	2.2
1973	1714	1.0
1973	3177	1.5
1979	55	4.1
1979	58	1.2
1979	67	5.0
1979	89	3.8
1979	97	3.3
1979	157	3.3
1979	192	2.9
1979	257	2.6
1979	258	1.3
1979	288	3.2
1979	289	3.8
1979	292	3.4
1979	295	2.1
1979	298	2.1
1979	300	3.4
1979	301	1.8
1979	306	1.1
1979	310	1.7
1979	320	1.3
1979	333	2.2
1979	340	4.0
1979	386	1.2
1979	461	1.5
1979	475	1.2
1979	523	1.7
1979	525	1.3
1979	534	1.1
1979	548	2.1
1979	679	1.9
1979	689	1.1
1979	697	1.0
1979	704	1.5
1979	889	3.6
1979	903	2.7
1979	985	2.2
1979	1081	2.0
1979	1098	1.4
1979	1379	1.5
1979	1463	2.1
1979	1464	2.3
1979	1580	1.9
1979	1934	4.6
1979	2521	1.9
1979	3129	1.7
1979	3322	2.8
1979	3404	2.1
1979	5149	1.4
1979	6710	1.5
1979	7348	2.1
1979	17993	1.1
2058	55	3.3
2058	67	5.0
2058	69	2.8
2058	71	2.1
2058	89	3.5
2058	183	2.0
2058	288	2.3
2058	289	3.3
2058	299	2.1
2058	300	2.9
2058	302	3.8
2058	306	1.9
2058	328	1.4
2058	333	1.6
2058	342	1.2
2058	349	1.6
2058	362	3.0
2058	412	1.3
2058	485	2.0
2058	525	1.6
2058	536	1.1
2058	715	2.8
2058	722	1.6
2058	903	2.1
2058	906	2.2
2058	1009	1.3
2058	1076	1.2
2058	1081	2.5
2058	1380	1.9
2058	1406	1.9
2058	1463	1.4
2058	1576	1.3
2058	1604	1.4
2058	1613	1.0
2058	1984	1.9
2058	2446	1.0
2058	2829	1.2
2058	3500	1.2
2058	3502	1.3
2058	3861	1.9
2058	3951	1.1
2058	4257	1.3
2058	4309	1.8
2058	4565	2.5
2058	5787	2.3
2058	9932	1.4
2058	15574	1.0
2058	18460	1.3
2058	18461	1.1
2058	18462	1.0
2068	55	3.2
2068	89	3.6
2068	161	1.8
2068	180	1.0
2068	228	2.2
2068	265	3.4
2068	300	4.3
2068	302	1.2
2068	378	1.1
2068	386	3.7
2068	389	1.8
2068	518	3.3
2068	535	3.2
2068	637	2.5
2068	641	2.7
2068	676	2.6
2068	680	1.3
2068	696	1.1
2068	701	1.4
2068	967	1.6
2068	968	1.4
2068	972	5.0
2068	1424	1.6
2068	1590	1.4
2068	2022	1.2
2068	2067	1.2
2068	2934	1.0
2068	3307	1.2
2068	3466	1.5
2068	3489	2.5
2068	3763	1.5
2068	3890	1.7
2068	4143	1.3
2068	4254	2.2
2068	6429	4.4
2068	6517	1.7
2068	8002	1.0
2068	8021	1.0
2068	8042	1.6
2068	8290	1.7
2068	9234	1.8
2068	10074	2.0
2068	10640	2.2
2068	10677	1.7
2068	11581	2.0
2068	14628	1.4
2068	15236	1.3
2068	18548	3.5
2068	18549	1.6
2068	18550	1.4
