userID	artistID	rating
38	56	2.5
38	65	5.0
38	88	4.1
38	89	1.7
38	176	1.8
38	182	3.8
38	187	1.7
38	190	2.9
38	203	3.1
38	227	2.8
38	228	3.0
38	229	4.2
38	288	1.0
38	298	1.8
38	300	2.7
38	306	2.0
38	333	2.5
38	342	2.3
38	344	2.8
38	366	2.1
38	421	2.7
38	466	2.2
38	486	1.2
38	489	1.2
38	498	4.6
38	511	3.9
38	533	3.6
38	562	1.8
38	614	1.3
38	679	4.0
38	689	3.0
38	691	2.0
38	701	2.3
38	951	2.5
38	959	2.5
38	982	4.4
38	1090	2.4
38	1151	1.5
38	1239	2.5
38	1240	2.5
38	1241	2.4
38	1242	2.1
38	1243	1.8
38	1244	1.6
38	1245	1.6
38	1246	1.5
38	1247	1.4
38	1248	1.3
38	1249	1.0
42	65	4.7
42	89	1.0
42	154	4.5
42	173	1.7
42	182	3.3
42	184	3.1
42	190	5.0
42	191	1.4
42	204	3.4
42	221	3.4
42	225	1.6
42	228	1.3
42	229	4.1
42	288	2.0
42	289	1.7
42	291	2.6
42	302	2.2
42	319	1.1
42	377	1.5
42	378	3.9
42	425	1.8
42	472	1.4
42	511	1.1
42	534	1.2
42	538	3.4
42	689	2.1
42	962	1.1
42	966	3.0
42	1048	1.1
42	1052	1.3
42	1090	2.7
42	1375	3.9
42	1376	3.1
42	1377	2.9
42	1378	2.4
42	1379	2.3
42	1380	2.2
42	1381	2.2
42	1382	2.1
42	1383	2.1
42	1384	1.9
42	1385	1.5
42	1386	1.3
42	1387	1.3
42	1388	1.3
42	1389	1.2
42	1390	1.2
42	1391	1.1
42	1392	1.0
42	1393	1.0
62	51	2.8
62	54	1.6
62	64	1.4
62	65	3.1
62	70	1.2
62	72	5.0
62	75	1.0
62	81	1.2
62	154	2.3
62	173	2.7
62	182	3.4
62	187	2.1
62	189	1.8
62	190	2.6
62	191	1.8
62	220	1.4
62	221	1.3
62	227	1.1
62	234	2.6
62	238	2.3
62	310	1.7
62	378	1.9
62	533	1.2
62	868	2.3
62	961	1.6
62	1072	2.3
62	1097	1.4
62	1306	1.9
62	1375	2.7
62	1384	1.7
62	1713	2.1
62	1784	2.9
62	1785	2.3
62	1786	1.8
62	1787	1.8
62	1788	1.5
62	1789	1.5
62	1790	1.5
62	1791	1.4
62	1792	1.4
62	1793	1.4
62	1794	1.4
62	1795	1.3
62	1796	1.2
62	1797	1.2
62	1798	1.2
62	1799	1.1
62	1800	1.1
62	1801	1.1
62	1802	1.0
174	65	3.9
174	184	1.7
174	191	2.1
174	204	2.1
174	206	1.8
174	217	3.6
174	220	2.3
174	229	2.0
174	329	1.3
174	403	1.7
174	463	1.3
174	511	2.0
174	683	5.0
174	728	2.7
174	868	1.1
174	907	2.5
174	945	1.0
174	982	1.0
174	1043	1.5
174	1116	2.3
174	1375	3.0
174	1377	2.5
174	1415	1.4
174	1639	1.9
174	1643	3.6
174	1866	1.4
174	2051	1.4
174	2121	1.2
174	2436	1.4
174	2442	2.2
174	2453	1.7
174	2783	1.4
174	2834	2.0
174	3097	2.0
174	3171	1.7
174	3427	2.4
174	3466	1.6
174	3617	2.9
174	3748	4.4
174	3749	2.6
174	3750	2.6
174	3751	2.1
174	3752	1.6
174	3753	1.5
174	3754	1.5
174	3755	1.3
174	3756	1.3
174	3757	1.3
174	3758	1.2
174	3759	1.2
266	51	1.1
266	65	3.4
266	71	4.2
266	155	1.5
266	159	2.1
266	171	3.3
266	173	2.1
266	182	4.9
266	184	3.3
266	185	1.8
266	187	1.9
266	190	2.1
266	203	4.4
266	221	5.0
266	229	4.3
266	360	1.9
266	511	2.6
266	533	3.6
266	538	2.4
266	620	3.0
266	712	1.2
266	716	2.3
266	734	1.0
266	851	2.6
266	905	1.2
266	962	2.1
266	969	1.4
266	1090	1.5
266	1375	3.6
266	1377	1.7
266	1381	1.1
266	1383	1.3
266	1384	2.5
266	1385	1.6
266	1505	2.6
266	1795	1.3
266	1892	1.0
266	2444	1.3
266	2614	2.5
266	3071	1.2
266	3119	1.5
266	3171	1.1
266	3255	1.4
266	3273	1.6
266	3466	1.6
266	3676	1.7
266	4996	4.8
266	4997	2.6
266	4998	1.7
266	4999	1.1
315	53	1.7
315	56	3.3
315	65	5.0
315	88	1.9
315	89	1.6
315	154	3.5
315	173	1.8
315	190	4.3
315	199	2.7
315	203	1.2
315	207	2.7
315	209	1.4
315	220	1.6
315	227	3.5
315	228	3.1
315	229	2.9
315	230	2.5
315	298	1.5
315	300	2.0
315	302	1.5
315	306	1.8
315	316	1.7
315	328	2.7
315	331	1.0
315	377	2.2
315	424	1.4
315	475	1.3
315	486	1.6
315	511	1.0
315	525	1.9
315	526	1.4
315	533	2.5
315	534	2.3
315	546	2.0
315	614	1.3
315	679	2.0
315	689	2.9
315	701	1.3
315	709	1.2
315	903	2.3
315	982	1.9
315	1090	2.0
315	1375	1.1
315	1379	1.4
315	1398	2.7
315	1673	1.2
315	2083	1.7
315	2277	1.7
315	3200	1.6
315	4818	1.1
335	55	1.2
335	65	4.2
335	67	2.8
335	89	3.0
335	166	1.2
335	184	2.3
335	204	5.0
335	251	1.1
335	257	2.6
335	261	1.1
335	270	2.2
335	283	1.8
335	288	1.0
335	289	2.4
335	292	3.9
335	295	3.1
335	300	1.0
335	316	1.4
335	323	2.2
335	340	1.0
335	349	1.2
335	378	1.3
335	456	2.8
335	458	1.6
335	481	1.5
335	486	1.1
335	518	2.7
335	575	1.2
335	646	1.8
335	674	2.2
335	679	2.5
335	689	3.3
335	704	2.3
335	913	1.1
335	955	1.6
335	1662	1.3
335	1688	2.3
335	1934	3.5
335	2059	2.7
335	2102	3.1
335	2419	1.9
335	2786	3.1
335	3324	3.3
335	3874	2.2
335	5464	3.9
335	5786	3.0
335	5787	2.1
335	5788	1.8
335	5789	1.7
335	5790	1.2
383	56	1.2
383	65	5.0
383	88	4.4
383	154	3.4
383	171	2.7
383	172	1.6
383	182	1.0
383	184	1.0
383	190	1.8
383	191	1.1
383	203	3.2
383	221	3.2
383	229	3.4
383	230	1.6
383	237	1.4
383	293	2.6
383	311	1.1
383	333	2.7
383	362	1.6
383	420	1.4
383	461	2.3
383	498	4.1
383	499	1.1
383	538	2.7
383	546	1.0
383	680	3.7
383	693	2.7
383	701	1.6
383	757	1.2
383	790	1.8
383	898	1.5
383	962	1.3
383	972	1.0
383	1059	1.7
383	1090	1.3
383	1239	1.2
383	1432	3.0
383	1433	1.0
383	1443	1.2
383	1520	1.4
383	1632	3.0
383	1768	1.2
383	1772	1.6
383	3187	1.4
383	3205	2.5
383	3255	1.6
383	5147	1.0
383	5149	2.1
383	6345	2.1
383	6346	1.1
385	56	1.0
385	65	3.6
385	89	3.4
385	173	1.4
385	182	1.2
385	190	1.6
385	191	3.9
385	217	1.0
385	228	1.9
385	230	1.4
385	288	1.2
385	289	4.2
385	291	3.2
385	292	1.9
385	300	2.6
385	302	1.2
385	304	1.4
385	306	3.3
385	316	2.1
385	318	1.7
385	321	1.8
385	324	2.5
385	325	2.3
385	333	2.0
385	344	4.8
385	377	2.3
385	386	1.2
385	461	5.0
385	464	1.7
385	466	2.7
385	472	3.3
385	486	2.4
385	498	4.3
385	518	1.2
385	544	1.2
385	679	1.5
385	680	2.4
385	681	3.4
385	686	1.6
385	692	1.4
385	704	2.1
385	907	2.0
385	966	1.6
385	1043	2.5
385	1246	1.3
385	1377	1.7
385	1470	2.2
385	2071	1.4
385	2498	2.6
385	2607	1.3
461	52	1.0
461	65	3.5
461	67	1.9
461	70	2.1
461	72	1.5
461	86	2.1
461	157	1.9
461	220	1.1
461	227	1.6
461	333	1.4
461	511	5.0
461	521	1.7
461	538	2.2
461	715	1.8
461	734	2.5
461	913	1.3
461	962	1.1
461	986	1.2
461	993	2.1
461	1375	2.6
461	1410	1.7
461	1464	1.6
461	1772	1.5
461	1795	1.3
461	2018	1.0
461	2067	1.7
461	2277	1.8
461	2668	1.2
461	2742	1.1
461	2900	1.5
461	3302	2.5
461	3763	1.6
461	5447	1.1
461	6396	1.6
461	6789	1.5
461	7128	3.3
461	7129	1.9
461	7130	1.9
461	7131	1.7
461	7132	1.7
461	7133	1.6
461	7134	1.6
461	7135	1.5
461	7136	1.5
461	7137	1.5
461	7138	1.5
461	7139	1.1
461	7140	1.1
461	7141	1.1
461	7142	1.1
465	56	1.2
465	65	3.1
465	67	1.1
465	72	1.0
465	88	1.3
465	89	2.8
465	154	3.5
465	155	1.3
465	190	4.1
465	199	3.0
465	203	2.9
465	207	3.2
465	220	1.1
465	223	1.4
465	226	3.3
465	228	2.6
465	229	1.6
465	230	3.8
465	233	4.9
465	424	3.9
465	425	1.8
465	434	2.3
465	436	1.0
465	443	1.0
465	511	1.8
465	533	5.0
465	709	3.1
465	716	2.7
465	757	1.1
465	969	5.0
465	1090	4.5
465	1099	1.1
465	1151	1.9
465	1376	1.4
465	1384	1.3
465	1390	2.1
465	1398	1.1
465	1400	2.2
465	1510	3.6
465	1511	1.4
465	1520	1.0
465	1777	1.4
465	1964	1.2
465	2405	1.5
465	2535	2.0
465	2587	1.5
465	2823	1.8
465	4115	1.4
465	6054	1.4
465	6464	1.1
628	53	4.1
628	59	1.9
628	64	2.5
628	65	3.6
628	72	3.4
628	84	1.6
628	88	2.8
628	154	2.5
628	159	2.9
628	182	2.0
628	184	1.5
628	190	3.0
628	207	3.1
628	210	3.1
628	225	1.4
628	229	2.7
628	418	1.7
628	424	3.0
628	432	4.2
628	436	1.0
628	441	1.7
628	444	2.4
628	447	1.1
628	450	1.5
628	533	3.4
628	604	4.7
628	606	2.2
628	757	1.8
628	1061	3.2
628	1094	2.1
628	1106	2.0
628	1109	2.4
628	1239	4.6
628	1242	2.5
628	1396	1.7
628	1964	5.0
628	1986	4.3
628	1988	2.1
628	2605	1.2
628	2610	1.3
628	3026	3.1
628	6074	1.2
628	6217	3.5
628	8700	3.3
628	8701	2.3
628	8702	1.4
628	8703	1.3
628	8704	1.2
628	8705	1.1
628	8706	1.0
631	65	5.0
631	154	2.5
631	182	1.8
631	184	1.2
631	190	2.8
631	198	3.3
631	207	3.9
631	212	1.2
631	217	3.3
631	225	2.6
631	227	2.5
631	228	3.6
631	229	2.1
631	230	2.4
631	234	1.7
631	424	3.6
631	439	1.0
631	511	1.3
631	533	1.6
631	614	1.1
631	706	3.4
631	707	4.3
631	708	1.5
631	709	1.6
631	716	2.6
631	726	1.1
631	917	3.9
631	918	1.0
631	922	1.5
631	959	1.2
631	982	1.9
631	1048	3.4
631	1090	1.6
631	1098	1.1
631	1338	1.8
631	1358	2.0
631	1372	1.4
631	1375	1.6
631	1406	1.5
631	1412	1.3
631	1415	1.9
631	1512	2.7
631	1515	2.8
631	1873	3.4
631	1988	2.1
631	2009	1.7
631	2343	1.3
631	2344	1.8
631	2346	1.4
631	8710	4.9
670	55	1.9
670	56	1.5
670	65	5.0
670	84	2.9
670	88	2.6
670	154	2.9
670	167	2.0
670	182	1.2
670	206	1.5
670	207	2.3
670	228	1.3
670	229	2.2
670	298	1.4
670	310	2.2
670	535	4.5
670	546	2.1
670	716	1.1
670	903	2.4
670	969	1.3
670	1048	3.7
670	1055	3.0
670	1090	1.9
670	1106	1.6
670	1155	1.0
670	1376	1.6
670	1400	1.0
670	1409	2.0
670	1486	2.0
670	1934	1.2
670	1941	1.9
670	1954	2.4
670	1982	1.8
670	1986	1.5
670	2132	1.7
670	2137	3.2
670	2521	2.0
670	2544	1.5
670	2582	1.1
670	3237	3.5
670	3288	2.1
670	3730	3.1
670	3731	3.2
670	4706	2.6
670	5045	4.3
670	5428	1.6
670	7445	1.5
670	9160	3.4
670	9161	1.8
670	9162	1.6
670	9163	1.1
688	55	1.1
688	65	4.7
688	67	1.1
688	70	1.6
688	89	2.2
688	95	1.0
688	99	1.1
688	182	4.6
688	184	1.3
688	190	4.6
688	207	2.7
688	209	4.1
688	220	1.4
688	227	4.2
688	228	2.1
688	229	5.0
688	230	1.5
688	288	1.1
688	292	1.8
688	316	2.7
688	329	2.6
688	333	2.8
688	344	3.0
688	349	1.4
688	362	2.3
688	377	1.8
688	378	1.4
688	412	1.1
688	424	2.9
688	428	1.1
688	455	1.3
688	466	1.3
688	498	1.4
688	511	4.6
688	528	1.5
688	533	2.0
688	679	3.5
688	681	4.3
688	689	1.1
688	885	3.1
688	1048	2.6
688	1090	1.5
688	1249	2.0
688	1377	1.2
688	1934	1.6
688	2130	2.0
688	4818	1.8
688	7194	4.4
688	7888	2.0
688	9277	1.8
818	7	1.6
818	65	3.3
818	154	1.8
818	182	1.3
818	190	3.9
818	207	2.4
818	209	1.8
818	210	1.8
818	220	1.8
818	229	3.5
818	230	2.4
818	366	5.0
818	377	1.9
818	412	2.7
818	475	1.7
818	489	1.5
818	498	1.4
818	614	3.0
818	707	2.1
818	716	1.0
818	808	1.0
818	917	1.9
818	959	1.9
818	1048	3.7
818	1090	1.7
818	1151	2.4
818	1179	3.0
818	1186	4.7
818	1198	1.8
818	1390	3.2
818	1400	1.0
818	1406	3.2
818	1639	1.8
818	1778	1.5
818	1966	1.0
818	2131	1.6
818	3945	2.5
818	4196	4.0
818	4435	1.9
818	4616	2.6
818	4821	2.0
818	7260	1.4
818	7283	2.0
818	8262	2.2
818	8577	1.7
818	9831	1.2
818	10325	4.2
818	10326	2.7
818	10327	1.4
818	10328	1.2
864	51	1.9
864	65	3.3
864	67	1.4
864	89	1.5
864	154	3.5
864	166	2.0
864	180	1.0
864	190	3.0
864	193	1.8
864	198	2.1
864	203	1.6
864	206	1.6
864	207	3.2
864	220	2.9
864	227	3.0
864	228	3.6
864	234	2.2
864	289	2.6
864	316	1.4
864	333	1.4
864	424	2.1
864	425	1.2
864	436	2.1
864	439	1.1
864	453	5.0
864	498	1.7
864	511	1.0
864	533	1.1
864	534	1.0
864	540	1.2
864	546	1.7
864	615	1.8
864	679	3.0
864	703	1.1
864	709	1.1
864	714	1.3
864	715	1.2
864	790	2.6
864	959	1.5
864	1048	1.7
864	1079	1.4
864	1098	4.1
864	1400	1.1
864	2343	1.0
864	2346	2.3
864	3057	2.2
864	3200	1.5
864	3298	2.1
864	3400	1.1
864	3557	1.6
904	7	1.1
904	65	4.2
904	71	2.6
904	72	3.4
904	173	3.3
904	190	5.0
904	220	1.8
904	228	1.7
904	295	1.8
904	377	1.7
904	378	1.7
904	486	2.0
904	498	2.2
904	510	1.7
904	511	3.9
904	518	2.3
904	689	2.2
904	715	1.3
904	722	1.7
904	867	2.1
904	910	3.8
904	968	1.4
904	1034	1.4
904	1055	1.6
904	1075	2.6
904	1375	1.6
904	1379	1.5
904	1380	1.2
904	1406	1.4
904	1455	1.3
904	1632	1.2
904	1787	3.4
904	1793	2.0
904	1873	1.7
904	1874	1.2
904	1892	1.0
904	1905	1.1
904	1934	1.6
904	3320	2.1
904	4257	1.1
904	4918	1.8
904	4923	2.8
904	4927	1.7
904	5001	1.1
904	5153	1.0
904	6177	1.5
904	10959	1.5
904	10960	1.2
904	10961	1.2
904	10962	1.0
922	57	3.9
922	58	1.1
922	65	3.0
922	72	2.7
922	88	2.4
922	95	1.0
922	137	1.2
922	154	5.0
922	166	3.8
922	173	2.1
922	182	3.5
922	183	1.0
922	237	1.0
922	238	2.6
922	418	1.5
922	444	1.4
922	511	1.5
922	858	1.5
922	1089	1.5
922	1098	2.4
922	1375	1.5
922	1735	1.6
922	1787	1.9
922	1790	2.2
922	1800	2.9
922	1983	1.0
922	2605	1.8
922	2616	1.5
922	2935	1.1
922	3164	1.9
922	3280	4.4
922	3290	3.8
922	3676	1.6
922	3681	4.2
922	3884	3.4
922	4049	1.4
922	4230	2.2
922	4865	1.0
922	5542	1.7
922	6231	2.2
922	6756	2.0
922	7382	1.7
922	7644	1.0
922	10479	4.2
922	11048	3.4
922	11049	2.4
922	11050	1.9
922	11051	1.5
922	11052	1.3
922	11053	1.1
971	65	3.9
971	159	1.0
971	198	1.8
971	209	2.3
971	220	1.2
971	229	1.9
971	230	1.9
971	306	2.1
971	333	2.4
971	344	1.3
971	377	3.3
971	412	4.3
971	464	1.3
971	486	5.0
971	498	2.1
971	540	2.4
971	687	2.2
971	705	2.7
971	708	2.7
971	966	1.9
971	1043	1.8
971	1044	2.6
971	1046	3.8
971	1047	4.2
971	1246	1.5
971	1375	1.4
971	1415	1.0
971	1470	2.8
971	1673	1.3
971	1681	3.5
971	2080	1.1
971	2352	1.3
971	2625	1.0
971	3378	2.9
971	3379	1.3
971	3741	1.3
971	4850	4.5
971	5099	1.8
971	6120	2.6
971	6647	1.9
971	8728	1.5
971	8732	2.8
971	9183	1.3
971	9185	1.9
971	11154	1.4
971	11470	2.3
971	11471	2.3
971	11472	1.5
971	11473	1.2
971	11474	1.2
999	65	3.4
999	152	3.3
999	154	2.5
999	188	1.8
999	190	3.1
999	227	1.4
999	233	1.0
999	234	1.8
999	321	3.4
999	344	1.8
999	355	1.1
999	377	3.0
999	418	2.1
999	461	2.4
999	486	1.9
999	498	1.7
999	506	3.8
999	511	2.9
999	533	1.8
999	538	2.6
999	679	2.5
999	681	3.3
999	755	2.7
999	910	1.5
999	920	5.0
999	964	2.8
999	1110	1.9
999	1116	2.2
999	1118	2.5
999	1132	2.5
999	1172	1.3
999	1413	2.2
999	1470	2.0
999	1705	2.9
999	2006	2.6
999	2014	2.8
999	2151	2.1
999	2574	1.9
999	2775	2.7
999	3417	2.1
999	3779	1.4
999	3900	2.3
999	3901	2.3
999	3940	2.0
999	3998	2.4
999	6957	1.8
999	8690	2.1
999	9716	1.1
999	10472	2.1
999	11703	1.9
1015	65	3.7
1015	196	3.2
1015	217	1.3
1015	310	1.3
1015	366	1.8
1015	602	2.0
1015	606	2.2
1015	622	5.0
1015	701	1.3
1015	1375	2.1
1015	1377	1.1
1015	1383	2.1
1015	1725	1.9
1015	1772	2.2
1015	2277	1.7
1015	2425	3.7
1015	2440	2.1
1015	2458	1.2
1015	2693	1.9
1015	3078	1.6
1015	3258	2.6
1015	3617	3.3
1015	3670	2.1
1015	3706	1.4
1015	3750	1.6
1015	4121	3.1
1015	4177	3.3
1015	4361	2.4
1015	5480	1.4
1015	5972	1.7
1015	6298	1.0
1015	6602	1.5
1015	9707	1.2
1015	10381	1.5
1015	11223	1.5
1015	11267	2.5
1015	11797	4.4
1015	11798	2.4
1015	11799	2.1
1015	11800	1.8
1015	11801	1.7
1015	11802	1.6
1015	11803	1.5
1015	11804	1.5
1015	11805	1.5
1015	11806	1.4
1015	11807	1.4
1015	11808	1.3
1015	11809	1.3
1015	11810	1.0
1052	56	1.5
1052	65	3.2
1052	107	1.6
1052	225	2.1
1052	227	1.4
1052	228	5.0
1052	234	3.3
1052	407	1.9
1052	418	2.4
1052	427	3.1
1052	436	1.2
1052	454	3.2
1052	486	2.2
1052	501	1.2
1052	567	1.4
1052	585	1.2
1052	703	1.9
1052	709	3.3
1052	857	1.1
1052	1094	2.3
1052	1151	2.4
1052	1206	1.7
1052	1239	1.2
1052	1376	3.4
1052	1390	1.3
1052	1513	4.1
1052	1731	1.3
1052	2611	3.5
1052	3279	1.5
1052	3467	1.2
1052	4155	3.0
1052	4384	4.0
1052	5423	2.4
1052	5746	1.7
1052	5925	1.8
1052	6037	1.1
1052	6824	1.5
1052	7324	1.4
1052	7642	3.6
1052	8587	1.1
1052	12007	5.0
1052	12008	2.4
1052	12009	2.3
1052	12010	2.0
1052	12011	2.0
1052	12012	1.9
1052	12013	1.5
1052	12014	1.3
1052	12015	1.2
1052	12016	1.0
1134	65	4.4
1134	81	1.0
1134	154	1.4
1134	183	2.0
1134	190	1.7
1134	191	2.0
1134	234	1.0
1134	253	1.0
1134	300	3.7
1134	310	1.4
1134	321	2.7
1134	333	2.5
1134	471	3.0
1134	481	1.0
1134	497	1.7
1134	498	1.4
1134	510	2.0
1134	533	1.7
1134	567	2.0
1134	966	2.0
1134	1105	2.2
1134	1519	1.7
1134	1632	2.0
1134	1772	2.2
1134	2051	1.4
1134	2783	1.0
1134	3078	2.4
1134	3375	1.7
1134	3461	1.7
1134	3466	1.7
1134	3489	2.2
1134	3859	1.4
1134	3871	1.4
1134	4432	3.8
1134	5072	3.5
1134	6600	5.0
1134	8071	2.4
1134	9082	3.4
1134	10837	2.9
1134	12563	4.3
1134	12564	4.1
1134	12565	2.7
1134	12566	2.7
1134	12567	2.4
1134	12568	2.2
1134	12569	2.2
1134	12570	1.7
1134	12571	1.4
1134	12572	1.4
1134	12573	1.0
1219	58	4.0
1219	65	4.2
1219	67	3.9
1219	70	4.1
1219	172	2.5
1219	180	3.3
1219	182	1.7
1219	184	3.3
1219	187	2.4
1219	190	1.8
1219	191	2.2
1219	199	1.8
1219	207	2.5
1219	221	5.0
1219	222	3.7
1219	229	4.1
1219	230	1.6
1219	289	1.6
1219	300	2.7
1219	302	2.9
1219	306	1.9
1219	316	4.8
1219	318	1.0
1219	425	1.7
1219	511	1.8
1219	533	3.3
1219	535	1.1
1219	722	3.8
1219	962	2.3
1219	1062	3.9
1219	1375	2.4
1219	1377	4.2
1219	1470	4.1
1219	1505	3.4
1219	1934	1.0
1219	2521	2.6
1219	2544	4.8
1219	2783	1.6
1219	3057	1.5
1219	3676	2.8
1219	3706	2.2
1219	3753	3.6
1219	3763	2.3
1219	3871	4.2
1219	4308	1.7
1219	4435	3.3
1219	5790	1.3
1219	7321	2.3
1219	8674	1.4
1219	13232	2.0
1302	65	3.8
1302	97	1.4
1302	154	3.9
1302	190	2.0
1302	196	2.7
1302	204	1.4
1302	210	2.4
1302	212	2.6
1302	227	5.0
1302	229	2.8
1302	316	1.9
1302	355	4.0
1302	366	2.0
1302	418	1.6
1302	424	3.9
1302	428	1.4
1302	430	1.2
1302	439	4.3
1302	447	1.5
1302	615	2.7
1302	632	1.1
1302	683	3.2
1302	709	1.6
1302	716	1.8
1302	718	1.7
1302	858	1.4
1302	903	2.1
1302	1048	2.1
1302	1116	2.6
1302	1242	1.8
1302	1375	1.7
1302	1400	2.3
1302	1424	3.6
1302	1511	1.6
1302	1515	2.2
1302	1556	3.4
1302	1755	3.6
1302	1761	3.3
1302	1766	3.6
1302	2277	3.2
1302	3057	1.1
1302	3171	1.4
1302	3386	2.6
1302	3488	2.6
1302	3750	1.0
1302	5416	2.3
1302	5439	2.6
1302	5446	1.5
1302	8155	3.4
1302	13737	1.8
1339	65	5.0
1339	89	1.0
1339	154	1.2
1339	182	2.3
1339	190	2.1
1339	207	2.9
1339	217	1.3
1339	220	1.9
1339	227	2.7
1339	228	4.0
1339	229	2.7
1339	230	1.4
1339	303	1.5
1339	328	1.3
1339	333	2.3
1339	366	2.2
1339	377	1.3
1339	424	2.9
1339	498	5.0
1339	507	1.7
1339	512	1.1
1339	533	2.0
1339	538	1.5
1339	540	2.0
1339	546	1.0
1339	968	1.0
1339	1045	2.9
1339	1048	1.5
1339	1090	1.3
1339	1193	1.0
1339	1194	2.4
1339	1195	1.2
1339	1200	1.2
1339	1239	2.3
1339	1246	2.4
1339	1375	1.4
1339	1384	1.3
1339	1400	1.8
1339	2544	1.3
1339	2608	2.4
1339	2660	1.9
1339	2661	2.5
1339	2850	1.6
1339	2983	2.7
1339	4466	1.0
1339	4747	1.1
1339	9766	1.4
1339	13964	2.0
1339	13965	1.4
1339	13966	1.1
1372	7	2.7
1372	65	3.5
1372	72	2.2
1372	89	1.5
1372	159	1.8
1372	173	4.6
1372	182	1.9
1372	190	4.0
1372	207	5.0
1372	208	2.3
1372	217	1.3
1372	227	3.8
1372	229	3.8
1372	230	3.1
1372	298	2.9
1372	424	2.7
1372	428	1.5
1372	429	1.5
1372	432	1.3
1372	441	1.6
1372	486	3.2
1372	488	2.1
1372	498	2.3
1372	511	1.3
1372	526	2.1
1372	540	4.6
1372	716	1.1
1372	959	2.4
1372	986	1.5
1372	1048	2.1
1372	1075	3.9
1372	1090	1.1
1372	1091	1.1
1372	1097	1.4
1372	1104	1.2
1372	1246	2.5
1372	1398	2.6
1372	1512	3.6
1372	1714	1.7
1372	1789	2.3
1372	1874	2.3
1372	2131	3.5
1372	2137	1.5
1372	2665	1.7
1372	3053	1.0
1372	4905	2.0
1372	7008	1.9
1372	8830	1.6
1372	10208	1.2
1372	11170	1.4
1381	65	4.5
1381	103	1.0
1381	182	1.5
1381	229	1.1
1381	289	2.0
1381	292	1.0
1381	298	2.5
1381	362	3.7
1381	418	5.0
1381	423	1.5
1381	425	2.4
1381	444	2.7
1381	511	1.4
1381	602	1.3
1381	632	4.5
1381	703	1.4
1381	748	2.5
1381	757	4.4
1381	896	2.6
1381	1062	4.1
1381	1375	1.8
1381	1379	1.5
1381	1688	3.5
1381	1736	2.1
1381	1747	2.0
1381	1776	1.9
1381	1780	1.0
1381	2541	1.7
1381	2821	4.3
1381	3196	1.4
1381	3310	2.0
1381	3411	2.2
1381	3691	2.1
1381	3902	4.0
1381	4205	1.8
1381	5480	1.8
1381	5926	2.4
1381	5927	1.0
1381	6132	1.2
1381	6756	2.1
1381	6920	5.0
1381	10610	1.0
1381	10681	3.8
1381	11396	2.1
1381	11716	1.5
1381	11819	2.4
1381	13039	1.4
1381	14221	1.7
1381	14222	1.5
1381	14223	1.0
1383	53	1.6
1383	58	1.1
1383	65	3.1
1383	81	1.7
1383	154	5.0
1383	163	1.3
1383	182	1.7
1383	190	2.4
1383	203	1.2
1383	207	1.8
1383	217	1.7
1383	227	3.9
1383	228	1.7
1383	237	2.8
1383	418	2.4
1383	423	3.4
1383	604	2.5
1383	703	2.0
1383	733	1.3
1383	868	1.9
1383	962	1.2
1383	986	1.2
1383	1062	1.8
1383	1089	1.1
1383	1098	4.2
1383	1239	1.1
1383	1424	1.8
1383	1512	1.4
1383	1632	2.4
1383	1633	1.8
1383	2083	1.6
1383	2139	2.9
1383	2277	3.4
1383	2407	2.4
1383	3070	1.7
1383	3206	2.5
1383	3259	1.5
1383	4113	1.3
1383	5480	1.3
1383	8676	1.5
1383	8716	1.2
1383	10738	1.3
1383	11280	2.4
1383	13557	1.4
1383	13729	2.9
1383	14233	1.6
1383	14234	1.5
1383	14235	1.4
1383	14236	1.2
1383	14237	1.0
1387	63	1.1
1387	65	3.1
1387	162	2.3
1387	191	1.2
1387	295	1.5
1387	423	3.7
1387	471	2.4
1387	472	1.0
1387	486	2.3
1387	501	2.8
1387	531	3.0
1387	548	1.3
1387	606	2.6
1387	689	1.1
1387	691	3.0
1387	972	3.0
1387	982	2.0
1387	1075	2.7
1387	1151	2.6
1387	1198	1.0
1387	1375	2.5
1387	1377	3.4
1387	1383	4.2
1387	2521	2.1
1387	2582	1.3
1387	2607	3.9
1387	2610	1.4
1387	2612	2.2
1387	3255	1.2
1387	3411	1.8
1387	3475	2.1
1387	4385	2.1
1387	5071	2.2
1387	5111	1.7
1387	5480	3.2
1387	6594	2.1
1387	6596	1.4
1387	6604	1.2
1387	7194	1.4
1387	9578	1.9
1387	9977	2.5
1387	10327	1.6
1387	11155	1.1
1387	11728	2.8
1387	12544	2.4
1387	14259	5.0
1387	14260	2.7
1387	14261	2.5
1387	14262	1.6
1387	14263	1.1
1411	63	1.6
1411	65	4.0
1411	67	2.4
1411	154	5.0
1411	155	1.9
1411	163	3.9
1411	173	1.6
1411	184	1.5
1411	190	4.1
1411	212	1.3
1411	234	2.5
1411	238	3.0
1411	316	1.9
1411	730	1.6
1411	748	4.0
1411	868	1.7
1411	959	2.3
1411	1150	1.4
1411	1412	1.2
1411	1418	3.3
1411	1425	1.7
1411	1464	1.0
1411	1743	3.1
1411	1800	1.7
1411	2070	1.1
1411	2176	1.9
1411	3265	3.0
1411	3267	2.2
1411	3302	1.7
1411	3478	1.4
1411	3821	1.6
1411	3861	1.5
1411	4649	2.8
1411	5624	2.3
1411	8229	2.3
1411	10968	1.5
1411	11765	3.3
1411	12119	1.6
1411	12137	1.9
1411	14391	3.3
1411	14392	3.3
1411	14393	2.8
1411	14394	2.5
1411	14395	2.4
1411	14396	2.4
1411	14397	2.1
1411	14398	1.9
1411	14399	1.3
1411	14400	1.3
1411	14401	1.1
1414	65	3.8
1414	190	2.8
1414	217	2.2
1414	220	1.4
1414	228	1.7
1414	229	2.2
1414	371	1.0
1414	377	2.0
1414	436	5.0
1414	486	1.1
1414	490	1.2
1414	498	1.6
1414	499	1.7
1414	501	1.1
1414	533	1.5
1414	614	1.4
1414	715	1.1
1414	808	2.7
1414	978	1.1
1414	982	2.6
1414	1091	1.4
1414	1106	1.2
1414	1116	1.4
1414	1131	2.9
1414	1181	2.0
1414	1239	1.4
1414	1375	2.9
1414	1378	1.7
1414	1400	1.8
1414	1412	3.3
1414	1632	3.0
1414	1854	2.5
1414	1866	2.4
1414	1905	1.7
1414	2206	1.9
1414	2610	1.4
1414	2661	1.3
1414	2829	1.5
1414	2840	1.9
1414	2850	2.6
1414	3084	1.1
1414	3621	2.3
1414	3769	1.8
1414	3946	1.5
1414	4074	4.5
1414	4262	1.4
1414	5547	2.4
1414	7177	1.8
1414	7183	1.3
1414	7188	1.8
1419	65	4.4
1419	70	1.2
1419	71	1.4
1419	88	1.4
1419	182	4.5
1419	189	3.4
1419	198	1.4
1419	229	3.2
1419	298	1.8
1419	302	3.9
1419	331	2.0
1419	362	1.7
1419	377	2.4
1419	389	2.3
1419	475	4.1
1419	489	2.7
1419	503	1.7
1419	517	4.4
1419	518	1.9
1419	538	1.5
1419	691	5.0
1419	707	1.0
1419	1306	2.2
1419	1375	1.2
1419	1377	3.4
1419	1410	1.7
1419	1470	1.4
1419	1613	1.2
1419	1852	1.3
1419	1854	2.3
1419	2176	1.7
1419	2449	2.0
1419	2526	1.1
1419	2607	1.4
1419	2627	1.2
1419	2661	1.8
1419	3097	1.6
1419	3427	4.6
1419	3459	4.7
1419	3712	1.0
1419	3753	2.1
1419	3756	1.4
1419	3859	2.0
1419	5481	3.1
1419	6249	1.6
1419	9193	1.3
1419	10526	2.4
1419	11754	1.2
1419	14450	2.9
1419	14451	1.6
1424	65	5.0
1424	154	4.9
1424	159	4.1
1424	163	1.4
1424	182	4.2
1424	190	2.2
1424	199	2.1
1424	215	3.4
1424	220	1.5
1424	225	1.7
1424	227	4.6
1424	229	2.9
1424	418	3.6
1424	424	3.0
1424	429	4.1
1424	439	4.9
1424	498	1.1
1424	511	2.6
1424	604	4.5
1424	714	1.0
1424	813	2.6
1424	823	2.3
1424	986	2.9
1424	1045	3.1
1424	1151	2.5
1424	1185	1.7
1424	1239	1.0
1424	1242	2.3
1424	1377	1.7
1424	1414	1.0
1424	1541	2.9
1424	1755	2.4
1424	1761	1.8
1424	1766	1.0
1424	2531	1.9
1424	2608	1.3
1424	2661	2.0
1424	2850	1.0
1424	3026	1.2
1424	3411	1.3
1424	3468	1.6
1424	4170	1.4
1424	4828	1.8
1424	4831	1.0
1424	5444	2.2
1424	6132	1.6
1424	6772	2.5
1424	8710	1.5
1424	12957	1.9
1424	14473	1.7
1469	56	2.2
1469	65	3.3
1469	67	2.6
1469	88	1.9
1469	89	3.3
1469	154	2.4
1469	157	1.7
1469	163	2.7
1469	190	2.7
1469	191	1.4
1469	207	1.4
1469	209	2.7
1469	220	1.4
1469	227	2.6
1469	230	5.0
1469	234	2.7
1469	300	2.4
1469	302	1.7
1469	306	1.5
1469	329	1.1
1469	377	2.7
1469	424	1.5
1469	425	1.8
1469	464	1.4
1469	466	1.4
1469	475	2.2
1469	486	1.1
1469	500	1.9
1469	511	1.8
1469	533	2.3
1469	538	1.3
1469	544	1.3
1469	687	1.8
1469	691	1.2
1469	706	3.7
1469	707	1.7
1469	730	1.4
1469	951	2.8
1469	982	1.1
1469	1042	1.6
1469	1044	1.5
1469	1186	1.8
1469	1243	2.0
1469	1249	2.8
1469	1400	2.1
1469	1412	1.1
1469	2346	2.2
1469	2834	1.9
1469	9856	1.0
1469	14722	1.2
1486	65	3.8
1486	72	4.2
1486	85	2.9
1486	88	1.0
1486	152	2.8
1486	159	5.0
1486	203	4.7
1486	207	2.3
1486	220	2.0
1486	221	1.4
1486	230	3.0
1486	234	3.4
1486	329	1.2
1486	377	2.1
1486	424	2.5
1486	429	4.0
1486	432	1.3
1486	441	3.9
1486	493	1.8
1486	599	4.4
1486	709	2.4
1486	716	1.1
1486	851	3.4
1486	856	1.1
1486	868	3.9
1486	875	2.8
1486	969	3.1
1486	982	2.4
1486	1048	2.9
1486	1083	4.7
1486	1089	3.1
1486	1090	3.1
1486	1107	1.7
1486	1116	2.7
1486	1239	1.0
1486	1249	3.3
1486	1515	1.7
1486	1534	2.5
1486	2128	1.2
1486	2133	1.5
1486	2176	1.7
1486	2531	3.0
1486	2552	2.9
1486	2666	1.4
1486	3461	1.6
1486	3646	1.7
1486	4616	2.6
1486	5030	3.1
1486	6196	1.6
1486	14847	1.6
1509	65	5.0
1509	89	2.9
1509	190	3.3
1509	198	3.2
1509	207	3.6
1509	220	2.8
1509	229	4.0
1509	230	3.9
1509	234	2.8
1509	288	1.1
1509	289	1.9
1509	291	1.1
1509	295	2.4
1509	300	2.0
1509	306	2.6
1509	321	1.2
1509	328	1.9
1509	333	3.8
1509	377	3.3
1509	378	1.5
1509	461	1.2
1509	481	1.2
1509	498	4.6
1509	538	2.7
1509	540	3.0
1509	542	2.1
1509	903	1.4
1509	966	1.5
1509	982	2.5
1509	1045	1.0
1509	1116	2.5
1509	1241	2.1
1509	1246	2.3
1509	1377	2.3
1509	1406	1.8
1509	1673	1.8
1509	1681	1.2
1509	2080	3.3
1509	2835	1.7
1509	3378	3.9
1509	3859	1.5
1509	4463	2.1
1509	4471	2.0
1509	4474	2.3
1509	4484	1.2
1509	4828	2.6
1509	4850	1.1
1509	5226	1.5
1509	5594	2.2
1509	6480	1.1
1538	65	3.1
1538	154	5.0
1538	159	1.1
1538	163	1.6
1538	166	3.0
1538	172	1.7
1538	173	5.0
1538	190	3.0
1538	196	2.1
1538	198	2.2
1538	203	1.4
1538	206	1.5
1538	215	1.9
1538	221	1.9
1538	227	4.0
1538	228	1.6
1538	229	2.3
1538	412	2.2
1538	424	1.4
1538	450	2.2
1538	486	1.3
1538	506	3.4
1538	533	1.5
1538	602	1.4
1538	607	1.0
1538	851	1.5
1538	858	1.4
1538	903	2.7
1538	920	1.5
1538	955	1.5
1538	969	2.6
1538	1098	3.8
1538	1109	4.0
1538	1118	3.2
1538	1151	1.5
1538	1372	2.7
1538	1512	2.3
1538	1778	3.2
1538	1947	1.6
1538	2006	1.6
1538	2277	2.1
1538	2304	2.1
1538	2323	1.6
1538	2775	2.4
1538	2836	1.8
1538	10381	2.6
1538	14632	1.3
1538	15228	1.7
1538	15229	1.5
1538	15230	1.1
1545	59	2.0
1545	65	3.6
1545	154	3.4
1545	159	3.2
1545	166	2.4
1545	187	2.0
1545	199	1.4
1545	200	1.6
1545	225	2.3
1545	227	1.7
1545	229	3.2
1545	234	1.1
1545	316	1.8
1545	383	1.0
1545	389	1.1
1545	424	1.9
1545	425	1.9
1545	429	1.3
1545	439	3.5
1545	441	3.1
1545	450	2.3
1545	604	1.0
1545	705	1.6
1545	706	1.5
1545	714	1.3
1545	716	1.2
1545	840	1.3
1545	851	1.8
1545	859	1.1
1545	903	2.7
1545	932	2.0
1545	969	1.2
1545	1109	3.1
1545	1154	1.8
1545	1231	3.3
1545	1512	1.4
1545	1513	1.7
1545	2600	2.3
1545	2616	1.8
1545	2938	1.6
1545	3213	1.2
1545	4116	1.0
1545	5079	2.6
1545	5306	3.3
1545	5421	1.5
1545	6137	3.1
1545	7260	5.0
1545	7638	2.1
1545	15260	1.5
1545	15261	1.1
1546	65	3.1
1546	67	2.4
1546	72	3.7
1546	88	1.3
1546	89	1.2
1546	154	3.7
1546	159	2.8
1546	173	5.0
1546	190	4.4
1546	203	2.7
1546	207	1.5
1546	210	2.1
1546	217	4.6
1546	223	1.1
1546	225	4.3
1546	226	3.6
1546	229	2.1
1546	295	1.7
1546	298	3.4
1546	420	2.1
1546	424	2.4
1546	425	1.6
1546	429	2.5
1546	436	2.3
1546	439	1.5
1546	510	1.7
1546	537	2.7
1546	547	2.1
1546	680	1.3
1546	689	1.8
1546	716	2.8
1546	840	2.3
1546	903	1.1
1546	964	1.3
1546	972	1.9
1546	982	1.3
1546	989	1.0
1546	1090	1.3
1546	1116	3.2
1546	1195	3.5
1546	1988	1.0
1546	2544	2.3
1546	2815	1.4
1546	3475	1.2
1546	3739	1.4
1546	4435	3.3
1546	5307	1.9
1546	6295	3.0
1546	10963	2.1
1546	13431	2.6
1597	46	1.5
1597	56	2.3
1597	65	3.0
1597	70	1.8
1597	81	1.0
1597	96	1.1
1597	154	3.7
1597	159	1.2
1597	163	3.5
1597	172	1.8
1597	182	3.7
1597	197	2.8
1597	212	2.3
1597	217	2.9
1597	225	1.0
1597	227	5.0
1597	229	2.6
1597	298	3.4
1597	418	2.0
1597	421	1.8
1597	424	1.3
1597	425	1.6
1597	525	1.1
1597	599	3.5
1597	706	1.3
1597	715	1.9
1597	733	1.0
1597	735	4.0
1597	868	2.8
1597	1062	1.8
1597	1090	2.2
1597	1098	3.1
1597	1243	1.4
1597	1412	4.1
1597	1416	1.5
1597	1427	1.8
1597	1633	2.3
1597	1639	3.3
1597	2478	1.1
1597	3308	2.1
1597	3469	2.1
1597	3739	1.9
1597	3747	3.3
1597	5079	1.5
1597	7056	3.0
1597	8712	1.3
1597	12026	1.4
1597	15485	4.5
1597	15486	3.5
1597	15487	2.6
1688	52	1.8
1688	65	4.8
1688	81	2.7
1688	154	5.0
1688	173	2.0
1688	204	1.8
1688	237	3.3
1688	238	1.5
1688	246	2.2
1688	261	1.3
1688	316	1.8
1688	362	1.9
1688	423	4.9
1688	445	1.5
1688	526	1.1
1688	548	1.6
1688	622	1.8
1688	689	4.3
1688	690	1.3
1688	697	3.8
1688	703	3.7
1688	757	2.6
1688	961	3.3
1688	1098	4.1
1688	1116	1.8
1688	1135	3.2
1688	1383	3.0
1688	1486	1.7
1688	1609	2.8
1688	1781	1.6
1688	1934	1.2
1688	1983	1.4
1688	1990	3.0
1688	2277	3.6
1688	2433	1.2
1688	2544	1.4
1688	2605	1.8
1688	2988	1.4
1688	3057	1.5
1688	3110	4.1
1688	4153	2.6
1688	5184	1.4
1688	5914	2.9
1688	5942	1.4
1688	6032	1.6
1688	7349	2.5
1688	9484	2.8
1688	12023	2.6
1688	16051	2.0
1688	16052	1.0
1722	51	1.8
1722	55	3.0
1722	65	3.1
1722	67	5.0
1722	89	3.8
1722	97	1.0
1722	155	2.0
1722	161	1.2
1722	288	2.9
1722	289	3.4
1722	294	2.7
1722	295	2.6
1722	299	2.3
1722	300	2.0
1722	301	1.3
1722	302	1.0
1722	306	1.0
1722	310	2.5
1722	316	1.6
1722	327	1.4
1722	328	2.2
1722	329	2.0
1722	332	1.2
1722	352	1.7
1722	466	1.0
1722	485	1.1
1722	533	1.0
1722	535	1.1
1722	538	1.8
1722	641	1.8
1722	701	2.0
1722	907	1.7
1722	972	1.7
1722	1243	1.8
1722	1432	1.7
1722	1505	1.1
1722	3674	1.9
1722	4707	1.8
1722	5000	1.5
1722	5615	2.2
1722	5617	1.6
1722	5985	1.9
1722	7187	1.4
1722	8020	1.9
1722	10076	2.2
1722	15665	2.3
1722	16313	1.3
1722	16314	1.1
1722	16315	1.1
1722	16316	1.0
1744	65	3.7
1744	182	1.8
1744	366	2.8
1744	511	1.8
1744	533	3.7
1744	1375	1.8
1744	3112	5.0
1744	4109	2.3
1744	4446	2.3
1744	7194	2.3
1744	10969	1.0
1744	12726	3.7
1744	13102	1.0
1744	16412	4.4
1744	16413	1.0
1778	65	5.0
1778	72	2.1
1778	152	2.7
1778	154	4.7
1778	171	2.8
1778	173	2.1
1778	182	1.8
1778	190	3.8
1778	198	2.5
1778	207	3.0
1778	208	1.6
1778	210	1.9
1778	220	2.7
1778	221	1.9
1778	229	2.2
1778	234	1.4
1778	237	1.7
1778	298	2.0
1778	301	1.0
1778	377	1.2
1778	424	1.4
1778	428	2.1
1778	432	1.6
1778	475	1.9
1778	533	3.6
1778	615	3.2
1778	709	2.2
1778	716	3.1
1778	851	2.4
1778	959	1.0
1778	969	2.6
1778	1048	2.0
1778	1090	2.6
1778	1098	2.2
1778	1131	1.7
1778	1151	1.7
1778	1243	1.4
1778	1375	2.4
1778	1381	1.9
1778	1515	2.0
1778	1520	1.9
1778	2600	1.6
1778	2614	1.5
1778	2815	1.9
1778	3676	1.0
1778	5020	2.5
1778	7187	1.6
1778	7323	1.8
1778	9160	1.4
1778	16625	1.1
1781	65	3.5
1781	99	4.0
1781	193	2.9
1781	220	1.0
1781	227	3.8
1781	302	1.3
1781	366	3.7
1781	511	5.0
1781	565	1.0
1781	572	2.8
1781	583	2.2
1781	599	1.5
1781	735	1.2
1781	868	1.7
1781	959	1.2
1781	982	1.5
1781	1242	1.7
1781	1244	2.1
1781	1382	2.4
1781	1415	2.0
1781	2544	1.1
1781	2627	2.6
1781	2842	1.7
1781	2893	1.8
1781	3889	2.5
1781	4251	1.7
1781	4928	1.5
1781	6400	2.9
1781	6678	4.4
1781	7857	3.4
1781	8936	1.0
1781	9321	2.4
1781	11023	1.4
1781	12726	1.8
1781	13517	2.9
1781	16646	3.8
1781	16647	2.7
1781	16648	2.6
1781	16649	2.5
1781	16650	2.4
1781	16651	2.1
1781	16652	2.0
1781	16653	1.9
1781	16654	1.8
1781	16655	1.8
1781	16656	1.8
1781	16657	1.5
1781	16658	1.3
1781	16659	1.2
1781	16660	1.0
1795	55	2.5
1795	65	3.4
1795	67	4.6
1795	89	2.9
1795	97	1.3
1795	154	5.0
1795	155	2.8
1795	157	4.4
1795	190	1.7
1795	199	3.4
1795	229	2.6
1795	257	1.6
1795	265	1.8
1795	285	3.2
1795	288	3.6
1795	289	4.4
1795	292	1.9
1795	295	1.5
1795	296	2.5
1795	298	2.1
1795	299	1.4
1795	300	3.1
1795	301	2.0
1795	302	3.2
1795	306	1.4
1795	310	1.8
1795	352	2.4
1795	377	1.7
1795	389	2.1
1795	418	3.1
1795	458	1.0
1795	461	1.8
1795	465	2.2
1795	466	2.2
1795	468	1.1
1795	475	2.3
1795	485	2.8
1795	532	2.5
1795	548	1.6
1795	686	2.0
1795	689	1.7
1795	690	1.1
1795	906	3.7
1795	1098	4.3
1795	1390	1.9
1795	1400	3.2
1795	2083	2.6
1795	2521	1.7
1795	4566	1.5
1795	4710	1.8
1797	65	3.9
1797	154	3.7
1797	163	2.0
1797	173	3.5
1797	182	1.3
1797	190	5.0
1797	191	2.9
1797	199	1.8
1797	212	1.5
1797	217	2.5
1797	225	2.6
1797	226	1.7
1797	227	2.9
1797	228	4.0
1797	229	4.3
1797	355	1.0
1797	377	3.3
1797	418	1.8
1797	429	1.9
1797	441	2.2
1797	472	2.1
1797	486	2.7
1797	488	1.9
1797	622	1.5
1797	683	2.9
1797	703	1.3
1797	706	1.0
1797	707	1.2
1797	716	1.1
1797	718	1.1
1797	859	1.2
1797	964	2.3
1797	966	1.7
1797	982	1.5
1797	1116	1.9
1797	1375	2.8
1797	1376	2.6
1797	1377	2.2
1797	1414	1.1
1797	1518	1.1
1797	1854	3.0
1797	1873	1.3
1797	1974	1.3
1797	1988	1.6
1797	2535	1.6
1797	2607	1.9
1797	3255	1.3
1797	3400	2.3
1797	6231	1.3
1797	8155	1.6
1823	65	4.8
1823	154	1.8
1823	166	1.9
1823	182	1.7
1823	190	2.0
1823	227	3.2
1823	229	2.8
1823	300	2.6
1823	302	1.9
1823	316	3.9
1823	333	1.1
1823	366	1.5
1823	371	1.1
1823	377	2.2
1823	378	1.7
1823	389	1.5
1823	439	1.4
1823	464	2.6
1823	498	5.0
1823	499	2.1
1823	501	1.9
1823	511	3.4
1823	517	1.0
1823	542	3.1
1823	679	2.3
1823	967	1.5
1823	982	1.5
1823	1045	1.6
1823	1116	2.4
1823	1375	2.3
1823	1768	2.2
1823	1852	2.2
1823	2425	1.5
1823	2661	2.3
1823	3078	1.9
1823	4177	2.3
1823	4773	1.7
1823	5972	2.1
1823	6120	3.2
1823	6534	2.2
1823	6602	1.1
1823	7157	1.9
1823	8728	1.1
1823	8735	1.0
1823	9187	1.3
1823	11155	2.6
1823	12027	1.1
1823	16889	3.4
1823	16890	2.5
1823	16891	1.1
1875	65	3.0
1875	81	1.7
1875	154	4.1
1875	173	3.0
1875	195	4.2
1875	199	2.4
1875	217	3.4
1875	222	1.4
1875	225	1.2
1875	333	2.0
1875	359	3.5
1875	420	2.7
1875	423	2.1
1875	429	1.2
1875	450	1.6
1875	453	2.6
1875	599	1.6
1875	615	4.4
1875	697	1.7
1875	706	1.7
1875	757	2.1
1875	779	1.6
1875	898	5.0
1875	1300	1.3
1875	1378	1.4
1875	1389	2.5
1875	1854	1.6
1875	1873	1.8
1875	1983	1.2
1875	1990	3.1
1875	2014	1.8
1875	2059	2.5
1875	2850	1.3
1875	3258	1.2
1875	3616	1.6
1875	3714	2.1
1875	3739	1.4
1875	3902	2.0
1875	4205	1.4
1875	4436	1.7
1875	7264	1.0
1875	8274	1.8
1875	10613	1.6
1875	11236	2.8
1875	11416	2.5
1875	11603	2.1
1875	17304	4.3
1875	17305	1.7
1875	17306	1.4
1875	17307	1.0
1966	65	3.0
1966	154	1.2
1966	166	1.0
1966	190	3.2
1966	198	1.8
1966	209	1.6
1966	220	2.3
1966	221	1.1
1966	229	3.3
1966	230	5.0
1966	234	2.9
1966	316	1.4
1966	366	2.1
1966	371	2.4
1966	378	1.6
1966	412	2.6
1966	424	2.1
1966	472	3.3
1966	488	1.5
1966	490	1.0
1966	533	3.8
1966	536	3.1
1966	614	1.7
1966	683	1.6
1966	689	1.8
1966	716	1.4
1966	720	1.1
1966	808	1.8
1966	966	1.9
1966	982	3.1
1966	1048	2.2
1966	1126	1.0
1966	1375	1.4
1966	1377	1.3
1966	1406	1.4
1966	1470	1.1
1966	1639	1.5
1966	1672	2.2
1966	1854	1.2
1966	1866	1.6
1966	1874	1.1
1966	2539	1.1
1966	3097	2.5
1966	3754	2.2
1966	3859	2.4
1966	6391	2.1
1966	6678	1.1
1966	7406	3.3
1966	17916	2.0
1966	17917	1.0
1980	63	1.1
1980	65	3.1
1980	190	3.5
1980	204	3.1
1980	217	2.6
1980	227	4.1
1980	231	2.1
1980	316	2.1
1980	344	1.1
1980	355	3.9
1980	366	3.9
1980	377	1.7
1980	498	1.1
1980	511	1.2
1980	554	2.3
1980	602	3.6
1980	614	2.4
1980	618	4.1
1980	683	5.0
1980	689	1.3
1980	706	1.4
1980	733	1.9
1980	892	2.7
1980	963	1.5
1980	982	1.0
1980	1390	2.3
1980	1511	1.9
1980	1609	1.5
1980	1743	3.7
1980	1772	2.1
1980	1778	3.3
1980	3771	1.1
1980	4618	3.3
1980	5432	3.4
1980	5754	1.5
1980	6301	1.6
1980	7194	1.9
1980	7826	2.0
1980	8649	2.3
1980	11739	2.4
1980	12481	1.1
1980	17994	3.2
1980	17995	2.9
1980	17996	2.6
1980	17997	2.4
1980	17998	1.8
1980	17999	1.5
1980	18000	1.3
1980	18001	1.3
1980	18002	1.2
1981	65	3.2
1981	95	1.0
1981	182	3.7
1981	190	2.1
1981	221	1.2
1981	477	1.1
1981	526	1.8
1981	530	3.8
1981	689	1.4
1981	1001	1.1
1981	1105	1.5
1981	1106	2.0
1981	1109	2.5
1981	1112	1.1
1981	1378	1.5
1981	1383	1.7
1981	1385	1.2
1981	2051	2.1
1981	2614	1.3
1981	2803	1.1
1981	3117	1.6
1981	3171	2.8
1981	3484	1.3
1981	3491	1.0
1981	3676	1.0
1981	3945	2.5
1981	4073	1.2
1981	4515	1.2
1981	4762	1.0
1981	6217	1.7
1981	7122	5.0
1981	7187	1.9
1981	7194	1.6
1981	7667	2.2
1981	8589	3.4
1981	9485	2.2
1981	10327	1.4
1981	10548	1.5
1981	10961	3.1
1981	11253	2.0
1981	11277	1.6
1981	11910	2.7
1981	14359	1.9
1981	18003	2.3
1981	18004	1.9
1981	18005	1.6
1981	18006	1.5
1981	18007	1.1
1981	18008	1.1
1981	18009	1.1
2013	65	3.4
2013	154	2.3
2013	173	1.7
2013	182	3.2
2013	190	5.0
2013	203	2.4
2013	207	4.8
2013	208	1.2
2013	217	1.6
2013	220	1.5
2013	221	4.0
2013	227	2.9
2013	229	3.2
2013	238	1.9
2013	298	2.5
2013	302	1.0
2013	424	2.5
2013	432	1.7
2013	486	1.0
2013	533	2.2
2013	604	1.3
2013	632	1.3
2013	962	1.3
2013	969	2.6
2013	1048	2.7
2013	1052	1.0
2013	1090	2.8
2013	1098	1.5
2013	1109	1.9
2013	1414	1.2
2013	1512	3.4
2013	1515	2.2
2013	1517	1.7
2013	1747	1.3
2013	1772	2.2
2013	1786	2.5
2013	1795	1.6
2013	2133	1.2
2013	2632	1.0
2013	3046	3.5
2013	3057	2.3
2013	3870	2.5
2013	4444	2.5
2013	4998	1.5
2013	5030	1.4
2013	7888	1.9
2013	8662	1.5
2013	9977	1.4
2013	14459	1.2
2013	18223	1.5
2039	65	3.2
2039	67	4.6
2039	72	1.1
2039	90	3.5
2039	154	1.6
2039	171	2.3
2039	173	2.9
2039	182	2.2
2039	184	1.5
2039	228	1.8
2039	238	1.0
2039	301	3.0
2039	310	1.2
2039	316	5.0
2039	498	1.4
2039	511	2.0
2039	538	1.8
2039	614	2.4
2039	689	2.5
2039	697	3.3
2039	715	3.0
2039	777	1.5
2039	885	4.4
2039	900	2.0
2039	913	1.5
2039	969	2.0
2039	1098	1.2
2039	1099	1.4
2039	1375	1.7
2039	1384	1.8
2039	1394	3.3
2039	3101	1.0
2039	3104	2.3
2039	3460	2.0
2039	3466	1.4
2039	3676	1.3
2039	3748	1.4
2039	3992	1.6
2039	4036	2.2
2039	4074	2.6
2039	5072	1.2
2039	5790	2.9
2039	7157	2.7
2039	7279	2.2
2039	8479	2.0
2039	8642	2.3
2039	10069	2.5
2039	12352	1.3
2039	18367	1.5
2039	18368	1.1
2062	65	5.0
2062	184	2.1
2062	190	4.4
2062	192	1.3
2062	204	1.5
2062	211	2.0
2062	227	1.8
2062	228	1.6
2062	229	1.1
2062	231	1.3
2062	355	2.0
2062	366	2.7
2062	424	1.4
2062	538	1.7
2062	540	1.1
2062	632	2.0
2062	679	1.5
2062	715	1.4
2062	945	1.4
2062	1090	2.3
2062	1147	2.2
2062	1243	2.1
2062	1246	1.1
2062	1351	1.1
2062	1377	1.4
2062	1464	1.3
2062	1491	2.0
2062	1511	1.2
2062	1705	2.5
2062	1708	2.0
2062	2051	2.1
2062	2176	1.1
2062	2632	1.5
2062	3081	1.4
2062	3105	2.4
2062	3171	1.9
2062	3617	2.4
2062	4920	1.4
2062	5306	2.5
2062	5437	2.2
2062	5836	1.6
2062	6297	1.0
2062	6390	1.2
2062	7260	2.4
2062	8504	1.9
2062	9404	1.0
2062	12164	1.2
2062	13624	1.0
2062	13832	2.0
2062	18473	1.6
