userID	artistID	rating
99	65	2.9
99	66	2.3
99	70	2.9
99	72	5.0
99	81	1.5
99	89	1.1
99	154	2.4
99	157	1.9
99	159	1.3
99	173	4.0
99	190	2.1
99	204	1.2
99	210	2.1
99	228	2.7
99	229	3.8
99	234	2.1
99	238	1.4
99	377	1.4
99	418	1.7
99	419	1.8
99	424	1.3
99	443	1.9
99	504	2.7
99	533	1.0
99	703	1.8
99	709	1.7
99	757	3.4
99	959	1.6
99	1072	2.4
99	1075	1.9
99	1099	1.6
99	1104	1.0
99	1379	1.5
99	1384	1.3
99	1390	1.1
99	1397	1.1
99	1400	2.5
99	1713	3.1
99	1983	1.4
99	2014	1.1
99	2121	1.5
99	2131	1.0
99	2137	2.2
99	2582	1.5
99	2600	2.2
99	2601	1.5
99	2602	1.5
99	2603	1.4
99	2604	1.3
99	2605	1.1
103	53	1.6
103	64	2.0
103	65	1.9
103	72	5.0
103	75	2.1
103	89	2.2
103	154	2.9
103	159	1.8
103	166	1.2
103	182	1.0
103	190	1.6
103	198	1.3
103	207	1.7
103	227	1.3
103	228	1.2
103	238	1.1
103	250	2.8
103	377	1.0
103	389	1.5
103	425	1.7
103	475	2.2
103	538	2.0
103	599	1.4
103	715	1.7
103	877	2.8
103	959	1.2
103	963	2.1
103	969	1.4
103	1001	2.0
103	1073	2.8
103	1104	1.8
103	1109	1.2
103	1121	2.2
103	1122	2.3
103	1124	2.8
103	1130	2.8
103	1388	1.6
103	1491	2.3
103	1713	1.2
103	1886	1.6
103	2247	1.1
103	2339	1.9
103	2644	2.6
103	2645	1.6
103	2646	1.6
103	2647	1.5
103	2648	1.4
103	2649	1.2
103	2650	1.1
103	2651	1.0
191	7	2.0
191	51	1.6
191	52	1.8
191	66	1.3
191	72	5.0
191	75	1.3
191	157	1.2
191	171	1.0
191	187	3.3
191	190	1.3
191	197	1.3
191	220	1.6
191	238	1.8
191	868	1.2
191	936	1.2
191	1072	1.0
191	1090	1.5
191	1104	1.3
191	1298	1.0
191	1369	1.3
191	1372	1.8
191	1379	1.9
191	1410	1.1
191	1412	1.8
191	1713	3.3
191	1787	1.2
191	1791	2.0
191	2469	1.8
191	2735	1.2
191	2743	1.6
191	2747	1.8
191	3019	1.3
191	3047	1.1
191	3049	2.8
191	3053	2.5
191	3197	1.8
191	3302	1.2
191	3501	1.2
191	3837	1.3
191	3986	2.1
191	3987	1.6
191	3988	1.3
191	3989	1.3
191	3990	1.2
191	3991	1.2
191	3992	1.1
191	3993	1.0
191	3994	1.0
191	3995	1.0
191	3996	1.0
210	63	2.5
210	67	1.2
210	72	5.0
210	89	1.1
210	157	1.3
210	159	1.3
210	165	1.4
210	173	4.2
210	187	1.4
210	190	1.7
210	220	1.1
210	288	1.1
210	289	1.8
210	340	1.4
210	405	1.3
210	463	2.0
210	466	1.1
210	498	1.2
210	516	1.7
210	544	1.2
210	722	1.6
210	972	1.9
210	1001	2.6
210	1061	2.4
210	1062	1.2
210	1072	2.8
210	1075	1.7
210	1091	1.1
210	1379	1.9
210	1673	1.2
210	1713	3.8
210	1786	2.7
210	1791	1.4
210	2506	1.0
210	3046	2.8
210	4295	2.4
210	4296	1.8
210	4297	1.7
210	4298	1.6
210	4299	1.5
210	4300	1.5
210	4301	1.4
210	4302	1.3
210	4303	1.3
210	4304	1.2
210	4305	1.1
210	4306	1.1
210	4307	1.0
210	4308	1.0
210	4309	1.0
218	65	3.0
218	70	1.8
218	72	5.0
218	88	2.3
218	163	2.2
218	197	1.4
218	198	1.8
218	221	1.3
218	227	3.8
218	250	1.5
218	441	1.5
218	488	1.2
218	706	2.3
218	707	2.3
218	814	1.1
218	867	2.7
218	868	4.6
218	1044	1.7
218	1061	1.7
218	1072	3.5
218	1090	1.5
218	1104	1.1
218	1106	1.2
218	1112	1.4
218	1188	2.0
218	1410	1.3
218	1412	1.5
218	1414	1.5
218	1415	1.4
218	1416	1.1
218	1541	1.3
218	1639	2.8
218	1650	1.2
218	1713	2.3
218	2130	1.1
218	2186	1.5
218	2192	2.1
218	2200	2.2
218	2835	1.4
218	2902	2.3
218	3065	1.2
218	3934	1.1
218	4155	1.7
218	4166	2.2
218	4295	1.1
218	4423	1.8
218	4424	1.6
218	4425	1.6
218	4426	1.2
218	4427	1.0
275	30	2.1
275	51	3.2
275	59	1.2
275	65	2.4
275	72	4.4
275	75	3.2
275	99	1.6
275	100	2.0
275	153	2.4
275	154	1.5
275	155	1.0
275	159	3.0
275	173	1.6
275	187	2.9
275	191	2.0
275	193	3.0
275	436	1.4
275	511	1.6
275	533	1.1
275	878	1.1
275	951	1.0
275	961	1.4
275	993	2.5
275	997	2.6
275	998	2.8
275	999	2.8
275	1001	3.2
275	1013	1.4
275	1014	3.7
275	1019	3.1
275	1027	1.5
275	1061	2.3
275	1072	3.6
275	1075	1.0
275	1375	1.1
275	1713	3.5
275	1772	1.2
275	1885	1.4
275	1886	2.0
275	1892	1.6
275	1895	1.4
275	3427	1.2
275	3617	1.9
275	3768	2.8
275	3988	3.2
275	4130	1.5
275	4308	1.7
275	5097	5.0
275	5098	1.6
275	5099	1.1
306	7	1.6
306	30	3.4
306	51	1.4
306	59	1.3
306	67	1.3
306	72	5.0
306	75	2.7
306	99	2.8
306	153	1.7
306	159	2.2
306	187	2.0
306	234	1.8
306	250	1.0
306	377	1.9
306	441	2.7
306	455	1.4
306	463	3.1
306	467	2.8
306	486	1.8
306	497	1.7
306	511	1.3
306	521	1.4
306	707	1.2
306	868	1.3
306	877	2.3
306	880	1.6
306	978	1.2
306	1001	1.8
306	1014	1.2
306	1055	1.1
306	1061	1.4
306	1072	1.8
306	1075	1.4
306	1131	1.1
306	1298	1.7
306	1379	2.2
306	1713	3.3
306	2783	1.0
306	3683	1.6
306	3768	1.0
306	3988	1.6
306	5482	2.5
306	5483	2.1
306	5484	1.5
306	5485	1.4
306	5486	1.2
306	5487	1.2
306	5488	1.2
306	5489	1.1
306	5490	1.1
446	51	2.1
446	59	1.5
446	67	1.5
446	72	5.0
446	99	1.3
446	153	1.1
446	154	1.2
446	159	1.4
446	163	1.3
446	166	1.5
446	172	1.5
446	173	2.5
446	180	1.3
446	187	2.1
446	190	2.4
446	212	1.2
446	227	1.5
446	234	1.6
446	441	2.4
446	511	2.8
446	599	2.4
446	735	1.5
446	867	1.0
446	868	1.4
446	874	1.2
446	900	1.0
446	1001	2.5
446	1014	1.4
446	1061	2.5
446	1072	2.6
446	1085	1.1
446	1103	1.4
446	1109	1.7
446	1384	1.2
446	1412	1.2
446	1700	1.7
446	1707	1.6
446	1709	1.0
446	1713	3.0
446	1795	1.2
446	1890	1.2
446	1892	1.2
446	3201	1.3
446	3885	1.5
446	3886	2.4
446	3988	1.0
446	6439	2.4
446	7007	1.6
446	7008	1.4
446	7009	1.4
493	53	2.2
493	59	2.2
493	65	1.0
493	67	3.2
493	72	5.0
493	93	2.7
493	99	3.5
493	159	1.0
493	190	4.1
493	203	2.0
493	234	4.0
493	302	2.5
493	333	3.0
493	377	3.4
493	441	2.8
493	511	3.3
493	868	1.5
493	880	2.9
493	951	2.0
493	959	1.2
493	1072	4.1
493	1713	4.1
493	2786	1.4
493	2919	2.1
493	3627	1.5
493	5483	1.4
493	5486	1.7
493	7441	3.1
493	7442	2.7
493	7443	2.6
493	7444	2.4
493	7445	2.3
493	7446	1.4
520	30	3.1
520	55	1.3
520	64	1.5
520	72	5.0
520	89	1.7
520	159	2.1
520	181	3.9
520	187	3.0
520	189	2.0
520	190	2.1
520	198	2.9
520	221	1.2
520	238	1.3
520	490	1.5
520	707	1.3
520	880	3.9
520	1061	3.5
520	1072	2.6
520	1406	1.7
520	1705	2.0
520	1713	3.4
520	1817	2.4
520	1886	1.3
520	1913	3.1
520	1914	2.1
520	2735	1.4
520	2835	2.0
520	2858	1.3
520	3045	1.1
520	3367	1.8
520	3557	1.8
520	3945	2.8
520	4295	1.0
520	4308	2.8
520	5215	1.0
520	6263	1.6
520	6265	2.4
520	6267	1.5
520	7429	2.6
520	7514	1.5
520	7516	1.9
520	7714	3.1
520	7715	2.5
520	7716	2.2
520	7717	2.1
520	7718	2.0
520	7719	1.3
520	7720	1.2
520	7721	1.2
520	7722	1.1
539	51	1.7
539	65	1.2
539	67	1.1
539	70	1.6
539	72	4.9
539	75	1.5
539	89	1.9
539	99	2.8
539	153	3.0
539	159	1.3
539	165	1.1
539	166	1.6
539	182	2.4
539	183	1.9
539	190	1.9
539	209	2.5
539	233	5.0
539	265	1.0
539	288	2.4
539	295	1.7
539	377	2.4
539	389	1.6
539	436	2.4
539	455	1.3
539	486	4.9
539	491	1.6
539	493	1.9
539	511	4.4
539	599	2.7
539	718	1.9
539	961	1.2
539	1001	3.4
539	1061	1.8
539	1072	1.7
539	1079	1.3
539	1099	1.5
539	1104	2.7
539	1210	3.2
539	1379	1.1
539	1713	3.8
539	1787	1.5
539	3920	2.5
539	5000	1.9
539	5532	1.1
539	7870	2.7
539	7871	2.5
539	7872	2.3
539	7873	1.5
539	7874	1.4
539	7875	1.2
566	18	1.4
566	32	2.2
566	59	1.2
566	72	5.0
566	75	1.2
566	99	1.3
566	154	1.2
566	159	2.9
566	166	1.9
566	181	1.6
566	203	1.1
566	206	1.0
566	227	1.2
566	234	1.1
566	416	1.4
566	515	2.4
566	599	1.9
566	707	1.1
566	821	1.2
566	843	1.3
566	854	1.8
566	856	1.2
566	868	2.1
566	905	2.9
566	949	1.2
566	982	1.0
566	1116	2.5
566	1119	1.1
566	1131	1.3
566	1295	2.2
566	1302	1.0
566	1303	1.8
566	1335	1.2
566	1336	1.1
566	1384	2.1
566	1660	1.7
566	1778	1.5
566	2347	1.1
566	2783	1.3
566	2834	1.6
566	3441	1.0
566	3460	1.2
566	3988	2.4
566	4369	1.1
566	4871	1.4
566	4876	1.1
566	5913	1.3
566	7404	1.3
566	8149	1.1
566	8150	1.0
650	67	1.8
650	72	5.0
650	89	1.6
650	159	1.4
650	190	1.5
650	210	1.6
650	228	2.2
650	229	1.3
650	288	1.2
650	289	1.7
650	317	1.5
650	329	2.5
650	330	1.1
650	377	2.3
650	403	2.2
650	405	1.6
650	486	2.7
650	498	2.3
650	500	2.0
650	521	1.2
650	527	1.6
650	531	1.2
650	540	2.5
650	689	2.9
650	716	1.8
650	969	1.7
650	1056	2.1
650	1090	2.1
650	1098	1.1
650	1099	2.1
650	1180	1.8
650	1183	1.7
650	1184	1.2
650	1246	2.5
650	1376	1.9
650	1378	1.3
650	1705	2.1
650	1713	1.0
650	3238	2.9
650	5044	1.1
650	5482	1.0
650	5490	2.6
650	5847	3.3
650	6008	2.3
650	7324	1.1
650	8883	3.3
650	8884	2.3
650	8885	1.8
650	8886	1.2
650	8887	1.1
665	56	3.2
665	59	3.3
665	65	2.1
665	70	2.2
665	72	5.0
665	99	1.2
665	154	2.7
665	159	2.4
665	173	4.2
665	182	1.8
665	190	3.4
665	203	2.3
665	229	2.4
665	234	2.9
665	424	1.9
665	429	2.5
665	436	2.3
665	511	3.1
665	533	2.3
665	614	1.9
665	707	3.0
665	715	2.7
665	857	1.4
665	993	1.0
665	1001	3.7
665	1014	2.0
665	1061	1.7
665	1072	1.4
665	1073	1.7
665	1075	3.2
665	1090	2.4
665	1249	1.2
665	1369	1.1
665	1381	1.3
665	1384	1.0
665	1394	2.5
665	1397	1.6
665	1398	1.8
665	1713	3.1
665	2149	1.2
665	2531	2.3
665	3413	2.3
665	3892	2.7
665	4306	1.1
665	5237	1.7
665	9132	2.1
665	9133	2.1
665	9134	2.0
665	9135	1.7
665	9136	1.1
767	30	3.5
767	65	1.6
767	72	5.0
767	153	1.7
767	173	3.0
767	176	1.3
767	185	2.0
767	190	3.1
767	209	1.2
767	220	1.0
767	310	1.4
767	328	1.4
767	349	1.2
767	377	1.4
767	378	2.7
767	405	1.4
767	521	1.3
767	534	1.0
767	722	1.3
767	878	1.1
767	880	2.5
767	930	1.6
767	1019	1.2
767	1053	1.5
767	1072	2.5
767	1091	1.5
767	1109	1.5
767	1298	1.4
767	1330	1.2
767	1713	3.4
767	2526	1.3
767	2638	1.0
767	3070	1.0
767	3237	2.2
767	3238	1.7
767	3768	1.4
767	3877	1.0
767	4156	1.2
767	4574	1.5
767	5485	1.4
767	5487	1.4
767	8284	1.0
767	9038	1.4
767	9886	2.3
767	9887	1.7
767	9888	1.3
767	9889	1.2
767	9890	1.2
767	9891	1.1
767	9892	1.1
893	7	1.2
893	53	1.2
893	65	3.4
893	66	2.7
893	70	2.0
893	72	5.0
893	153	1.5
893	198	3.4
893	207	1.9
893	306	2.1
893	328	1.3
893	489	3.2
893	529	2.7
893	707	1.1
893	907	1.2
893	1001	1.5
893	1072	2.9
893	1090	2.2
893	1104	4.0
893	1398	2.0
893	1713	3.5
893	3039	1.8
893	3462	1.0
893	5074	3.6
893	5677	1.6
893	5679	1.7
893	6819	1.2
893	7261	1.7
893	7326	2.7
893	7759	3.9
893	9635	2.1
893	9679	3.3
893	9681	3.9
893	10433	1.1
893	10871	4.4
893	10872	3.6
893	10873	3.1
893	10874	3.1
893	10875	2.9
893	10876	2.8
893	10877	2.7
893	10878	2.7
893	10879	2.2
893	10880	2.0
893	10881	1.7
893	10882	1.6
893	10883	1.5
893	10884	1.5
893	10885	1.2
893	10886	1.1
1002	55	2.1
1002	72	4.1
1002	89	2.4
1002	157	1.4
1002	175	1.3
1002	239	1.8
1002	252	1.4
1002	257	1.2
1002	279	1.6
1002	287	1.7
1002	288	2.6
1002	291	1.8
1002	293	1.2
1002	294	1.5
1002	295	1.5
1002	296	2.0
1002	299	2.0
1002	310	1.7
1002	314	2.1
1002	317	1.0
1002	322	2.1
1002	323	3.1
1002	328	1.5
1002	332	1.9
1002	333	1.1
1002	349	2.2
1002	535	1.8
1002	701	1.8
1002	722	1.5
1002	800	1.5
1002	906	5.0
1002	909	1.4
1002	911	2.8
1002	913	1.5
1002	1001	1.7
1002	1023	2.4
1002	1596	1.7
1002	1937	1.8
1002	2018	1.1
1002	3314	1.6
1002	3498	1.4
1002	3985	1.1
1002	4566	2.0
1002	6429	1.0
1002	8076	1.3
1002	11719	2.2
1002	11720	1.6
1002	11721	1.5
1002	11722	1.0
1002	11723	1.0
1099	56	1.2
1099	58	3.1
1099	59	1.5
1099	61	1.8
1099	72	5.0
1099	154	1.0
1099	159	1.0
1099	163	1.6
1099	173	2.3
1099	180	1.0
1099	182	1.5
1099	183	2.4
1099	187	1.4
1099	190	2.1
1099	192	1.9
1099	227	1.4
1099	229	1.9
1099	298	1.1
1099	302	1.6
1099	425	1.2
1099	511	2.7
1099	533	1.1
1099	539	1.4
1099	690	1.6
1099	706	2.0
1099	709	1.0
1099	712	2.0
1099	715	1.2
1099	716	2.6
1099	998	1.1
1099	1001	2.1
1099	1014	1.7
1099	1052	1.4
1099	1131	2.7
1099	1243	1.0
1099	1244	1.5
1099	1713	3.3
1099	1790	1.4
1099	2027	1.4
1099	2031	1.1
1099	2901	1.1
1099	3158	1.3
1099	3308	1.1
1099	3992	1.6
1099	4982	1.5
1099	8069	2.7
1099	9745	2.0
1099	9926	2.4
1099	10017	2.0
1099	12316	1.1
1163	30	2.4
1163	51	2.3
1163	59	1.3
1163	61	1.9
1163	65	3.4
1163	67	1.0
1163	72	5.0
1163	75	2.8
1163	81	1.0
1163	84	2.2
1163	153	2.9
1163	154	3.2
1163	159	2.5
1163	163	1.0
1163	173	1.6
1163	180	1.2
1163	187	2.1
1163	190	4.0
1163	193	1.6
1163	268	1.2
1163	511	2.9
1163	599	3.3
1163	877	1.3
1163	880	1.3
1163	945	1.2
1163	959	2.0
1163	998	1.2
1163	1013	1.7
1163	1019	1.0
1163	1055	1.6
1163	1061	1.2
1163	1072	2.9
1163	1073	1.3
1163	1098	1.5
1163	1122	1.0
1163	1381	1.7
1163	1713	3.3
1163	1892	1.5
1163	2901	1.5
1163	2936	1.5
1163	3171	2.5
1163	3768	1.0
1163	4031	1.2
1163	4130	2.0
1163	7324	1.7
1163	8998	1.0
1163	9969	1.2
1163	12817	1.2
1163	12818	1.2
1163	12819	1.2
1505	51	1.5
1505	53	1.0
1505	59	1.9
1505	63	2.2
1505	64	1.1
1505	65	1.9
1505	70	1.1
1505	72	5.0
1505	75	1.8
1505	153	4.0
1505	154	1.6
1505	155	1.4
1505	159	1.0
1505	173	1.2
1505	187	1.0
1505	193	2.9
1505	233	1.5
1505	238	1.0
1505	377	2.0
1505	378	2.7
1505	488	1.9
1505	489	1.1
1505	518	3.3
1505	707	1.0
1505	878	1.2
1505	959	1.4
1505	999	1.1
1505	1001	2.1
1505	1014	2.5
1505	1061	1.5
1505	1072	1.9
1505	1098	1.5
1505	1104	2.4
1505	1379	1.1
1505	1713	3.0
1505	1787	1.3
1505	1793	3.1
1505	1854	1.4
1505	1892	1.1
1505	2027	1.2
1505	6524	2.4
1505	10182	1.4
1505	11529	2.6
1505	14760	2.2
1505	15094	2.8
1505	15095	1.7
1505	15096	1.4
1505	15097	1.4
1505	15098	1.3
1505	15099	1.0
1611	72	5.0
1611	998	1.0
1611	2500	1.8
1611	6245	3.0
1642	56	1.0
1642	61	1.1
1642	72	5.0
1642	75	1.1
1642	159	1.2
1642	187	1.0
1642	511	1.5
1642	529	1.0
1642	1009	1.3
1642	1072	3.3
1642	1079	1.2
1642	1713	1.5
1642	2149	1.2
1642	2824	2.4
1642	5871	1.0
1642	9980	1.8
1642	11520	1.3
1642	14675	1.3
1642	14739	1.1
1642	14744	1.5
1642	14750	3.0
1642	14752	1.1
1642	14757	1.5
1642	14774	1.4
1642	14780	1.4
1642	15778	2.7
1642	15779	2.4
1642	15780	2.0
1642	15781	2.0
1642	15782	1.7
1642	15783	1.7
1642	15784	1.6
1642	15785	1.5
1642	15786	1.4
1642	15787	1.4
1642	15788	1.4
1642	15789	1.3
1642	15790	1.3
1642	15791	1.2
1642	15792	1.2
1642	15793	1.2
1642	15794	1.1
1642	15795	1.1
1642	15796	1.1
1642	15797	1.1
1642	15798	1.1
1642	15799	1.1
1642	15800	1.0
1642	15801	1.0
1642	15802	1.0
1653	30	1.1
1653	67	3.1
1653	72	5.0
1653	77	1.2
1653	89	2.7
1653	99	1.4
1653	159	2.7
1653	172	2.2
1653	173	1.4
1653	229	1.3
1653	233	3.0
1653	295	1.1
1653	423	1.8
1653	425	2.2
1653	429	2.4
1653	441	2.5
1653	599	4.8
1653	679	2.5
1653	689	2.7
1653	690	1.8
1653	707	1.3
1653	858	1.1
1653	868	1.3
1653	910	1.3
1653	959	1.4
1653	1001	1.2
1653	1014	1.1
1653	1061	1.7
1653	1062	1.4
1653	1072	3.3
1653	1073	1.1
1653	1075	2.6
1653	1079	1.4
1653	1083	1.6
1653	1097	4.3
1653	1098	3.6
1653	1103	1.5
1653	1119	3.0
1653	1167	1.2
1653	2478	1.2
1653	2491	1.0
1653	2493	1.4
1653	2521	2.8
1653	2531	3.5
1653	3291	1.4
1653	4923	1.3
1653	5237	1.7
1653	6527	1.0
1653	8229	1.4
1653	8231	1.6
1835	56	2.4
1835	67	1.3
1835	72	5.0
1835	75	2.3
1835	88	1.0
1835	89	1.1
1835	90	2.4
1835	153	1.6
1835	161	1.1
1835	190	1.3
1835	206	1.9
1835	229	1.2
1835	233	1.8
1835	238	3.9
1835	292	2.2
1835	441	1.3
1835	450	2.8
1835	539	1.1
1835	703	1.5
1835	868	1.6
1835	880	2.9
1835	1013	1.2
1835	1061	2.5
1835	1072	2.1
1835	1075	2.8
1835	1151	2.2
1835	1379	2.7
1835	1700	1.9
1835	1707	1.1
1835	1713	3.2
1835	1739	2.3
1835	1786	1.5
1835	1787	3.6
1835	1833	1.8
1835	1897	1.4
1835	2071	1.4
1835	2821	1.9
1835	3046	2.2
1835	3047	1.2
1835	3057	1.3
1835	3191	2.8
1835	3693	1.0
1835	3988	1.2
1835	4997	1.9
1835	5545	1.9
1835	7369	1.7
1835	16934	1.4
1835	16935	1.3
1835	16936	1.2
1835	16937	1.1
2075	51	1.7
2075	55	2.1
2075	58	1.2
2075	59	1.6
2075	67	2.8
2075	72	5.0
2075	77	2.1
2075	89	2.0
2075	154	1.5
2075	155	1.0
2075	157	1.8
2075	159	1.8
2075	167	2.7
2075	193	1.2
2075	202	2.6
2075	227	2.0
2075	288	1.1
2075	289	2.0
2075	291	1.3
2075	292	1.4
2075	329	1.0
2075	429	1.4
2075	441	1.1
2075	511	1.3
2075	535	1.4
2075	538	1.1
2075	599	1.1
2075	605	1.1
2075	612	1.3
2075	860	1.5
2075	889	1.6
2075	906	1.6
2075	985	1.5
2075	1001	1.4
2075	1052	1.0
2075	1099	1.1
2075	1121	1.7
2075	1122	1.3
2075	1243	1.7
2075	1244	2.3
2075	1464	1.2
2075	1513	2.0
2075	1713	1.8
2075	1892	1.4
2075	2183	1.4
2075	2444	1.1
2075	3349	1.6
2075	3562	2.2
2075	18571	1.5
2075	18572	1.2
2080	53	2.4
2080	58	1.4
2080	59	2.3
2080	72	5.0
2080	75	1.8
2080	81	3.0
2080	98	1.2
2080	238	1.8
2080	429	1.5
2080	441	1.9
2080	603	1.5
2080	616	1.7
2080	748	2.8
2080	880	2.1
2080	997	1.7
2080	1014	1.0
2080	1019	1.1
2080	1061	1.9
2080	1067	1.1
2080	1072	1.6
2080	1073	2.0
2080	1156	1.0
2080	1376	1.5
2080	1707	2.0
2080	1713	3.2
2080	1827	1.1
2080	1836	1.8
2080	1888	1.4
2080	1893	2.3
2080	2039	1.6
2080	2043	1.3
2080	2673	1.5
2080	2716	1.6
2080	3289	1.7
2080	4308	1.2
2080	5833	1.7
2080	6137	1.0
2080	6150	2.1
2080	6583	1.6
2080	7470	2.4
2080	11794	1.6
2080	17331	1.3
2080	18585	1.7
2080	18586	1.4
2080	18587	1.3
2080	18588	1.1
2080	18589	1.1
2080	18590	1.1
2080	18591	1.0
2080	18592	1.0
