User	Movie	Rating
16	95	3.0
16	97	3.0
16	220	5.0
16	223	3.0
16	276	4.0
16	328	3.0
16	524	4.0
16	525	4.0
16	613	3.0
16	680	4.0
16	818	4.0
16	929	4.0
16	1077	4.0
16	1141	4.0
16	1195	4.0
16	1513	5.0
16	1799	4.0
16	1885	3.0
16	2248	3.0
16	2384	4.0
16	2739	4.0
16	2766	3.0
16	2774	4.0
16	3140	4.0
16	3234	4.0
16	3251	3.0
16	3334	5.0
16	3406	4.0
16	3407	4.0
16	3418	4.0
16	3587	4.0
16	3781	5.0
16	3785	4.0
16	3853	4.0
16	3874	4.0
16	3996	4.0
16	4533	4.0
16	4617	3.0
16	4799	4.0
16	4916	3.0
16	5005	5.0
16	5194	4.0
16	5423	4.0
16	5792	4.0
16	5844	5.0
16	5913	4.0
16	5956	4.0
16	6105	4.0
16	6182	5.0
16	6203	3.0
16	6539	3.0
16	6544	3.0
16	6588	3.0
16	6628	3.0
16	6770	4.0
16	6850	4.0
66	1	3.0
66	126	3.0
66	170	3.0
66	219	5.0
66	221	4.0
66	223	5.0
66	375	5.0
66	613	3.0
66	806	4.0
66	832	5.0
66	857	3.0
66	929	3.0
66	1022	3.0
66	1071	4.0
66	1080	4.0
66	1271	3.0
66	1361	5.0
66	1677	5.0
66	1681	3.0
66	1770	5.0
66	1776	5.0
66	2017	3.0
66	2036	3.0
66	2089	4.0
66	2246	3.0
66	2274	3.0
66	2971	3.0
66	3052	5.0
66	3138	3.0
66	3170	4.0
66	3366	3.0
66	3400	3.0
66	3777	3.0
66	3783	3.0
66	3812	3.0
66	4037	3.0
66	4039	3.0
66	4054	3.0
66	4276	4.0
66	4338	2.0
66	4484	5.0
66	4684	4.0
66	4767	5.0
66	4924	4.0
66	5034	4.0
66	5082	3.0
66	5187	3.0
66	5236	4.0
66	5259	4.0
66	5301	4.0
66	5314	5.0
66	5407	4.0
66	5740	3.0
66	5911	3.0
66	6275	3.0
66	6456	5.0
66	6457	4.0
66	6667	3.0
66	6868	2.0
66	6923	5.0
91	234	4.0
91	281	5.0
91	300	5.0
91	386	4.0
91	557	5.0
91	611	5.0
91	656	3.0
91	747	3.0
91	818	4.0
91	1061	5.0
91	1065	1.0
91	1072	5.0
91	1076	4.0
91	1180	4.0
91	1195	4.0
91	1278	5.0
91	1377	4.0
91	1511	4.0
91	1628	4.0
91	1681	5.0
91	2320	4.0
91	2326	4.0
91	2706	5.0
91	2874	4.0
91	2886	2.0
91	2962	4.0
91	3110	3.0
91	3309	4.0
91	3418	3.0
91	3570	5.0
91	3592	5.0
91	3670	5.0
91	3692	4.0
91	3755	4.0
91	3785	1.0
91	3847	4.0
91	3876	4.0
91	4161	4.0
91	4457	5.0
91	4483	5.0
91	4666	3.0
91	4742	3.0
91	4748	5.0
91	4926	5.0
91	5154	1.0
91	5213	3.0
91	5297	5.0
91	5317	5.0
91	5572	5.0
91	6010	5.0
91	6200	4.0
91	6232	4.0
91	6393	5.0
91	6691	5.0
91	6878	5.0
113	36	4.0
113	96	4.0
113	161	4.0
113	212	4.0
113	276	5.0
113	402	5.0
113	466	2.0
113	524	3.0
113	601	3.0
113	859	5.0
113	927	3.0
113	1019	5.0
113	1049	3.0
113	1075	5.0
113	1108	3.0
113	1155	4.0
113	1359	3.0
113	1379	4.0
113	1380	3.0
113	1456	3.0
113	1511	4.0
113	1515	3.0
113	1668	5.0
113	1699	4.0
113	1701	4.0
113	1732	3.0
113	1940	3.0
113	2008	5.0
113	2233	3.0
113	2299	5.0
113	2357	5.0
113	2541	4.0
113	2611	4.0
113	2680	5.0
113	2689	3.0
113	2704	4.0
113	2760	5.0
113	2800	5.0
113	2817	5.0
113	2966	3.0
113	3048	5.0
113	3184	4.0
113	3272	3.0
113	3281	3.0
113	3361	3.0
113	3372	3.0
113	3386	4.0
113	3470	4.0
113	3483	3.0
113	3523	4.0
113	3566	4.0
113	3632	3.0
113	3720	3.0
113	3931	3.0
113	3940	5.0
113	3984	5.0
113	4093	3.0
113	4110	4.0
113	4213	3.0
113	4361	3.0
113	4401	4.0
113	4449	3.0
113	4455	5.0
113	4566	4.0
113	4608	2.0
113	4665	4.0
113	4991	3.0
113	5093	3.0
113	5299	5.0
113	5357	1.0
113	5364	3.0
113	5471	3.0
113	5718	4.0
113	5740	3.0
113	5791	4.0
113	5927	4.0
113	5969	3.0
113	6029	5.0
113	6252	3.0
113	6275	3.0
113	6288	3.0
113	6357	4.0
113	6512	4.0
113	6523	4.0
113	6648	4.0
113	6667	5.0
113	6689	4.0
113	6789	4.0
113	6799	3.0
113	6816	4.0
113	6928	5.0
119	159	4.0
119	164	3.0
119	168	3.0
119	192	4.0
119	284	5.0
119	285	4.0
119	294	4.0
119	341	4.0
119	417	4.0
119	418	4.0
119	440	3.0
119	490	4.0
119	516	5.0
119	605	4.0
119	694	4.0
119	699	5.0
119	927	3.0
119	937	4.0
119	1060	3.0
119	1161	4.0
119	1263	4.0
119	1344	4.0
119	1391	4.0
119	1513	4.0
119	1516	4.0
119	1593	5.0
119	1682	4.0
119	1745	3.0
119	1760	4.0
119	1816	5.0
119	1820	5.0
119	1972	3.0
119	2057	4.0
119	2090	4.0
119	2106	3.0
119	2155	4.0
119	2166	3.0
119	2191	4.0
119	2242	4.0
119	2263	4.0
119	2314	3.0
119	2319	4.0
119	2324	4.0
119	2434	3.0
119	2619	4.0
119	2620	5.0
119	2622	5.0
119	2628	3.0
119	2699	5.0
119	2706	3.0
119	2761	4.0
119	2869	4.0
119	2886	3.0
119	2938	5.0
119	3000	4.0
119	3017	5.0
119	3100	5.0
119	3110	4.0
119	3152	4.0
119	3177	5.0
119	3178	5.0
119	3270	3.0
119	3295	4.0
119	3354	3.0
119	3494	5.0
119	3517	4.0
119	3594	4.0
119	3596	5.0
119	3613	3.0
119	3649	3.0
119	3666	4.0
119	3690	5.0
119	3738	3.0
119	3754	3.0
119	3755	4.0
119	3821	3.0
119	3894	5.0
119	3954	4.0
119	4007	5.0
119	4010	5.0
119	4109	5.0
119	4110	3.0
119	4304	5.0
119	4307	4.0
119	4312	5.0
119	4313	3.0
119	4329	2.0
119	4345	5.0
119	4359	4.0
119	4364	5.0
119	4374	3.0
119	4380	4.0
119	4435	5.0
119	4517	3.0
119	4559	2.0
119	4607	4.0
119	4623	5.0
119	4662	3.0
119	4676	4.0
119	4808	3.0
119	4860	4.0
119	4877	4.0
119	4889	4.0
119	4926	5.0
119	5041	3.0
119	5047	3.0
119	5055	4.0
119	5066	4.0
119	5198	4.0
119	5282	3.0
119	5323	4.0
119	5328	5.0
119	5407	4.0
119	5445	4.0
119	5464	4.0
119	5503	3.0
119	5634	5.0
119	5817	5.0
119	5842	3.0
119	5844	5.0
119	5892	4.0
119	5904	4.0
119	5958	3.0
119	5972	3.0
119	6081	3.0
119	6159	2.0
119	6187	3.0
119	6328	3.0
119	6370	3.0
119	6422	3.0
119	6476	5.0
119	6504	4.0
119	6513	3.0
119	6672	2.0
119	6682	5.0
119	6773	3.0
119	6801	2.0
119	6831	5.0
119	6867	3.0
119	6887	3.0
119	6922	4.0
125	85	4.0
125	362	3.0
125	557	4.0
125	611	3.0
125	1091	4.0
125	1102	4.0
125	1204	4.0
125	1212	4.0
125	1458	3.0
125	1540	4.0
125	2135	5.0
125	2208	5.0
125	2262	4.0
125	2681	3.0
125	2846	4.0
125	3024	4.0
125	3407	4.0
125	3619	2.0
125	3866	4.0
125	4188	3.0
125	4390	4.0
125	4454	4.0
125	4611	2.0
125	5012	4.0
125	5249	4.0
125	5407	4.0
125	5417	3.0
125	5432	5.0
125	5572	4.0
125	5719	3.0
125	6123	3.0
125	6197	3.0
125	6335	3.0
125	6695	3.0
146	11	4.0
146	67	3.0
146	133	5.0
146	180	5.0
146	278	3.0
146	353	5.0
146	578	2.0
146	674	3.0
146	778	4.0
146	1049	3.0
146	1346	3.0
146	1534	3.0
146	1600	3.0
146	1876	5.0
146	1881	4.0
146	2015	4.0
146	2041	3.0
146	2090	5.0
146	2098	5.0
146	2101	3.0
146	2235	5.0
146	2262	5.0
146	2275	5.0
146	2330	4.0
146	2398	3.0
146	2458	4.0
146	2593	5.0
146	2625	4.0
146	2999	5.0
146	3090	4.0
146	3114	4.0
146	3463	5.0
146	3466	5.0
146	3473	5.0
146	3649	4.0
146	3688	4.0
146	3699	3.0
146	3846	4.0
146	3894	5.0
146	4117	5.0
146	4169	4.0
146	4284	4.0
146	4435	5.0
146	4477	5.0
146	4688	5.0
146	4692	4.0
146	4704	3.0
146	4852	5.0
146	4884	4.0
146	4917	5.0
146	4956	3.0
146	5012	4.0
146	5032	3.0
146	5191	5.0
146	5222	1.0
146	5317	4.0
146	5432	4.0
146	5500	5.0
146	5572	5.0
146	5792	4.0
146	5802	5.0
146	5830	5.0
146	6097	4.0
146	6175	3.0
146	6183	4.0
146	6310	4.0
146	6366	4.0
146	6505	5.0
146	6538	3.0
146	6544	4.0
146	6565	5.0
146	6672	5.0
146	6799	3.0
146	6810	5.0
254	117	3.0
254	141	4.0
254	178	2.0
254	243	2.0
254	289	4.0
254	301	3.0
254	360	2.0
254	371	3.0
254	474	2.0
254	512	4.0
254	519	5.0
254	544	4.0
254	561	1.0
254	649	5.0
254	749	4.0
254	754	4.0
254	793	3.0
254	818	4.0
254	851	4.0
254	912	3.0
254	929	2.0
254	953	4.0
254	968	2.0
254	1076	3.0
254	1080	3.0
254	1116	2.0
254	1175	3.0
254	1281	3.0
254	1354	3.0
254	1521	3.0
254	1552	4.0
254	1556	3.0
254	1558	3.0
254	1608	4.0
254	1695	4.0
254	1701	2.0
254	1715	3.0
254	1770	4.0
254	1782	2.0
254	1818	4.0
254	1842	3.0
254	1847	4.0
254	1937	2.0
254	1962	3.0
254	1992	5.0
254	2020	4.0
254	2025	2.0
254	2030	3.0
254	2153	4.0
254	2162	3.0
254	2224	4.0
254	2242	5.0
254	2268	4.0
254	2279	3.0
254	2384	2.0
254	2488	5.0
254	2489	4.0
254	2499	4.0
254	2509	4.0
254	2522	3.0
254	2573	4.0
254	2706	4.0
254	2798	4.0
254	2859	4.0
254	2886	2.0
254	2907	4.0
254	2931	4.0
254	2938	3.0
254	2956	4.0
254	2958	4.0
254	2971	4.0
254	3022	4.0
254	3023	4.0
254	3026	4.0
254	3173	4.0
254	3188	4.0
254	3301	5.0
254	3386	3.0
254	3418	3.0
254	3455	5.0
254	3517	4.0
254	3519	5.0
254	3541	2.0
254	3564	5.0
254	3598	3.0
254	3600	4.0
254	3649	2.0
254	3707	3.0
254	3764	5.0
254	3768	5.0
254	3771	5.0
254	3784	3.0
254	3787	4.0
254	3866	3.0
254	3993	3.0
254	4001	5.0
254	4053	5.0
254	4206	4.0
254	4265	4.0
254	4316	4.0
254	4450	3.0
254	4452	4.0
254	4453	4.0
254	4461	5.0
254	4488	4.0
254	4619	2.0
254	4684	3.0
254	4694	4.0
254	4736	4.0
254	4774	2.0
254	4808	4.0
254	4846	3.0
254	4894	2.0
254	4909	3.0
254	5021	3.0
254	5055	3.0
254	5161	4.0
254	5281	2.0
254	5283	2.0
254	5314	5.0
254	5325	2.0
254	5340	3.0
254	5373	1.0
254	5392	3.0
254	5436	3.0
254	5448	3.0
254	5453	4.0
254	5508	3.0
254	5623	3.0
254	5657	3.0
254	5795	3.0
254	5873	3.0
254	5875	3.0
254	5942	5.0
254	5966	3.0
254	5991	3.0
254	6022	4.0
254	6029	4.0
254	6066	2.0
254	6193	4.0
254	6265	3.0
254	6370	4.0
254	6373	4.0
254	6427	3.0
254	6527	4.0
254	6529	5.0
254	6580	4.0
254	6685	5.0
254	6691	5.0
254	6777	4.0
254	6851	4.0
254	6928	2.0
254	6956	4.0
264	821	5.0
264	1071	4.0
264	1083	3.0
264	1116	3.0
264	1441	5.0
264	1483	5.0
264	1488	4.0
264	1654	3.0
264	1701	5.0
264	1732	4.0
264	1755	4.0
264	1805	1.0
264	2240	5.0
264	2248	5.0
264	2517	4.0
264	2824	5.0
264	2900	5.0
264	3019	4.0
264	3235	5.0
264	3294	5.0
264	3533	4.0
264	3603	3.0
264	3687	5.0
264	3707	3.0
264	3768	5.0
264	3778	4.0
264	3873	4.0
264	4115	5.0
264	4206	5.0
264	4469	4.0
264	4565	4.0
264	4922	4.0
264	4985	4.0
264	5052	4.0
264	5082	5.0
264	5087	5.0
264	5531	5.0
264	5875	4.0
264	5984	3.0
264	6067	3.0
264	6147	5.0
264	6203	3.0
264	6217	4.0
264	6427	4.0
264	6759	5.0
264	6774	3.0
264	6841	3.0
353	1	3.0
353	322	3.0
353	680	3.0
353	1010	3.0
353	1065	2.0
353	1174	4.0
353	1578	4.0
353	1723	2.0
353	1750	3.0
353	1772	5.0
353	1983	2.0
353	2233	2.0
353	2288	3.0
353	2326	4.0
353	2350	3.0
353	2434	4.0
353	2609	3.0
353	2706	4.0
353	2711	4.0
353	2788	5.0
353	2846	4.0
353	3170	4.0
353	3307	3.0
353	3309	4.0
353	3739	3.0
353	3874	3.0
353	4027	4.0
353	4171	3.0
353	4295	5.0
353	4511	3.0
353	4729	3.0
353	4748	4.0
353	4831	3.0
353	4934	5.0
353	4945	4.0
353	4982	3.0
353	5581	3.0
353	5597	3.0
353	5747	3.0
353	6022	3.0
353	6174	3.0
353	6208	4.0
353	6232	3.0
353	6253	5.0
353	6682	5.0
353	6685	5.0
353	6885	3.0
353	6940	3.0
353	6963	5.0
379	1	4.0
379	15	3.0
379	29	4.0
379	43	1.0
379	54	3.0
379	97	5.0
379	174	5.0
379	241	2.0
379	243	4.0
379	340	5.0
379	374	3.0
379	375	5.0
379	459	3.0
379	484	3.0
379	552	3.0
379	611	3.0
379	719	5.0
379	789	3.0
379	858	3.0
379	892	2.0
379	913	2.0
379	929	4.0
379	961	2.0
379	975	2.0
379	1020	3.0
379	1036	5.0
379	1049	4.0
379	1070	3.0
379	1071	3.0
379	1159	4.0
379	1177	5.0
379	1209	1.0
379	1342	3.0
379	1379	3.0
379	1432	4.0
379	1441	5.0
379	1468	3.0
379	1483	4.0
379	1491	2.0
379	1531	3.0
379	1532	4.0
379	1561	3.0
379	1632	2.0
379	1653	5.0
379	1670	3.0
379	1703	4.0
379	1728	5.0
379	1749	4.0
379	1834	4.0
379	1840	4.0
379	2025	3.0
379	2037	3.0
379	2143	3.0
379	2252	3.0
379	2263	4.0
379	2270	4.0
379	2305	2.0
379	2431	2.0
379	2565	3.0
379	2585	4.0
379	2609	3.0
379	2627	4.0
379	2690	4.0
379	2706	4.0
379	2751	3.0
379	2763	5.0
379	2772	5.0
379	2788	5.0
379	2825	4.0
379	2894	4.0
379	2908	5.0
379	2935	1.0
379	2976	2.0
379	2982	3.0
379	3167	4.0
379	3213	3.0
379	3356	4.0
379	3446	5.0
379	3477	4.0
379	3486	4.0
379	3517	4.0
379	3525	3.0
379	3528	5.0
379	3539	4.0
379	3555	1.0
379	3568	3.0
379	3581	5.0
379	3669	4.0
379	3697	3.0
379	3707	3.0
379	3722	3.0
379	3757	3.0
379	3770	5.0
379	3855	1.0
379	3856	4.0
379	3886	2.0
379	3954	5.0
379	3968	3.0
379	3970	1.0
379	3986	3.0
379	3993	2.0
379	4037	5.0
379	4039	5.0
379	4090	4.0
379	4148	3.0
379	4194	4.0
379	4202	4.0
379	4265	4.0
379	4269	4.0
379	4340	4.0
379	4436	5.0
379	4559	3.0
379	4605	3.0
379	4628	3.0
379	4684	5.0
379	4713	3.0
379	4787	4.0
379	4857	5.0
379	4878	3.0
379	4910	4.0
379	4922	4.0
379	4997	4.0
379	5012	4.0
379	5049	4.0
379	5154	3.0
379	5178	4.0
379	5236	4.0
379	5251	3.0
379	5315	2.0
379	5344	3.0
379	5394	5.0
379	5436	3.0
379	5478	4.0
379	5500	4.0
379	5571	4.0
379	5572	4.0
379	5578	3.0
379	5684	4.0
379	5711	3.0
379	5718	3.0
379	5774	2.0
379	5778	2.0
379	5843	3.0
379	5928	5.0
379	6039	5.0
379	6287	3.0
379	6299	1.0
379	6395	3.0
379	6497	4.0
379	6523	5.0
379	6631	3.0
379	6685	5.0
379	6799	4.0
398	217	5.0
398	254	3.0
398	653	4.0
398	817	4.0
398	939	5.0
398	958	4.0
398	1061	5.0
398	1077	5.0
398	1454	4.0
398	1576	4.0
398	1608	4.0
398	1613	4.0
398	1663	4.0
398	1772	4.0
398	1808	5.0
398	1859	4.0
398	1941	5.0
398	2041	4.0
398	2159	3.0
398	2221	3.0
398	2287	4.0
398	2353	4.0
398	2425	4.0
398	2461	4.0
398	2462	4.0
398	2529	3.0
398	2706	4.0
398	2717	5.0
398	2787	4.0
398	2792	5.0
398	3075	5.0
398	3129	4.0
398	3295	4.0
398	3307	4.0
398	3343	3.0
398	3376	3.0
398	3410	3.0
398	3449	3.0
398	3687	4.0
398	3720	4.0
398	3777	4.0
398	3834	3.0
398	3984	5.0
398	4151	4.0
398	4295	4.0
398	4309	3.0
398	4421	5.0
398	4847	3.0
398	4951	3.0
398	5082	4.0
398	5248	3.0
398	5282	3.0
398	5288	3.0
398	5294	5.0
398	5299	4.0
398	5344	4.0
398	5436	3.0
398	5582	5.0
398	5651	4.0
398	5698	4.0
398	5785	5.0
398	5845	3.0
398	6200	4.0
398	6203	4.0
398	6280	4.0
398	6286	2.0
398	6377	4.0
398	6583	3.0
398	6691	4.0
398	6931	3.0
439	192	3.0
439	272	3.0
439	459	3.0
439	528	4.0
439	529	4.0
439	629	3.0
439	716	3.0
439	719	2.0
439	793	4.0
439	1010	3.0
439	1073	4.0
439	1080	4.0
439	1248	4.0
439	1379	3.0
439	1425	3.0
439	1441	3.0
439	1521	3.0
439	1545	2.0
439	1613	4.0
439	1617	2.0
439	1866	3.0
439	1959	4.0
439	2017	3.0
439	2028	3.0
439	2248	4.0
439	2357	4.0
439	2520	1.0
439	2725	3.0
439	2898	3.0
439	2910	2.0
439	2940	2.0
439	3024	5.0
439	3268	5.0
439	3309	5.0
439	3371	3.0
439	3407	3.0
439	3564	3.0
439	3570	3.0
439	3617	4.0
439	3675	3.0
439	3679	4.0
439	3825	4.0
439	3866	3.0
439	4002	3.0
439	4097	3.0
439	4168	2.0
439	4235	1.0
439	4463	3.0
439	4628	2.0
439	4924	4.0
439	4927	4.0
439	4972	5.0
439	5106	5.0
439	5281	3.0
439	5293	4.0
439	5311	3.0
439	5428	2.0
439	5436	2.0
439	5746	3.0
439	5912	3.0
439	6208	3.0
439	6232	3.0
439	6286	4.0
439	6687	3.0
439	6923	3.0
457	124	4.0
457	141	4.0
457	174	5.0
457	226	4.0
457	276	5.0
457	353	4.0
457	557	5.0
457	601	5.0
457	680	4.0
457	681	3.0
457	711	3.0
457	716	3.0
457	747	4.0
457	846	3.0
457	1061	5.0
457	1068	3.0
457	1177	4.0
457	1338	4.0
457	1532	2.0
457	1534	2.0
457	1617	4.0
457	1639	4.0
457	1728	4.0
457	2027	4.0
457	2073	3.0
457	2132	3.0
457	2246	3.0
457	2356	4.0
457	2490	4.0
457	2545	3.0
457	3025	5.0
457	3026	5.0
457	3150	4.0
457	3309	5.0
457	3371	4.0
457	3409	5.0
457	3528	4.0
457	3568	3.0
457	3859	2.0
457	3876	4.0
457	3910	3.0
457	3946	4.0
457	3993	2.0
457	4101	4.0
457	4187	5.0
457	4355	4.0
457	4426	4.0
457	4628	3.0
457	4658	4.0
457	4684	5.0
457	4857	3.0
457	4894	3.0
457	4924	4.0
457	5049	3.0
457	5193	4.0
457	5256	5.0
457	5259	3.0
457	5265	5.0
457	5293	5.0
457	5407	5.0
457	5572	5.0
457	5573	4.0
457	5672	3.0
457	5696	3.0
457	5873	4.0
457	5910	4.0
457	6029	4.0
457	6229	4.0
457	6403	3.0
457	6558	3.0
457	6583	4.0
457	6672	4.0
457	6690	4.0
457	6740	3.0
457	6923	4.0
511	88	3.0
511	197	4.0
511	221	4.0
511	223	4.0
511	351	4.0
511	557	4.0
511	560	4.0
511	568	4.0
511	596	4.0
511	613	3.0
511	680	4.0
511	789	4.0
511	832	5.0
511	913	2.0
511	934	3.0
511	1033	4.0
511	1040	4.0
511	1061	4.0
511	1074	4.0
511	1080	4.0
511	1175	5.0
511	1177	5.0
511	1213	3.0
511	1216	1.0
511	1236	4.0
511	1248	4.0
511	1276	5.0
511	1284	5.0
511	1336	4.0
511	1384	4.0
511	1440	4.0
511	1441	5.0
511	1451	4.0
511	1452	4.0
511	1483	5.0
511	1617	4.0
511	1686	4.0
511	1713	4.0
511	1941	4.0
511	1956	4.0
511	2057	4.0
511	2132	4.0
511	2135	4.0
511	2245	3.0
511	2248	3.0
511	2328	4.0
511	2444	3.0
511	2462	4.0
511	2511	3.0
511	2625	4.0
511	2647	3.0
511	2706	5.0
511	2792	4.0
511	2858	4.0
511	2861	4.0
511	2925	4.0
511	2992	4.0
511	3025	5.0
511	3093	4.0
511	3099	4.0
511	3102	5.0
511	3319	4.0
511	3331	3.0
511	3371	4.0
511	3407	3.0
511	3419	4.0
511	3523	4.0
511	3691	3.0
511	3731	4.0
511	3977	4.0
511	3996	3.0
511	3997	3.0
511	4169	4.0
511	4202	3.0
511	4295	4.0
511	4296	4.0
511	4358	4.0
511	4469	3.0
511	4477	4.0
511	4549	3.0
511	4631	4.0
511	4635	3.0
511	4852	3.0
511	4868	4.0
511	4882	4.0
511	4884	4.0
511	4959	5.0
511	5082	3.0
511	5134	4.0
511	5236	4.0
511	5304	3.0
511	5311	3.0
511	5424	3.0
511	5453	4.0
511	5567	3.0
511	5578	3.0
511	5719	3.0
511	5928	3.0
511	5942	5.0
511	6066	3.0
511	6142	4.0
511	6194	5.0
511	6214	4.0
511	6327	4.0
511	6342	4.0
511	6574	4.0
511	6609	4.0
511	6653	3.0
511	6747	4.0
511	6851	4.0
511	6881	4.0
511	6916	3.0
511	6969	5.0
622	96	4.0
622	120	4.0
622	832	5.0
622	835	4.0
622	1030	4.0
622	1105	4.0
622	1310	4.0
622	1421	3.0
622	1494	3.0
622	1503	3.0
622	1513	4.0
622	1544	4.0
622	1590	4.0
622	1608	5.0
622	1613	4.0
622	1617	4.0
622	1654	3.0
622	1745	3.0
622	1808	3.0
622	1906	3.0
622	2252	4.0
622	2421	4.0
622	2838	4.0
622	2956	4.0
622	3152	5.0
622	3378	3.0
622	3564	5.0
622	3707	4.0
622	3753	4.0
622	3794	5.0
622	3876	4.0
622	3955	5.0
622	4056	3.0
622	4115	4.0
622	4230	4.0
622	4236	4.0
622	4462	3.0
622	4477	5.0
622	4596	3.0
622	4630	4.0
622	4665	5.0
622	4894	4.0
622	4927	5.0
622	5066	4.0
622	5251	5.0
622	5354	4.0
622	5386	4.0
622	5515	4.0
622	5531	4.0
622	5716	4.0
622	5792	4.0
622	5848	5.0
622	5892	4.0
622	6010	4.0
622	6208	4.0
622	6253	5.0
622	6685	4.0
622	6877	4.0
622	6953	4.0
721	220	5.0
721	281	5.0
721	623	4.0
721	681	4.0
721	709	2.0
721	817	4.0
721	1116	4.0
721	1175	5.0
721	1292	1.0
721	1552	5.0
721	1608	4.0
721	1617	4.0
721	1728	5.0
721	1745	3.0
721	1865	1.0
721	1950	2.0
721	2011	4.0
721	2033	5.0
721	2183	5.0
721	2406	4.0
721	2574	3.0
721	2578	3.0
721	2706	3.0
721	2893	2.0
721	2924	5.0
721	2959	5.0
721	2971	3.0
721	3025	5.0
721	3247	5.0
721	3363	4.0
721	3425	4.0
721	3536	4.0
721	3568	2.0
721	3739	5.0
721	4054	4.0
721	4063	5.0
721	4140	5.0
721	4295	3.0
721	4316	4.0
721	4328	2.0
721	4519	3.0
721	4527	4.0
721	4541	3.0
721	4684	4.0
721	4743	5.0
721	4826	5.0
721	5453	5.0
721	5476	5.0
721	5581	2.0
721	5592	1.0
721	5834	4.0
721	5875	4.0
721	5979	4.0
721	5991	4.0
721	6196	5.0
721	6336	4.0
721	6536	4.0
721	6852	3.0
721	6881	5.0
721	6952	5.0
721	6953	3.0
721	6956	4.0
721	6967	5.0
721	6969	4.0
748	141	5.0
748	170	5.0
748	223	5.0
748	257	4.0
748	260	4.0
748	336	4.0
748	370	4.0
748	451	4.0
748	457	3.0
748	483	3.0
748	497	5.0
748	557	5.0
748	602	3.0
748	682	4.0
748	777	5.0
748	807	4.0
748	808	5.0
748	816	5.0
748	829	4.0
748	835	5.0
748	859	3.0
748	876	4.0
748	929	5.0
748	1001	4.0
748	1009	4.0
748	1057	4.0
748	1065	3.0
748	1080	5.0
748	1081	5.0
748	1088	5.0
748	1095	3.0
748	1134	3.0
748	1441	5.0
748	1472	3.0
748	1513	5.0
748	1517	3.0
748	1573	4.0
748	1682	4.0
748	1770	5.0
748	1925	4.0
748	1975	3.0
748	2098	5.0
748	2196	4.0
748	2242	5.0
748	2315	3.0
748	2350	4.0
748	2387	3.0
748	2421	4.0
748	2423	3.0
748	2434	5.0
748	2458	4.0
748	2501	4.0
748	2513	4.0
748	2602	4.0
748	2612	4.0
748	2824	5.0
748	2960	4.0
748	2982	4.0
748	3022	5.0
748	3023	5.0
748	3060	5.0
748	3099	5.0
748	3112	5.0
748	3118	5.0
748	3143	3.0
748	3149	5.0
748	3150	4.0
748	3166	4.0
748	3198	3.0
748	3243	3.0
748	3260	4.0
748	3275	5.0
748	3285	4.0
748	3365	5.0
748	3432	5.0
748	3450	5.0
748	3527	3.0
748	3616	3.0
748	3649	3.0
748	3676	5.0
748	3700	4.0
748	3739	4.0
748	3794	3.0
748	3796	5.0
748	3950	3.0
748	3955	5.0
748	4025	5.0
748	4053	4.0
748	4067	4.0
748	4070	4.0
748	4161	3.0
748	4178	4.0
748	4179	4.0
748	4180	3.0
748	4186	4.0
748	4318	4.0
748	4457	5.0
748	4467	4.0
748	4493	5.0
748	4504	4.0
748	4514	4.0
748	4553	3.0
748	4592	4.0
748	4652	5.0
748	4665	5.0
748	4749	4.0
748	4767	5.0
748	4781	4.0
748	4863	4.0
748	4927	5.0
748	5030	5.0
748	5100	4.0
748	5145	3.0
748	5262	3.0
748	5304	4.0
748	5315	4.0
748	5377	4.0
748	5401	5.0
748	5528	4.0
748	5572	5.0
748	5746	4.0
748	5811	5.0
748	5939	5.0
748	6053	4.0
748	6056	4.0
748	6074	4.0
748	6080	5.0
748	6083	4.0
748	6104	4.0
748	6179	3.0
748	6181	5.0
748	6199	4.0
748	6275	4.0
748	6307	5.0
748	6371	5.0
748	6484	3.0
748	6523	4.0
748	6524	3.0
748	6571	4.0
748	6584	5.0
748	6613	5.0
748	6645	3.0
748	6661	4.0
748	6663	4.0
748	6673	3.0
748	6708	4.0
748	6772	3.0
748	6776	4.0
748	6860	5.0
748	6937	4.0
748	6957	5.0
748	6965	4.0
785	223	5.0
785	418	5.0
785	708	4.0
785	747	4.0
785	861	4.0
785	1175	5.0
785	1177	5.0
785	1237	5.0
785	1294	4.0
785	1372	4.0
785	1772	5.0
785	2319	3.0
785	2779	3.0
785	2931	4.0
785	2991	5.0
785	3089	4.0
785	3570	4.0
785	3684	3.0
785	3704	5.0
785	3707	4.0
785	3720	3.0
785	3856	4.0
785	4042	3.0
785	4271	4.0
785	4345	5.0
785	5049	3.0
785	5082	4.0
785	5089	2.0
785	5295	2.0
785	5792	3.0
785	5844	5.0
785	6464	4.0
785	6484	5.0
785	6605	3.0
785	6772	5.0
785	6878	4.0
804	180	5.0
804	232	4.0
804	276	4.0
804	370	4.0
804	375	4.0
804	399	4.0
804	420	3.0
804	601	5.0
804	643	4.0
804	747	5.0
804	767	4.0
804	936	3.0
804	968	3.0
804	1038	4.0
804	1044	3.0
804	1080	4.0
804	1166	4.0
804	1204	4.0
804	1271	4.0
804	1419	4.0
804	1615	5.0
804	1629	4.0
804	1644	4.0
804	1715	4.0
804	1772	5.0
804	1920	4.0
804	2029	5.0
804	2085	3.0
804	2163	5.0
804	2260	4.0
804	2274	4.0
804	2359	4.0
804	2483	5.0
804	2509	4.0
804	2517	3.0
804	2530	3.0
804	2541	4.0
804	2591	4.0
804	2742	4.0
804	2924	4.0
804	2931	4.0
804	2938	4.0
804	3270	4.0
804	3281	3.0
804	3295	5.0
804	3406	4.0
804	3483	3.0
804	3568	3.0
804	3572	3.0
804	3577	3.0
804	3650	4.0
804	3666	4.0
804	3685	3.0
804	3690	4.0
804	3692	4.0
804	3779	4.0
804	3794	5.0
804	3876	4.0
804	3884	4.0
804	4037	4.0
804	4117	4.0
804	4422	4.0
804	4457	5.0
804	4459	4.0
804	4462	3.0
804	4469	4.0
804	4477	5.0
804	4480	3.0
804	4621	4.0
804	4644	5.0
804	4674	4.0
804	4695	4.0
804	4947	4.0
804	4953	4.0
804	4990	5.0
804	5019	4.0
804	5046	4.0
804	5057	5.0
804	5092	4.0
804	5212	4.0
804	5232	3.0
804	5296	4.0
804	5407	5.0
804	5422	3.0
804	5423	3.0
804	5424	3.0
804	5432	4.0
804	5566	4.0
804	5571	4.0
804	5642	4.0
804	5657	4.0
804	5720	3.0
804	5889	5.0
804	5910	3.0
804	5928	4.0
804	5936	4.0
804	5969	3.0
804	6086	4.0
804	6522	4.0
804	6545	3.0
804	6561	3.0
804	6563	3.0
804	6637	4.0
804	6726	3.0
804	6736	4.0
804	6876	4.0
804	6926	3.0
815	214	4.0
815	217	4.0
815	283	5.0
815	392	3.0
815	442	3.0
815	490	4.0
815	503	5.0
815	557	4.0
815	605	4.0
815	614	4.0
815	681	3.0
815	712	5.0
815	796	5.0
815	919	4.0
815	958	5.0
815	1019	5.0
815	1074	5.0
815	1077	4.0
815	1195	3.0
815	1212	4.0
815	1215	5.0
815	1231	3.0
815	1246	5.0
815	1248	5.0
815	1336	5.0
815	1377	4.0
815	1396	2.0
815	1407	5.0
815	1486	4.0
815	1521	5.0
815	1593	5.0
815	1636	1.0
815	1668	5.0
815	1723	5.0
815	1728	5.0
815	1745	4.0
815	1772	5.0
815	1808	4.0
815	1983	4.0
815	2069	5.0
815	2161	4.0
815	2173	3.0
815	2197	3.0
815	2240	4.0
815	2242	4.0
815	2262	5.0
815	2274	3.0
815	2321	5.0
815	2339	3.0
815	2497	4.0
815	2681	4.0
815	2717	5.0
815	2737	3.0
815	2772	5.0
815	2815	5.0
815	2847	4.0
815	2926	4.0
815	2959	5.0
815	2992	5.0
815	3000	5.0
815	3118	5.0
815	3173	4.0
815	3236	3.0
815	3253	3.0
815	3268	3.0
815	3280	5.0
815	3307	5.0
815	3403	4.0
815	3409	4.0
815	3536	5.0
815	3585	3.0
815	3629	4.0
815	3646	3.0
815	3695	2.0
815	3741	2.0
815	3924	5.0
815	4020	4.0
815	4037	4.0
815	4042	3.0
815	4050	5.0
815	4086	3.0
815	4115	4.0
815	4194	4.0
815	4241	4.0
815	4340	5.0
815	4361	3.0
815	4388	3.0
815	4421	5.0
815	4467	4.0
815	4672	3.0
815	4767	5.0
815	4774	3.0
815	4853	5.0
815	4868	3.0
815	5014	3.0
815	5073	4.0
815	5153	3.0
815	5170	5.0
815	5258	5.0
815	5279	4.0
815	5291	2.0
815	5386	5.0
815	5431	4.0
815	5432	5.0
815	5472	2.0
815	5476	5.0
815	5508	4.0
815	5531	4.0
815	5572	4.0
815	5595	3.0
815	5795	4.0
815	5811	4.0
815	5850	3.0
815	6150	4.0
815	6169	4.0
815	6232	5.0
815	6275	4.0
815	6344	5.0
815	6353	5.0
815	6409	3.0
815	6425	3.0
815	6484	3.0
815	6517	3.0
815	6584	5.0
815	6614	4.0
815	6634	5.0
815	6664	4.0
815	6725	5.0
815	6931	4.0
815	6952	4.0
832	170	4.0
832	226	5.0
832	243	5.0
832	276	5.0
832	535	4.0
832	601	5.0
832	797	2.0
832	1056	5.0
832	1143	5.0
832	1263	3.0
832	1289	4.0
832	1361	4.0
832	1488	5.0
832	1534	1.0
832	1601	3.0
832	1613	5.0
832	1728	5.0
832	1772	5.0
832	1798	2.0
832	1941	4.0
832	1964	5.0
832	2029	5.0
832	2098	4.0
832	2169	3.0
832	2262	4.0
832	2421	4.0
832	2514	2.0
832	2517	5.0
832	2580	3.0
832	2641	3.0
832	2704	3.0
832	2716	4.0
832	2801	4.0
832	2956	5.0
832	3028	5.0
832	3052	5.0
832	3192	5.0
832	3248	5.0
832	3301	5.0
832	3309	5.0
832	3423	4.0
832	3521	4.0
832	3649	4.0
832	3662	5.0
832	3783	3.0
832	3787	5.0
832	3847	5.0
832	3877	3.0
832	4160	3.0
832	4171	4.0
832	4236	5.0
832	4369	3.0
832	4457	5.0
832	4487	5.0
832	4523	4.0
832	4596	4.0
832	4658	4.0
832	4889	5.0
832	4926	5.0
832	4928	3.0
832	4953	3.0
832	4982	3.0
832	5012	5.0
832	5211	5.0
832	5222	2.0
832	5274	5.0
832	5297	5.0
832	5328	5.0
832	5386	3.0
832	5430	4.0
832	5445	5.0
832	5498	5.0
832	5531	4.0
832	5597	5.0
832	5630	3.0
832	5791	5.0
832	5956	5.0
832	5991	5.0
832	6182	4.0
832	6193	5.0
832	6214	3.0
832	6217	5.0
832	6232	5.0
832	6426	5.0
832	6583	4.0
832	6777	5.0
832	6789	4.0
832	6837	4.0
832	6881	3.0
832	6884	4.0
832	6927	5.0
837	24	3.0
837	30	3.0
837	41	3.0
837	102	3.0
837	161	5.0
837	212	4.0
837	266	2.0
837	275	2.0
837	347	3.0
837	350	3.0
837	370	4.0
837	466	2.0
837	646	3.0
837	719	4.0
837	741	3.0
837	806	3.0
837	839	4.0
837	919	2.0
837	968	4.0
837	984	2.0
837	1017	3.0
837	1026	4.0
837	1159	2.0
837	1195	4.0
837	1350	3.0
837	1440	2.0
837	1474	4.0
837	1503	3.0
837	1538	3.0
837	1577	2.0
837	1613	3.0
837	1621	3.0
837	1745	4.0
837	1766	5.0
837	1768	3.0
837	1839	4.0
837	2017	3.0
837	2019	4.0
837	2093	2.0
837	2098	5.0
837	2135	3.0
837	2159	2.0
837	2176	3.0
837	2257	3.0
837	2260	4.0
837	2340	3.0
837	2343	3.0
837	2378	4.0
837	2404	3.0
837	2430	4.0
837	2483	3.0
837	2484	3.0
837	2558	3.0
837	2768	4.0
837	2788	3.0
837	2962	4.0
837	3132	3.0
837	3192	4.0
837	3228	3.0
837	3377	5.0
837	3623	3.0
837	3648	3.0
837	3758	3.0
837	3783	4.0
837	3823	5.0
837	3835	3.0
837	3866	2.0
837	3993	2.0
837	4019	3.0
837	4101	3.0
837	4125	3.0
837	4185	5.0
837	4204	3.0
837	4246	2.0
837	4291	2.0
837	4450	3.0
837	4521	4.0
837	4550	3.0
837	4646	3.0
837	4729	3.0
837	4766	3.0
837	4773	2.0
837	4779	3.0
837	4781	4.0
837	4801	1.0
837	4809	4.0
837	4877	5.0
837	4993	3.0
837	5191	5.0
837	5344	5.0
837	5353	3.0
837	5438	3.0
837	5469	3.0
837	5483	3.0
837	5494	4.0
837	5499	3.0
837	5501	2.0
837	5506	3.0
837	5704	3.0
837	5789	2.0
837	5896	2.0
837	6050	3.0
837	6101	2.0
837	6107	3.0
837	6147	3.0
837	6193	3.0
837	6199	3.0
837	6203	3.0
837	6342	2.0
837	6380	5.0
837	6385	3.0
837	6416	2.0
837	6424	3.0
837	6453	2.0
837	6454	2.0
837	6543	3.0
837	6607	3.0
837	6665	3.0
837	6774	3.0
837	6833	4.0
837	6876	2.0
844	1	4.0
844	133	5.0
844	220	3.0
844	341	5.0
844	473	4.0
844	581	4.0
844	668	3.0
844	680	4.0
844	1073	4.0
844	1074	4.0
844	1077	4.0
844	1159	4.0
844	1195	3.0
844	1294	4.0
844	1745	3.0
844	1956	5.0
844	2116	3.0
844	2196	3.0
844	2252	4.0
844	2838	4.0
844	2846	4.0
844	2901	4.0
844	2931	4.0
844	3856	3.0
844	3876	4.0
844	3912	5.0
844	4111	3.0
844	4214	4.0
844	4246	5.0
844	4339	3.0
844	4743	4.0
844	4982	4.0
844	5100	4.0
844	5154	3.0
844	5534	5.0
844	5566	5.0
844	5879	3.0
844	6123	3.0
844	6469	4.0
844	6637	3.0
844	6878	5.0
863	1	3.0
863	27	4.0
863	30	4.0
863	141	3.0
863	158	4.0
863	180	4.0
863	183	4.0
863	189	3.0
863	194	4.0
863	243	4.0
863	252	4.0
863	269	3.0
863	353	5.0
863	494	3.0
863	496	3.0
863	517	3.0
863	518	3.0
863	519	3.0
863	528	5.0
863	551	4.0
863	594	4.0
863	613	4.0
863	678	4.0
863	680	3.0
863	805	4.0
863	808	4.0
863	816	4.0
863	821	4.0
863	929	5.0
863	1145	2.0
863	1166	4.0
863	1197	3.0
863	1218	5.0
863	1225	3.0
863	1248	4.0
863	1301	3.0
863	1319	2.0
863	1377	3.0
863	1441	4.0
863	1468	4.0
863	1558	4.0
863	1585	3.0
863	1617	3.0
863	1726	3.0
863	1728	5.0
863	1747	4.0
863	1826	3.0
863	1834	3.0
863	1857	3.0
863	1951	4.0
863	2033	5.0
863	2049	5.0
863	2098	4.0
863	2102	3.0
863	2123	4.0
863	2159	3.0
863	2199	3.0
863	2235	4.0
863	2243	4.0
863	2245	4.0
863	2254	3.0
863	2287	3.0
863	2365	4.0
863	2430	4.0
863	2436	4.0
863	2464	5.0
863	2533	5.0
863	2579	3.0
863	2602	3.0
863	2706	4.0
863	2714	4.0
863	2756	4.0
863	2825	3.0
863	2900	4.0
863	2970	3.0
863	3003	3.0
863	3150	3.0
863	3162	3.0
863	3276	4.0
863	3309	4.0
863	3330	4.0
863	3339	4.0
863	3353	3.0
863	3449	3.0
863	3462	4.0
863	3465	4.0
863	3580	3.0
863	3587	3.0
863	3597	3.0
863	3781	5.0
863	3796	4.0
863	3873	4.0
863	3874	4.0
863	3949	5.0
863	4042	4.0
863	4067	3.0
863	4109	4.0
863	4111	3.0
863	4120	3.0
863	4121	3.0
863	4161	3.0
863	4169	4.0
863	4193	4.0
863	4236	3.0
863	4252	4.0
863	4307	4.0
863	4416	3.0
863	4452	3.0
863	4462	3.0
863	4665	4.0
863	4922	3.0
863	5031	4.0
863	5050	4.0
863	5082	4.0
863	5265	4.0
863	5281	3.0
863	5291	3.0
863	5294	5.0
863	5296	4.0
863	5317	4.0
863	5323	3.0
863	5347	4.0
863	5353	4.0
863	5384	3.0
863	5472	4.0
863	5541	3.0
863	5572	4.0
863	5647	4.0
863	5746	4.0
863	5793	4.0
863	5928	4.0
863	5991	4.0
863	6110	4.0
863	6115	4.0
863	6203	4.0
863	6237	3.0
863	6370	4.0
863	6396	3.0
863	6420	3.0
863	6423	3.0
863	6503	4.0
863	6507	4.0
863	6550	4.0
863	6596	4.0
863	6664	3.0
863	6682	5.0
863	6705	3.0
863	6822	4.0
863	6923	4.0
863	6937	3.0
863	6957	4.0
886	31	4.0
886	77	4.0
886	101	3.0
886	161	4.0
886	193	4.0
886	226	5.0
886	233	3.0
886	260	4.0
886	266	4.0
886	356	5.0
886	370	4.0
886	418	4.0
886	438	4.0
886	446	4.0
886	448	3.0
886	464	4.0
886	474	3.0
886	479	5.0
886	487	3.0
886	500	4.0
886	554	3.0
886	581	3.0
886	605	4.0
886	712	5.0
886	832	4.0
886	840	4.0
886	910	4.0
886	956	4.0
886	957	3.0
886	994	4.0
886	1030	4.0
886	1034	4.0
886	1116	4.0
886	1193	3.0
886	1248	3.0
886	1257	5.0
886	1278	2.0
886	1287	3.0
886	1304	4.0
886	1336	4.0
886	1354	3.0
886	1361	3.0
886	1424	3.0
886	1468	2.0
886	1579	3.0
886	1595	3.0
886	1617	4.0
886	1674	3.0
886	1740	3.0
886	1761	3.0
886	1820	4.0
886	1989	3.0
886	1999	3.0
886	2017	4.0
886	2055	4.0
886	2072	3.0
886	2208	4.0
886	2245	3.0
886	2468	3.0
886	2481	5.0
886	2518	3.0
886	2533	4.0
886	2544	3.0
886	2550	3.0
886	2591	3.0
886	2687	3.0
886	2782	4.0
886	2788	4.0
886	2798	4.0
886	2872	3.0
886	2952	5.0
886	2992	4.0
886	3028	4.0
886	3087	4.0
886	3318	4.0
886	3386	3.0
886	3528	4.0
886	3570	4.0
886	3602	4.0
886	3722	3.0
886	3787	4.0
886	3822	2.0
886	3864	3.0
886	3883	3.0
886	3921	3.0
886	3922	3.0
886	3980	3.0
886	4061	4.0
886	4203	3.0
886	4287	3.0
886	4323	4.0
886	4387	4.0
886	4507	3.0
886	4539	3.0
886	4643	5.0
886	4650	3.0
886	5082	4.0
886	5086	4.0
886	5167	4.0
886	5177	3.0
886	5191	4.0
886	5213	5.0
886	5266	5.0
886	5274	3.0
886	5378	4.0
886	5406	4.0
886	5407	4.0
886	5423	3.0
886	5478	3.0
886	5482	2.0
886	5493	3.0
886	5818	4.0
886	5857	3.0
886	6095	5.0
886	6109	3.0
886	6193	4.0
886	6270	4.0
886	6330	2.0
886	6370	3.0
886	6409	3.0
886	6411	3.0
886	6523	4.0
886	6545	3.0
886	6565	4.0
886	6653	3.0
886	6754	4.0
886	6821	3.0
886	6851	4.0
886	6855	4.0
886	6911	3.0
886	6923	3.0
897	120	4.0
897	168	4.0
897	272	3.0
897	353	4.0
897	808	4.0
897	1432	4.0
897	1438	5.0
897	1470	4.0
897	1513	4.0
897	1654	3.0
897	1723	5.0
897	1772	5.0
897	2030	4.0
897	2152	5.0
897	2280	4.0
897	2541	5.0
897	2682	4.0
897	2774	3.0
897	2991	4.0
897	3407	4.0
897	3707	5.0
897	3736	4.0
897	3777	4.0
897	3794	4.0
897	3821	3.0
897	3990	4.0
897	4086	5.0
897	4135	3.0
897	4213	4.0
897	4487	4.0
897	4776	5.0
897	4840	5.0
897	4988	5.0
897	5106	3.0
897	5135	3.0
897	5154	3.0
897	5254	4.0
897	5294	5.0
897	5572	5.0
897	5625	5.0
897	6084	3.0
897	6578	5.0
924	223	5.0
924	282	4.0
924	386	4.0
924	680	5.0
924	747	4.0
924	817	5.0
924	939	4.0
924	1488	5.0
924	1608	4.0
924	1728	5.0
924	1875	4.0
924	2029	4.0
924	2036	4.0
924	2090	5.0
924	2153	5.0
924	2196	4.0
924	2350	4.0
924	3025	4.0
924	3144	3.0
924	3296	3.0
924	3440	4.0
924	3587	4.0
924	3707	4.0
924	3778	4.0
924	4117	4.0
924	4477	4.0
924	4852	4.0
924	4927	5.0
924	4982	4.0
924	5124	5.0
924	5217	4.0
924	5299	5.0
924	5394	4.0
924	5400	4.0
924	5445	5.0
924	5792	4.0
924	5928	3.0
924	6271	4.0
924	6472	4.0
924	6534	3.0
924	6536	5.0
924	6770	3.0
929	48	5.0
929	103	5.0
929	155	5.0
929	219	4.0
929	289	5.0
929	304	4.0
929	307	3.0
929	316	2.0
929	322	5.0
929	391	4.0
929	437	5.0
929	448	4.0
929	471	4.0
929	500	5.0
929	557	5.0
929	605	5.0
929	732	5.0
929	751	5.0
929	816	5.0
929	857	5.0
929	902	4.0
929	918	5.0
929	1002	4.0
929	1011	3.0
929	1055	4.0
929	1072	5.0
929	1116	3.0
929	1226	5.0
929	1269	5.0
929	1304	3.0
929	1353	3.0
929	1397	5.0
929	1438	5.0
929	1441	4.0
929	1462	3.0
929	1494	4.0
929	1647	5.0
929	1705	3.0
929	1755	5.0
929	1813	5.0
929	1859	5.0
929	1876	5.0
929	1951	4.0
929	1963	5.0
929	1991	5.0
929	2033	5.0
929	2104	5.0
929	2124	2.0
929	2125	4.0
929	2197	4.0
929	2224	5.0
929	2240	5.0
929	2242	5.0
929	2274	5.0
929	2283	4.0
929	2308	2.0
929	2320	4.0
929	2356	5.0
929	2466	4.0
929	2489	5.0
929	2511	2.0
929	2519	4.0
929	2520	4.0
929	2549	4.0
929	2560	2.0
929	2637	5.0
929	2676	5.0
929	2699	4.0
929	2706	5.0
929	2717	5.0
929	2725	4.0
929	2796	4.0
929	2841	3.0
929	2869	5.0
929	2944	5.0
929	3025	5.0
929	3026	5.0
929	3099	4.0
929	3113	3.0
929	3114	3.0
929	3118	5.0
929	3120	4.0
929	3131	4.0
929	3145	4.0
929	3166	4.0
929	3198	2.0
929	3309	5.0
929	3326	5.0
929	3394	3.0
929	3419	5.0
929	3511	5.0
929	3592	4.0
929	3623	4.0
929	3707	5.0
929	3733	5.0
929	3821	5.0
929	3856	5.0
929	3873	4.0
929	3877	5.0
929	3931	3.0
929	3983	4.0
929	3997	3.0
929	4063	5.0
929	4073	3.0
929	4083	5.0
929	4110	5.0
929	4178	5.0
929	4206	5.0
929	4457	5.0
929	4460	5.0
929	4477	5.0
929	4517	3.0
929	4611	4.0
929	4661	4.0
929	4688	5.0
929	4752	5.0
929	4767	5.0
929	4852	2.0
929	4860	3.0
929	4894	3.0
929	4923	5.0
929	4924	5.0
929	4932	2.0
929	4934	3.0
929	4953	4.0
929	5082	4.0
929	5105	4.0
929	5169	5.0
929	5175	4.0
929	5250	5.0
929	5253	5.0
929	5256	5.0
929	5299	5.0
929	5317	3.0
929	5344	5.0
929	5394	4.0
929	5421	5.0
929	5445	5.0
929	5457	5.0
929	5558	4.0
929	5566	5.0
929	5572	5.0
929	5713	5.0
929	5771	5.0
929	5848	1.0
929	5927	4.0
929	6074	5.0
929	6082	5.0
929	6111	4.0
929	6147	5.0
929	6210	1.0
929	6214	5.0
929	6216	4.0
929	6283	4.0
929	6333	3.0
929	6335	3.0
929	6348	4.0
929	6353	5.0
929	6371	4.0
929	6456	4.0
929	6523	5.0
929	6529	5.0
929	6606	3.0
929	6674	3.0
929	6759	4.0
929	6793	4.0
929	6875	5.0
942	34	3.0
942	99	4.0
942	165	4.0
942	219	4.0
942	233	3.0
942	296	3.0
942	323	3.0
942	371	2.0
942	500	3.0
942	568	5.0
942	613	4.0
942	629	3.0
942	818	5.0
942	846	3.0
942	884	4.0
942	936	2.0
942	938	2.0
942	1059	3.0
942	1073	3.0
942	1204	3.0
942	1263	3.0
942	1280	5.0
942	1329	4.0
942	1476	5.0
942	1488	4.0
942	1517	3.0
942	1532	3.0
942	1544	4.0
942	1563	5.0
942	1654	3.0
942	1713	3.0
942	1770	5.0
942	1782	4.0
942	1808	3.0
942	1871	3.0
942	1941	4.0
942	1951	2.0
942	2052	2.0
942	2089	4.0
942	2097	3.0
942	2188	5.0
942	2203	3.0
942	2300	3.0
942	2322	2.0
942	2501	3.0
942	2522	2.0
942	2582	3.0
942	2606	4.0
942	2609	3.0
942	2739	4.0
942	2886	4.0
942	3018	3.0
942	3026	5.0
942	3198	2.0
942	3213	4.0
942	3359	4.0
942	3378	3.0
942	3423	3.0
942	3437	2.0
942	3461	3.0
942	3568	5.0
942	3612	3.0
942	3630	4.0
942	3649	4.0
942	3707	5.0
942	3754	4.0
942	3785	4.0
942	3814	3.0
942	4168	5.0
942	4171	5.0
942	4180	3.0
942	4214	3.0
942	4236	3.0
942	4390	3.0
942	4392	4.0
942	4421	3.0
942	4592	2.0
942	4623	4.0
942	4727	3.0
942	4893	3.0
942	4980	3.0
942	5082	4.0
942	5146	3.0
942	5193	1.0
942	5274	3.0
942	5294	3.0
942	5354	3.0
942	5417	2.0
942	5489	3.0
942	5507	4.0
942	5572	4.0
942	5592	2.0
942	5646	3.0
942	5663	4.0
942	5686	3.0
942	5690	2.0
942	5696	3.0
942	5719	4.0
942	5850	4.0
942	5875	3.0
942	5896	2.0
942	6139	4.0
942	6208	5.0
942	6309	3.0
942	6406	3.0
942	6427	3.0
942	6469	3.0
942	6479	3.0
942	6487	4.0
942	6599	2.0
942	6704	3.0
942	6749	5.0
942	6849	4.0
970	1	5.0
970	33	1.0
970	38	1.0
970	105	5.0
970	233	4.0
970	371	4.0
970	483	3.0
970	561	4.0
970	605	4.0
970	645	3.0
970	711	3.0
970	827	5.0
970	832	5.0
970	857	3.0
970	913	4.0
970	947	3.0
970	980	3.0
970	1061	3.0
970	1064	5.0
970	1137	4.0
970	1212	4.0
970	1353	3.0
970	1377	5.0
970	1384	4.0
970	1396	2.0
970	1421	3.0
970	1449	2.0
970	1503	3.0
970	1540	3.0
970	1588	4.0
970	1600	3.0
970	1727	5.0
970	1779	4.0
970	1782	2.0
970	1806	3.0
970	1808	5.0
970	1875	4.0
970	1882	4.0
970	1928	5.0
970	1937	4.0
970	2159	3.0
970	2188	4.0
970	2199	3.0
970	2201	5.0
970	2260	5.0
970	2274	4.0
970	2434	4.0
970	2475	3.0
970	2541	5.0
970	2631	4.0
970	2725	4.0
970	2843	3.0
970	2900	3.0
970	2977	3.0
970	2991	4.0
970	3089	4.0
970	3124	5.0
970	3129	4.0
970	3155	5.0
970	3209	5.0
970	3223	5.0
970	3244	3.0
970	3331	4.0
970	3394	3.0
970	3399	3.0
970	3414	3.0
970	3463	3.0
970	3560	3.0
970	3563	3.0
970	3565	3.0
970	3568	3.0
970	3593	4.0
970	3666	3.0
970	3684	3.0
970	3722	4.0
970	3726	4.0
970	3766	3.0
970	3812	5.0
970	3870	3.0
970	3921	5.0
970	3923	4.0
970	3931	2.0
970	3979	3.0
970	4161	4.0
970	4164	4.0
970	4170	4.0
970	4171	4.0
970	4250	4.0
970	4255	4.0
970	4305	4.0
970	4327	3.0
970	4358	4.0
970	4527	3.0
970	4532	3.0
970	4541	5.0
970	4590	3.0
970	4615	4.0
970	4741	3.0
970	4791	3.0
970	4831	3.0
970	4849	4.0
970	4852	3.0
970	4928	3.0
970	4947	3.0
970	4951	3.0
970	4997	4.0
970	5046	5.0
970	5127	4.0
970	5229	4.0
970	5294	5.0
970	5399	5.0
970	5417	3.0
970	5454	4.0
970	5461	3.0
970	5508	3.0
970	5560	3.0
970	5569	3.0
970	5663	3.0
970	5682	2.0
970	5800	3.0
970	5856	3.0
970	5892	4.0
970	5917	2.0
970	5936	3.0
970	6009	3.0
970	6036	3.0
970	6067	5.0
970	6077	3.0
970	6109	4.0
970	6299	3.0
970	6300	3.0
970	6394	4.0
970	6416	3.0
970	6479	5.0
970	6534	3.0
970	6539	3.0
970	6588	4.0
970	6705	4.0
970	6722	4.0
970	6760	3.0
970	6774	4.0
970	6789	4.0
970	6875	5.0
970	6878	4.0
970	6882	3.0
970	6886	4.0
989	131	4.0
989	223	5.0
989	258	2.0
989	296	2.0
989	418	3.0
989	448	4.0
989	711	4.0
989	770	3.0
989	913	2.0
989	921	3.0
989	1021	3.0
989	1064	3.0
989	1171	4.0
989	1300	4.0
989	1441	4.0
989	1534	2.0
989	1654	4.0
989	1745	3.0
989	1760	4.0
989	1999	2.0
989	2075	2.0
989	2350	3.0
989	2384	3.0
989	2511	2.0
989	2529	3.0
989	2628	2.0
989	2772	4.0
989	2855	4.0
989	2896	3.0
989	3125	3.0
989	3192	4.0
989	3276	3.0
989	3284	2.0
989	3613	2.0
989	3617	3.0
989	3630	4.0
989	3632	3.0
989	3755	4.0
989	3866	3.0
989	3910	2.0
989	3924	3.0
989	4110	2.0
989	4349	1.0
989	4464	2.0
989	4559	2.0
989	4597	2.0
989	5049	4.0
989	5274	4.0
989	5309	3.0
989	5407	4.0
989	5410	3.0
989	5582	4.0
989	5991	4.0
989	6029	5.0
989	6310	5.0
989	6561	3.0
989	6606	3.0
989	6749	3.0
989	6770	2.0
989	6833	4.0
1098	1	4.0
1098	341	5.0
1098	351	2.0
1098	375	5.0
1098	421	3.0
1098	466	3.0
1098	1212	4.0
1098	1354	4.0
1098	1491	4.0
1098	1745	4.0
1098	1802	3.0
1098	1813	5.0
1098	1881	3.0
1098	1941	3.0
1098	1980	3.0
1098	2093	5.0
1098	2384	3.0
1098	2528	4.0
1098	2886	4.0
1098	3000	3.0
1098	3089	3.0
1098	3386	3.0
1098	3483	2.0
1098	3555	1.0
1098	3629	5.0
1098	3664	3.0
1098	3707	4.0
1098	4151	3.0
1098	4230	2.0
1098	4612	4.0
1098	4620	4.0
1098	4867	3.0
1098	4982	3.0
1098	5207	4.0
1098	5294	5.0
1098	5468	5.0
1098	5928	3.0
1116	210	5.0
1116	217	5.0
1116	233	4.0
1116	353	5.0
1116	402	5.0
1116	432	5.0
1116	545	4.0
1116	574	5.0
1116	605	5.0
1116	653	5.0
1116	671	5.0
1116	680	5.0
1116	789	5.0
1116	797	5.0
1116	1030	5.0
1116	1162	5.0
1116	1180	5.0
1116	1248	5.0
1116	1249	5.0
1116	1299	5.0
1116	1329	3.0
1116	1376	5.0
1116	1419	5.0
1116	1483	5.0
1116	1540	5.0
1116	1584	5.0
1116	1628	5.0
1116	1653	5.0
1116	1713	5.0
1116	1728	5.0
1116	1770	5.0
1116	1790	4.0
1116	1964	5.0
1116	1999	5.0
1116	2027	5.0
1116	2095	4.0
1116	2132	4.0
1116	2135	5.0
1116	2209	4.0
1116	2245	5.0
1116	2262	5.0
1116	2274	5.0
1116	2278	5.0
1116	2319	4.0
1116	2530	5.0
1116	2628	3.0
1116	2710	5.0
1116	2991	4.0
1116	3023	5.0
1116	3025	5.0
1116	3026	5.0
1116	3028	5.0
1116	3052	5.0
1116	3100	5.0
1116	3147	3.0
1116	3162	5.0
1116	3173	4.0
1116	3270	5.0
1116	3326	5.0
1116	3345	5.0
1116	3371	5.0
1116	3410	5.0
1116	3511	5.0
1116	3540	4.0
1116	3783	5.0
1116	3787	5.0
1116	3788	5.0
1116	3791	5.0
1116	3802	5.0
1116	3809	2.0
1116	3831	5.0
1116	3856	5.0
1116	3866	5.0
1116	3905	4.0
1116	3912	5.0
1116	3921	5.0
1116	3939	5.0
1116	3955	5.0
1116	3962	4.0
1116	4048	5.0
1116	4072	5.0
1116	4180	5.0
1116	4188	4.0
1116	4236	5.0
1116	4257	5.0
1116	4258	5.0
1116	4295	5.0
1116	4340	5.0
1116	4407	5.0
1116	4456	5.0
1116	4527	5.0
1116	4608	2.0
1116	4639	3.0
1116	4644	5.0
1116	4779	5.0
1116	4833	5.0
1116	4868	5.0
1116	4911	5.0
1116	4926	5.0
1116	4934	5.0
1116	4985	5.0
1116	5109	5.0
1116	5157	5.0
1116	5186	1.0
1116	5208	4.0
1116	5321	4.0
1116	5330	5.0
1116	5379	5.0
1116	5461	4.0
1116	5573	5.0
1116	5652	5.0
1116	5697	5.0
1116	5712	5.0
1116	5714	3.0
1116	5814	5.0
1116	5844	5.0
1116	5887	3.0
1116	5991	5.0
1116	6022	5.0
1116	6145	5.0
1116	6198	3.0
1116	6282	5.0
1116	6299	2.0
1116	6396	4.0
1116	6432	4.0
1116	6476	5.0
1116	6491	5.0
1116	6522	5.0
1116	6566	5.0
1116	6679	5.0
1116	6848	3.0
1116	6878	5.0
1116	6881	5.0
1116	6884	5.0
1116	6923	5.0
1116	6948	4.0
1130	61	3.0
1130	117	4.0
1130	219	4.0
1130	316	1.0
1130	375	4.0
1130	448	3.0
1130	449	3.0
1130	475	3.0
1130	513	2.0
1130	597	1.0
1130	605	3.0
1130	607	3.0
1130	703	1.0
1130	1005	2.0
1130	1012	3.0
1130	1036	3.0
1130	1042	3.0
1130	1177	3.0
1130	1240	2.0
1130	1248	2.0
1130	1257	3.0
1130	1311	2.0
1130	1441	3.0
1130	1503	3.0
1130	1532	1.0
1130	1701	3.0
1130	1745	4.0
1130	1876	3.0
1130	2011	3.0
1130	2043	3.0
1130	2135	4.0
1130	2277	2.0
1130	2320	2.0
1130	2325	2.0
1130	2346	3.0
1130	2350	4.0
1130	2517	3.0
1130	2518	2.0
1130	2609	2.0
1130	2757	3.0
1130	2772	3.0
1130	2774	2.0
1130	2788	3.0
1130	2818	3.0
1130	2931	1.0
1130	2949	3.0
1130	2959	4.0
1130	2977	2.0
1130	3025	3.0
1130	3028	4.0
1130	3102	3.0
1130	3125	2.0
1130	3145	3.0
1130	3192	5.0
1130	3255	3.0
1130	3345	2.0
1130	3471	3.0
1130	3707	3.0
1130	3732	4.0
1130	3794	4.0
1130	4029	2.0
1130	4171	3.0
1130	4386	3.0
1130	4426	4.0
1130	4453	4.0
1130	4477	4.0
1130	4485	1.0
1130	4517	2.0
1130	4665	4.0
1130	4686	3.0
1130	4743	4.0
1130	4791	3.0
1130	4809	3.0
1130	4857	3.0
1130	4927	3.0
1130	4982	3.0
1130	5049	2.0
1130	5134	2.0
1130	5191	2.0
1130	5274	5.0
1130	5394	3.0
1130	5572	5.0
1130	5582	2.0
1130	5686	2.0
1130	5716	2.0
1130	5763	3.0
1130	5845	4.0
1130	5956	3.0
1130	6105	3.0
1130	6123	3.0
1130	6193	4.0
1130	6217	3.0
1130	6229	3.0
1130	6232	3.0
1130	6311	3.0
1130	6327	4.0
1130	6659	2.0
1130	6695	2.0
1130	6748	2.0
1130	6770	4.0
1130	6884	3.0
1130	6922	2.0
1130	6927	3.0
1130	6953	5.0
1130	6956	4.0
1143	141	4.0
1143	223	5.0
1143	386	4.0
1143	680	4.0
1143	821	3.0
1143	875	4.0
1143	958	4.0
1143	1056	3.0
1143	1076	4.0
1143	1079	5.0
1143	1120	4.0
1143	1217	2.0
1143	1378	3.0
1143	1585	4.0
1143	1613	3.0
1143	1653	4.0
1143	1728	5.0
1143	1734	5.0
1143	1772	4.0
1143	1779	4.0
1143	1962	2.0
1143	1986	5.0
1143	2069	5.0
1143	2243	4.0
1143	2586	5.0
1143	2705	4.0
1143	2838	3.0
1143	3075	4.0
1143	3099	4.0
1143	3110	3.0
1143	3229	3.0
1143	3341	5.0
1143	3418	5.0
1143	3568	2.0
1143	3707	3.0
1143	3732	5.0
1143	3866	5.0
1143	3964	4.0
1143	4173	3.0
1143	4186	4.0
1143	4196	4.0
1143	4206	4.0
1143	4309	4.0
1143	4392	4.0
1143	4394	2.0
1143	4457	4.0
1143	4594	3.0
1143	4596	3.0
1143	4776	3.0
1143	4843	4.0
1143	4868	5.0
1143	4960	5.0
1143	5015	3.0
1143	5160	2.0
1143	5293	5.0
1143	5316	5.0
1143	5453	4.0
1143	5662	4.0
1143	5663	4.0
1143	5928	3.0
1143	6145	4.0
1143	6188	4.0
1143	6325	4.0
1143	6606	3.0
1143	6685	4.0
1143	6881	3.0
1143	6956	5.0
1143	6962	4.0
1192	369	3.0
1192	491	4.0
1192	540	3.0
1192	592	3.0
1192	770	4.0
1192	1613	4.0
1192	1745	4.0
1192	1774	5.0
1192	2274	4.0
1192	2842	4.0
1192	3145	4.0
1192	3319	4.0
1192	3931	3.0
1192	4295	4.0
1192	4527	4.0
1192	4746	3.0
1192	5294	4.0
1192	5367	3.0
1192	5417	3.0
1192	5473	3.0
1192	5686	3.0
1192	5781	4.0
1192	5945	4.0
1192	6188	4.0
1192	6833	4.0
1192	6875	4.0
1239	219	4.0
1239	319	2.0
1239	475	4.0
1239	535	3.0
1239	638	5.0
1239	680	4.0
1239	711	2.0
1239	808	3.0
1239	821	4.0
1239	835	4.0
1239	883	3.0
1239	1001	4.0
1239	1361	4.0
1239	1441	4.0
1239	1490	3.0
1239	1521	5.0
1239	1522	5.0
1239	1681	5.0
1239	1694	4.0
1239	1728	4.0
1239	1843	5.0
1239	2168	5.0
1239	2384	3.0
1239	2422	3.0
1239	2702	4.0
1239	2706	5.0
1239	2725	3.0
1239	2841	4.0
1239	2861	5.0
1239	2876	3.0
1239	2924	4.0
1239	3025	5.0
1239	3099	5.0
1239	3100	3.0
1239	3251	3.0
1239	3269	3.0
1239	3358	5.0
1239	3371	4.0
1239	3463	4.0
1239	3623	4.0
1239	3781	5.0
1239	3794	5.0
1239	3828	3.0
1239	3884	2.0
1239	3977	5.0
1239	4117	4.0
1239	4173	3.0
1239	4187	5.0
1239	4214	5.0
1239	4230	2.0
1239	4398	3.0
1239	4477	4.0
1239	4553	3.0
1239	4594	4.0
1239	4713	1.0
1239	4779	5.0
1239	4923	5.0
1239	4982	4.0
1239	5053	5.0
1239	5221	3.0
1239	5395	3.0
1239	5564	4.0
1239	5572	5.0
1239	5682	2.0
1239	5694	5.0
1239	5781	4.0
1239	5850	3.0
1239	6112	3.0
1239	6174	3.0
1239	6182	4.0
1239	6208	5.0
1239	6273	4.0
1239	6327	4.0
1239	6348	5.0
1239	6580	4.0
1239	6695	2.0
1239	6698	4.0
1239	6838	4.0
1239	6952	4.0
1239	6957	3.0
1319	141	3.0
1319	211	3.0
1319	217	3.0
1319	258	2.0
1319	289	3.0
1319	370	4.0
1319	418	4.0
1319	746	3.0
1319	797	3.0
1319	831	3.0
1319	868	3.0
1319	1074	3.0
1319	1082	3.0
1319	1156	3.0
1319	1204	2.0
1319	1799	4.0
1319	1813	3.0
1319	1834	4.0
1319	2017	3.0
1319	2221	4.0
1319	2350	3.0
1319	2443	3.0
1319	2501	2.0
1319	2641	3.0
1319	2689	3.0
1319	2702	5.0
1319	2706	4.0
1319	2825	4.0
1319	3125	4.0
1319	3129	3.0
1319	3213	2.0
1319	3301	3.0
1319	3319	4.0
1319	3431	4.0
1319	3564	4.0
1319	3670	5.0
1319	3690	3.0
1319	3730	2.0
1319	3755	3.0
1319	3779	4.0
1319	4034	4.0
1319	4067	3.0
1319	4214	5.0
1319	4477	3.0
1319	4578	3.0
1319	4596	5.0
1319	4665	4.0
1319	4684	2.0
1319	4748	4.0
1319	4791	3.0
1319	4857	4.0
1319	5209	2.0
1319	5297	3.0
1319	5426	3.0
1319	5432	5.0
1319	5493	1.0
1319	5581	3.0
1319	5928	2.0
1319	6145	4.0
1319	6182	3.0
1319	6309	2.0
1319	6574	4.0
1319	6590	3.0
1319	6612	2.0
1319	6626	4.0
1319	6937	3.0
1322	174	4.0
1322	243	4.0
1322	319	5.0
1322	353	4.0
1322	681	4.0
1322	703	4.0
1322	770	3.0
1322	797	3.0
1322	832	5.0
1322	936	3.0
1322	1061	5.0
1322	1074	3.0
1322	1772	4.0
1322	1881	4.0
1322	2517	4.0
1322	2541	4.0
1322	2774	3.0
1322	3371	5.0
1322	3680	2.0
1322	3690	4.0
1322	4135	3.0
1322	4180	2.0
1322	4673	3.0
1322	4831	3.0
1322	4947	4.0
1322	5082	4.0
1322	5100	4.0
1322	5193	3.0
1322	5221	4.0
1322	5389	4.0
1322	5582	4.0
1322	5909	3.0
1322	6449	4.0
1322	6927	4.0
1378	27	3.0
1378	112	4.0
1378	124	3.0
1378	131	4.0
1378	150	4.0
1378	192	3.0
1378	219	5.0
1378	281	4.0
1378	319	3.0
1378	362	3.0
1378	524	5.0
1378	636	3.0
1378	680	5.0
1378	861	4.0
1378	1008	5.0
1378	1080	3.0
1378	1127	4.0
1378	1745	5.0
1378	1770	5.0
1378	1782	2.0
1378	1799	4.0
1378	1888	4.0
1378	2029	5.0
1378	2186	3.0
1378	2277	2.0
1378	2320	3.0
1378	2434	2.0
1378	2706	4.0
1378	2931	5.0
1378	2938	4.0
1378	3141	3.0
1378	3269	3.0
1378	3307	5.0
1378	3339	5.0
1378	3378	3.0
1378	3568	2.0
1378	3650	4.0
1378	3690	3.0
1378	3741	2.0
1378	3791	5.0
1378	4067	5.0
1378	4117	3.0
1378	4271	5.0
1378	4296	5.0
1378	4323	3.0
1378	4390	3.0
1378	4464	3.0
1378	4727	4.0
1378	4799	3.0
1378	5015	5.0
1378	5213	4.0
1378	5311	4.0
1378	5581	3.0
1378	5582	4.0
1378	6253	4.0
1378	6310	5.0
1378	6469	3.0
1378	6584	5.0
1378	6770	3.0
1378	6955	5.0
1407	96	3.0
1407	163	1.0
1407	165	2.0
1407	182	5.0
1407	226	5.0
1407	236	1.0
1407	281	4.0
1407	339	3.0
1407	351	2.0
1407	370	4.0
1407	375	5.0
1407	476	2.0
1407	500	3.0
1407	579	4.0
1407	605	5.0
1407	613	3.0
1407	690	1.0
1407	826	1.0
1407	861	2.0
1407	912	5.0
1407	939	5.0
1407	947	1.0
1407	1049	3.0
1407	1065	1.0
1407	1116	3.0
1407	1137	4.0
1407	1203	1.0
1407	1384	3.0
1407	1390	2.0
1407	1427	1.0
1407	1440	4.0
1407	1455	2.0
1407	1468	1.0
1407	1505	4.0
1407	1534	2.0
1407	1608	3.0
1407	1650	3.0
1407	1654	2.0
1407	1722	5.0
1407	1727	2.0
1407	1728	5.0
1407	1772	5.0
1407	1777	5.0
1407	1798	1.0
1407	1885	1.0
1407	1894	4.0
1407	1928	1.0
1407	2041	3.0
1407	2186	2.0
1407	2199	1.0
1407	2270	2.0
1407	2300	2.0
1407	2320	2.0
1407	2482	1.0
1407	2597	1.0
1407	2600	1.0
1407	2612	2.0
1407	2641	1.0
1407	2706	4.0
1407	2714	4.0
1407	2725	2.0
1407	2757	3.0
1407	2771	4.0
1407	2794	3.0
1407	2845	3.0
1407	2978	1.0
1407	3017	2.0
1407	3073	3.0
1407	3147	2.0
1407	3170	3.0
1407	3179	1.0
1407	3192	5.0
1407	3198	1.0
1407	3283	5.0
1407	3304	1.0
1407	3305	1.0
1407	3394	1.0
1407	3418	3.0
1407	3421	1.0
1407	3631	3.0
1407	3759	2.0
1407	3796	2.0
1407	3803	1.0
1407	3862	2.0
1407	3874	3.0
1407	3921	2.0
1407	3923	2.0
1407	3932	2.0
1407	3954	3.0
1407	4052	1.0
1407	4135	3.0
1407	4190	3.0
1407	4317	1.0
1407	4453	5.0
1407	4477	4.0
1407	4523	3.0
1407	4617	1.0
1407	4638	3.0
1407	4665	3.0
1407	4666	3.0
1407	4706	1.0
1407	4761	3.0
1407	4767	3.0
1407	4772	3.0
1407	4848	1.0
1407	4918	1.0
1407	4947	2.0
1407	4979	1.0
1407	5067	2.0
1407	5146	3.0
1407	5213	3.0
1407	5266	3.0
1407	5283	2.0
1407	5311	2.0
1407	5410	3.0
1407	5430	2.0
1407	5517	2.0
1407	5519	3.0
1407	5522	1.0
1407	5649	2.0
1407	5669	3.0
1407	5719	3.0
1407	5753	4.0
1407	5873	5.0
1407	6089	2.0
1407	6200	3.0
1407	6214	2.0
1407	6229	3.0
1407	6232	4.0
1407	6261	1.0
1407	6283	5.0
1407	6287	2.0
1407	6335	2.0
1407	6369	2.0
1407	6370	4.0
1407	6416	1.0
1407	6535	3.0
1407	6588	1.0
1407	6590	4.0
1407	6600	2.0
1407	6687	5.0
1407	6693	1.0
1407	6700	2.0
1407	6772	3.0
1407	6833	5.0
1407	6923	5.0
1407	6924	1.0
1407	6931	2.0
1407	6932	1.0
1407	6958	4.0
1429	716	5.0
1429	799	3.0
1429	1171	3.0
1429	1441	3.0
1429	1540	4.0
1429	1634	4.0
1429	1714	5.0
1429	1770	4.0
1429	1956	3.0
1429	1964	5.0
1429	2208	5.0
1429	2248	5.0
1429	2302	3.0
1429	2462	3.0
1429	2665	4.0
1429	2739	4.0
1429	2958	4.0
1429	3192	4.0
1429	3229	3.0
1429	3270	4.0
1429	3703	5.0
1429	3722	3.0
1429	4039	3.0
1429	4349	3.0
1429	4782	4.0
1429	5054	4.0
1429	5082	4.0
1429	5236	4.0
1429	5445	5.0
1429	5572	4.0
1429	5666	4.0
1528	170	4.0
1528	190	3.0
1528	200	3.0
1528	217	3.0
1528	300	5.0
1528	350	5.0
1528	393	3.0
1528	535	5.0
1528	553	3.0
1528	709	3.0
1528	821	5.0
1528	898	5.0
1528	919	3.0
1528	1049	3.0
1528	1076	4.0
1528	1080	4.0
1528	1181	2.0
1528	1377	4.0
1528	1461	4.0
1528	1488	5.0
1528	1540	4.0
1528	1563	4.0
1528	1677	3.0
1528	1683	4.0
1528	1772	5.0
1528	1775	4.0
1528	1808	4.0
1528	1834	4.0
1528	1870	3.0
1528	1941	4.0
1528	2069	4.0
1528	2080	3.0
1528	2135	3.0
1528	2147	3.0
1528	2221	3.0
1528	2246	4.0
1528	2274	4.0
1528	2320	3.0
1528	2339	4.0
1528	2421	4.0
1528	2460	3.0
1528	2501	3.0
1528	2699	3.0
1528	2739	5.0
1528	2818	4.0
1528	2838	5.0
1528	2839	5.0
1528	2907	4.0
1528	2957	5.0
1528	2959	5.0
1528	3022	5.0
1528	3023	5.0
1528	3026	4.0
1528	3028	5.0
1528	3060	3.0
1528	3186	5.0
1528	3236	3.0
1528	3295	5.0
1528	3301	5.0
1528	3409	4.0
1528	3422	5.0
1528	3557	5.0
1528	3570	4.0
1528	3613	3.0
1528	3618	3.0
1528	3627	5.0
1528	3670	3.0
1528	3679	3.0
1528	3707	3.0
1528	3751	3.0
1528	3800	4.0
1528	3856	2.0
1528	4001	4.0
1528	4038	4.0
1528	4072	3.0
1528	4206	4.0
1528	4245	3.0
1528	4295	4.0
1528	4316	5.0
1528	4323	3.0
1528	4441	4.0
1528	4457	5.0
1528	4477	5.0
1528	4596	4.0
1528	4799	3.0
1528	4934	4.0
1528	4982	3.0
1528	5015	4.0
1528	5047	3.0
1528	5077	3.0
1528	5124	4.0
1528	5213	3.0
1528	5258	5.0
1528	5274	5.0
1528	5323	5.0
1528	5385	4.0
1528	5386	5.0
1528	5394	4.0
1528	5445	4.0
1528	5507	3.0
1528	5534	3.0
1528	5657	4.0
1528	5668	4.0
1528	5705	3.0
1528	5868	5.0
1528	5875	3.0
1528	5958	2.0
1528	6169	3.0
1528	6223	3.0
1528	6253	4.0
1528	6310	4.0
1528	6380	3.0
1528	6387	4.0
1528	6522	4.0
1528	6543	4.0
1528	6594	3.0
1528	6600	5.0
1528	6662	3.0
1528	6759	5.0
1528	6886	4.0
1528	6924	3.0
1528	6955	4.0
1535	97	5.0
1535	105	4.0
1535	127	5.0
1535	144	5.0
1535	164	1.0
1535	180	5.0
1535	224	4.0
1535	229	5.0
1535	279	5.0
1535	341	5.0
1535	346	4.0
1535	371	4.0
1535	375	5.0
1535	385	5.0
1535	437	5.0
1535	449	5.0
1535	509	4.0
1535	524	5.0
1535	553	1.0
1535	594	3.0
1535	622	5.0
1535	677	4.0
1535	711	5.0
1535	712	4.0
1535	815	4.0
1535	832	4.0
1535	968	4.0
1535	1001	5.0
1535	1116	5.0
1535	1125	5.0
1535	1187	3.0
1535	1263	5.0
1535	1281	5.0
1535	1325	5.0
1535	1399	2.0
1535	1432	5.0
1535	1491	5.0
1535	1503	5.0
1535	1516	5.0
1535	1520	4.0
1535	1540	5.0
1535	1614	4.0
1535	1678	5.0
1535	1754	4.0
1535	1793	5.0
1535	1799	5.0
1535	1820	5.0
1535	1848	4.0
1535	1917	4.0
1535	1980	5.0
1535	2025	5.0
1535	2033	5.0
1535	2170	5.0
1535	2195	4.0
1535	2471	5.0
1535	2490	4.0
1535	2511	5.0
1535	2574	5.0
1535	2586	4.0
1535	2609	5.0
1535	2839	5.0
1535	2959	4.0
1535	2962	5.0
1535	3008	4.0
1535	3023	5.0
1535	3027	5.0
1535	3073	4.0
1535	3099	5.0
1535	3130	4.0
1535	3191	5.0
1535	3199	5.0
1535	3281	4.0
1535	3331	3.0
1535	3358	5.0
1535	3386	5.0
1535	3419	5.0
1535	3445	4.0
1535	3518	4.0
1535	3602	5.0
1535	3615	4.0
1535	3619	4.0
1535	3662	5.0
1535	3676	4.0
1535	3704	4.0
1535	3707	4.0
1535	3751	5.0
1535	3757	4.0
1535	3759	4.0
1535	3777	5.0
1535	3779	4.0
1535	3780	4.0
1535	3793	5.0
1535	3980	4.0
1535	3993	3.0
1535	4067	4.0
1535	4083	1.0
1535	4171	2.0
1535	4187	5.0
1535	4258	4.0
1535	4293	5.0
1535	4305	4.0
1535	4361	4.0
1535	4409	4.0
1535	4513	1.0
1535	4611	4.0
1535	4676	4.0
1535	4684	4.0
1535	4685	5.0
1535	4759	5.0
1535	4923	5.0
1535	4926	5.0
1535	4938	5.0
1535	4953	4.0
1535	4982	5.0
1535	5034	5.0
1535	5053	5.0
1535	5057	4.0
1535	5105	4.0
1535	5124	5.0
1535	5216	4.0
1535	5294	4.0
1535	5330	5.0
1535	5366	4.0
1535	5385	4.0
1535	5386	5.0
1535	5395	3.0
1535	5410	5.0
1535	5489	4.0
1535	5611	5.0
1535	5721	5.0
1535	5750	5.0
1535	5764	5.0
1535	5818	5.0
1535	5868	5.0
1535	5880	4.0
1535	5922	4.0
1535	6023	4.0
1535	6106	1.0
1535	6136	5.0
1535	6150	5.0
1535	6203	1.0
1535	6208	5.0
1535	6367	5.0
1535	6491	5.0
1535	6523	5.0
1535	6582	4.0
1535	6590	4.0
1535	6601	5.0
1535	6626	4.0
1535	6681	5.0
1535	6682	4.0
1535	6770	4.0
1535	6833	5.0
1535	6856	5.0
1535	6875	5.0
1535	6884	4.0
1535	6922	5.0
1535	6925	5.0
1535	6954	3.0
1535	6955	5.0
1548	72	4.0
1548	209	4.0
1548	276	4.0
1548	351	4.0
1548	362	3.0
1548	369	3.0
1548	372	3.0
1548	399	4.0
1548	513	3.0
1548	661	3.0
1548	812	3.0
1548	868	3.0
1548	886	3.0
1548	942	4.0
1548	957	4.0
1548	1061	4.0
1548	1079	3.0
1548	1095	4.0
1548	1165	4.0
1548	1234	4.0
1548	1281	4.0
1548	1353	3.0
1548	1413	3.0
1548	1521	5.0
1548	1600	3.0
1548	1659	3.0
1548	1674	5.0
1548	1951	4.0
1548	1962	3.0
1548	2027	3.0
1548	2058	4.0
1548	2094	3.0
1548	2118	4.0
1548	2171	4.0
1548	2173	4.0
1548	2188	4.0
1548	2266	4.0
1548	2274	5.0
1548	2328	5.0
1548	2469	3.0
1548	2508	4.0
1548	2510	3.0
1548	2576	5.0
1548	2658	5.0
1548	2703	4.0
1548	2797	3.0
1548	2814	3.0
1548	2931	5.0
1548	3093	3.0
1548	3148	4.0
1548	3191	3.0
1548	3276	4.0
1548	3318	3.0
1548	3346	4.0
1548	3378	3.0
1548	3432	4.0
1548	3559	3.0
1548	3570	4.0
1548	3613	4.0
1548	3649	4.0
1548	3691	3.0
1548	3791	3.0
1548	3921	3.0
1548	3934	3.0
1548	3941	3.0
1548	3977	5.0
1548	3982	3.0
1548	4037	3.0
1548	4069	4.0
1548	4135	3.0
1548	4140	3.0
1548	4203	3.0
1548	4330	3.0
1548	4344	4.0
1548	4396	4.0
1548	4444	4.0
1548	4460	4.0
1548	4466	4.0
1548	4485	2.0
1548	4513	4.0
1548	4585	3.0
1548	4649	2.0
1548	4712	3.0
1548	4799	3.0
1548	4807	3.0
1548	4809	4.0
1548	4852	3.0
1548	4864	3.0
1548	4916	2.0
1548	5009	4.0
1548	5050	3.0
1548	5100	3.0
1548	5114	4.0
1548	5165	4.0
1548	5181	4.0
1548	5210	5.0
1548	5211	5.0
1548	5227	4.0
1548	5252	4.0
1548	5274	4.0
1548	5422	3.0
1548	5426	3.0
1548	5433	3.0
1548	5571	3.0
1548	5584	3.0
1548	5739	4.0
1548	5759	3.0
1548	5868	4.0
1548	5892	4.0
1548	5917	3.0
1548	5979	4.0
1548	6010	5.0
1548	6092	4.0
1548	6174	3.0
1548	6209	4.0
1548	6225	2.0
1548	6252	3.0
1548	6469	4.0
1548	6523	3.0
1548	6564	3.0
1548	6597	3.0
1548	6639	3.0
1548	6844	3.0
1548	6875	3.0
1575	130	2.0
1575	141	5.0
1575	186	3.0
1575	192	4.0
1575	217	5.0
1575	285	5.0
1575	421	3.0
1575	438	4.0
1575	467	4.0
1575	475	4.0
1575	552	4.0
1575	568	4.0
1575	711	3.0
1575	714	4.0
1575	740	3.0
1575	747	5.0
1575	832	4.0
1575	921	4.0
1575	1263	4.0
1575	1374	4.0
1575	1558	4.0
1575	1608	3.0
1575	1629	4.0
1575	1670	2.0
1575	1681	5.0
1575	1703	2.0
1575	1793	3.0
1575	1820	4.0
1575	1850	4.0
1575	1890	4.0
1575	1899	5.0
1575	1973	3.0
1575	1982	4.0
1575	2027	4.0
1575	2029	5.0
1575	2153	4.0
1575	2190	3.0
1575	2313	3.0
1575	2339	4.0
1575	2350	4.0
1575	2492	5.0
1575	2529	5.0
1575	2762	3.0
1575	2782	4.0
1575	2798	5.0
1575	2823	4.0
1575	2928	4.0
1575	2959	4.0
1575	2971	5.0
1575	3168	3.0
1575	3202	3.0
1575	3228	4.0
1575	3321	4.0
1575	3411	5.0
1575	3533	4.0
1575	3755	4.0
1575	3906	3.0
1575	3911	5.0
1575	3964	3.0
1575	4027	3.0
1575	4031	3.0
1575	4036	3.0
1575	4054	4.0
1575	4168	4.0
1575	4169	5.0
1575	4171	5.0
1575	4190	5.0
1575	4192	5.0
1575	4224	3.0
1575	4312	5.0
1575	4373	3.0
1575	4441	5.0
1575	4457	5.0
1575	4462	3.0
1575	4507	3.0
1575	4520	3.0
1575	4594	4.0
1575	4635	5.0
1575	4658	4.0
1575	4845	3.0
1575	4853	4.0
1575	5263	3.0
1575	5294	5.0
1575	5408	4.0
1575	5413	4.0
1575	5598	3.0
1575	5924	3.0
1575	5936	4.0
1575	6055	4.0
1575	6143	4.0
1575	6154	5.0
1575	6156	3.0
1575	6171	3.0
1575	6271	3.0
1575	6355	3.0
1575	6476	5.0
1575	6491	5.0
1575	6594	3.0
1575	6638	3.0
1575	6650	4.0
1575	6759	4.0
1575	6811	5.0
1575	6842	3.0
1575	6878	5.0
1575	6921	3.0
1575	6936	3.0
1575	6956	5.0
1575	6969	5.0
1689	126	4.0
1689	219	5.0
1689	220	5.0
1689	257	4.0
1689	260	5.0
1689	375	5.0
1689	479	5.0
1689	512	5.0
1689	633	4.0
1689	711	5.0
1689	712	5.0
1689	1001	3.0
1689	1049	3.0
1689	1064	5.0
1689	1074	5.0
1689	1093	5.0
1689	1125	3.0
1689	1195	4.0
1689	1212	4.0
1689	1250	3.0
1689	1329	5.0
1689	1350	5.0
1689	1354	3.0
1689	1476	4.0
1689	1608	4.0
1689	1617	3.0
1689	1634	5.0
1689	1745	4.0
1689	1765	5.0
1689	1770	5.0
1689	1780	5.0
1689	2029	5.0
1689	2090	5.0
1689	2274	5.0
1689	2299	5.0
1689	2385	4.0
1689	2458	3.0
1689	2516	5.0
1689	2520	4.0
1689	2772	5.0
1689	2818	4.0
1689	2901	3.0
1689	3052	4.0
1689	3062	4.0
1689	3158	5.0
1689	3270	5.0
1689	3296	4.0
1689	3307	4.0
1689	3409	5.0
1689	3449	4.0
1689	3564	3.0
1689	3568	3.0
1689	3684	4.0
1689	3709	4.0
1689	3733	5.0
1689	3781	5.0
1689	3911	4.0
1689	3983	4.0
1689	4034	4.0
1689	4085	4.0
1689	4094	4.0
1689	4143	5.0
1689	4186	5.0
1689	4242	4.0
1689	4243	4.0
1689	4463	4.0
1689	4483	4.0
1689	4612	5.0
1689	4620	4.0
1689	4630	5.0
1689	4673	3.0
1689	4684	5.0
1689	4743	5.0
1689	4916	3.0
1689	4982	5.0
1689	4985	4.0
1689	5052	4.0
1689	5058	3.0
1689	5059	4.0
1689	5090	4.0
1689	5178	4.0
1689	5236	5.0
1689	5257	3.0
1689	5274	3.0
1689	5293	4.0
1689	5294	3.0
1689	5328	5.0
1689	5344	5.0
1689	5398	5.0
1689	5410	4.0
1689	5445	5.0
1689	5534	4.0
1689	5603	4.0
1689	5613	5.0
1689	5700	5.0
1689	5791	3.0
1689	5844	5.0
1689	5848	5.0
1689	5925	3.0
1689	5973	3.0
1689	6054	5.0
1689	6123	3.0
1689	6313	5.0
1689	6557	4.0
1689	6584	4.0
1689	6634	5.0
1689	6690	5.0
1689	6770	4.0
1689	6778	4.0
1689	6875	3.0
1689	6881	5.0
1689	6923	3.0
1689	6956	5.0
1804	260	5.0
1804	272	5.0
1804	323	3.0
1804	324	3.0
1804	369	5.0
1804	406	5.0
1804	448	4.0
1804	682	5.0
1804	857	5.0
1804	912	5.0
1804	913	3.0
1804	1095	3.0
1804	1263	4.0
1804	1273	3.0
1804	1336	5.0
1804	1615	5.0
1804	1631	4.0
1804	1668	5.0
1804	1770	5.0
1804	1813	5.0
1804	1875	5.0
1804	1937	4.0
1804	2015	5.0
1804	2057	4.0
1804	2098	5.0
1804	2106	3.0
1804	2173	4.0
1804	2242	5.0
1804	2421	4.0
1804	2920	4.0
1804	3110	4.0
1804	3125	5.0
1804	3168	4.0
1804	3301	3.0
1804	3411	5.0
1804	3513	5.0
1804	3521	4.0
1804	3563	5.0
1804	3567	4.0
1804	3695	5.0
1804	3707	5.0
1804	3739	4.0
1804	3794	5.0
1804	3863	5.0
1804	3923	5.0
1804	4083	5.0
1804	4260	4.0
1804	4511	4.0
1804	4517	3.0
1804	4706	3.0
1804	4857	5.0
1804	4926	4.0
1804	5059	4.0
1804	5071	4.0
1804	5150	5.0
1804	5229	4.0
1804	5251	5.0
1804	5252	5.0
1804	5262	5.0
1804	5294	5.0
1804	5345	5.0
1804	5385	5.0
1804	5534	5.0
1804	5544	3.0
1804	5572	5.0
1804	5780	5.0
1804	5979	5.0
1804	6360	5.0
1804	6497	5.0
1804	6536	5.0
1804	6682	5.0
1804	6770	3.0
1804	6852	4.0
1934	20	4.0
1934	126	4.0
1934	276	5.0
1934	508	2.0
1934	562	4.0
1934	747	4.0
1934	787	2.0
1934	835	4.0
1934	1083	3.0
1934	1087	3.0
1934	1140	5.0
1934	1147	3.0
1934	1165	5.0
1934	1171	3.0
1934	1271	3.0
1934	1291	5.0
1934	1359	2.0
1934	1361	4.0
1934	1395	5.0
1934	1455	5.0
1934	1462	4.0
1934	1488	5.0
1934	1577	3.0
1934	1617	5.0
1934	1635	5.0
1934	1647	3.0
1934	1808	4.0
1934	1840	4.0
1934	1962	4.0
1934	1984	4.0
1934	1987	4.0
1934	2172	3.0
1934	2199	3.0
1934	2248	4.0
1934	2262	5.0
1934	2300	3.0
1934	2320	3.0
1934	2469	3.0
1934	2595	4.0
1934	2702	4.0
1934	2774	3.0
1934	2817	3.0
1934	2916	3.0
1934	2938	3.0
1934	3018	3.0
1934	3093	2.0
1934	3350	3.0
1934	3440	3.0
1934	3570	5.0
1934	3698	5.0
1934	3720	5.0
1934	3755	4.0
1934	3832	3.0
1934	3934	3.0
1934	4048	5.0
1934	4082	3.0
1934	4087	3.0
1934	4094	5.0
1934	4182	4.0
1934	4271	5.0
1934	4327	3.0
1934	4386	4.0
1934	4412	4.0
1934	4426	4.0
1934	4628	3.0
1934	4649	3.0
1934	4773	3.0
1934	4872	2.0
1934	4916	3.0
1934	4957	3.0
1934	5305	4.0
1934	5349	3.0
1934	5423	3.0
1934	5432	5.0
1934	5515	4.0
1934	5528	3.0
1934	5578	3.0
1934	5581	4.0
1934	5593	4.0
1934	5713	5.0
1934	5870	4.0
1934	5983	3.0
1934	6010	5.0
1934	6067	5.0
1934	6217	5.0
1934	6231	4.0
1934	6259	3.0
1934	6335	3.0
1934	6601	4.0
1934	6682	4.0
1934	6852	3.0
1934	6931	5.0
1934	6955	5.0
1956	180	4.0
1956	210	4.0
1956	309	5.0
1956	371	4.0
1956	479	4.0
1956	805	4.0
1956	912	3.0
1956	1005	3.0
1956	1030	4.0
1956	1101	4.0
1956	1608	4.0
1956	1613	3.0
1956	1728	5.0
1956	1767	4.0
1956	1859	5.0
1956	2135	4.0
1956	2196	3.0
1956	2307	4.0
1956	2430	4.0
1956	2606	3.0
1956	2706	4.0
1956	2739	4.0
1956	2924	4.0
1956	3307	4.0
1956	3371	5.0
1956	3690	4.0
1956	3707	4.0
1956	3743	5.0
1956	3876	4.0
1956	4025	4.0
1956	4110	3.0
1956	4171	3.0
1956	4309	4.0
1956	4399	5.0
1956	4453	4.0
1956	4487	4.0
1956	4523	3.0
1956	4621	4.0
1956	4635	5.0
1956	4647	3.0
1956	5100	3.0
1956	5124	5.0
1956	5294	4.0
1956	5394	4.0
1956	5395	4.0
1956	5534	3.0
1956	5552	3.0
1956	5572	4.0
1956	5719	3.0
1956	5979	4.0
1956	6010	2.0
1956	6927	5.0
1956	6956	3.0
2074	2	3.0
2074	170	4.0
2074	246	5.0
2074	392	5.0
2074	681	4.0
2074	686	3.0
2074	912	4.0
2074	1027	4.0
2074	1145	3.0
2074	1400	4.0
2074	1488	4.0
2074	1739	3.0
2074	1745	4.0
2074	1891	4.0
2074	2032	4.0
2074	2135	3.0
2074	2151	3.0
2074	2244	4.0
2074	2271	4.0
2074	2458	4.0
2074	2461	4.0
2074	3301	4.0
2074	3707	4.0
2074	3739	4.0
2074	4414	4.0
2074	4477	4.0
2074	4555	3.0
2074	4853	3.0
2074	4953	4.0
2074	4982	5.0
2074	5005	3.0
2074	5274	4.0
2074	5444	3.0
2074	5572	4.0
2074	5789	3.0
2074	5899	4.0
2074	6198	3.0
2074	6584	3.0
2074	6682	5.0
2074	6772	3.0
2074	6955	4.0
2089	1	2.0
2089	39	4.0
2089	236	2.0
2089	260	3.0
2089	420	3.0
2089	501	1.0
2089	513	3.0
2089	549	3.0
2089	563	3.0
2089	605	3.0
2089	656	3.0
2089	684	3.0
2089	703	2.0
2089	721	3.0
2089	734	3.0
2089	793	4.0
2089	815	3.0
2089	817	3.0
2089	899	3.0
2089	968	3.0
2089	971	3.0
2089	1049	3.0
2089	1072	5.0
2089	1073	3.0
2089	1077	4.0
2089	1239	1.0
2089	1322	2.0
2089	1384	4.0
2089	1468	2.0
2089	1490	2.0
2089	1558	5.0
2089	1681	3.0
2089	1888	3.0
2089	1964	5.0
2089	2014	3.0
2089	2025	3.0
2089	2263	3.0
2089	2356	3.0
2089	2384	1.0
2089	2425	3.0
2089	2461	3.0
2089	2706	3.0
2089	2839	3.0
2089	2907	3.0
2089	2924	4.0
2089	2946	4.0
2089	2964	2.0
2089	3002	3.0
2089	3093	3.0
2089	3168	2.0
2089	3180	5.0
2089	3184	3.0
2089	3260	3.0
2089	3268	3.0
2089	3371	5.0
2089	3386	3.0
2089	3403	3.0
2089	3409	4.0
2089	3538	5.0
2089	3584	5.0
2089	3592	3.0
2089	3630	3.0
2089	3634	5.0
2089	3658	3.0
2089	3783	5.0
2089	3796	5.0
2089	3857	2.0
2089	3866	4.0
2089	3876	4.0
2089	3908	3.0
2089	3950	3.0
2089	4025	3.0
2089	4094	3.0
2089	4174	3.0
2089	4203	3.0
2089	4214	3.0
2089	4245	3.0
2089	4398	3.0
2089	4421	3.0
2089	4457	4.0
2089	4477	4.0
2089	4523	4.0
2089	4592	3.0
2089	4665	3.0
2089	4769	3.0
2089	4889	3.0
2089	5053	3.0
2089	5059	3.0
2089	5222	1.0
2089	5229	3.0
2089	5257	3.0
2089	5293	3.0
2089	5297	2.0
2089	5385	2.0
2089	5436	3.0
2089	5445	4.0
2089	5572	4.0
2089	5591	1.0
2089	5791	4.0
2089	5928	3.0
2089	5979	3.0
2089	5994	2.0
2089	6044	3.0
2089	6232	4.0
2089	6275	3.0
2089	6307	5.0
2089	6350	2.0
2089	6396	2.0
2089	6426	3.0
2089	6584	3.0
2089	6773	3.0
2089	6885	3.0
2095	131	4.0
2095	180	5.0
2095	233	4.0
2095	248	5.0
2095	260	3.0
2095	395	1.0
2095	500	5.0
2095	626	3.0
2095	629	4.0
2095	747	5.0
2095	997	5.0
2095	1005	4.0
2095	1018	2.0
2095	1070	5.0
2095	1164	3.0
2095	1248	5.0
2095	1488	5.0
2095	1527	3.0
2095	1608	4.0
2095	1626	3.0
2095	1728	5.0
2095	1779	3.0
2095	1807	3.0
2095	2075	5.0
2095	2079	4.0
2095	2122	4.0
2095	2142	4.0
2095	2168	5.0
2095	2203	4.0
2095	2430	4.0
2095	2444	4.0
2095	2462	5.0
2095	2515	3.0
2095	2542	4.0
2095	2545	4.0
2095	2725	2.0
2095	2752	5.0
2095	2825	5.0
2095	2838	3.0
2095	2855	4.0
2095	2893	3.0
2095	3116	2.0
2095	3135	4.0
2095	3138	3.0
2095	3245	3.0
2095	3309	4.0
2095	3359	3.0
2095	3400	4.0
2095	3427	3.0
2095	3450	4.0
2095	3555	4.0
2095	3564	3.0
2095	3570	3.0
2095	3623	3.0
2095	3692	3.0
2095	3780	4.0
2095	3783	3.0
2095	3794	5.0
2095	3921	3.0
2095	3943	5.0
2095	4087	4.0
2095	4135	3.0
2095	4180	3.0
2095	4236	4.0
2095	4317	3.0
2095	4424	5.0
2095	4511	4.0
2095	4538	4.0
2095	4596	5.0
2095	4771	4.0
2095	4799	4.0
2095	4831	3.0
2095	4889	5.0
2095	4932	5.0
2095	4983	4.0
2095	5005	4.0
2095	5052	5.0
2095	5082	3.0
2095	5187	4.0
2095	5261	3.0
2095	5316	5.0
2095	5385	4.0
2095	5445	5.0
2095	5503	5.0
2095	5515	4.0
2095	5534	4.0
2095	5572	4.0
2095	5646	3.0
2095	5725	4.0
2095	5745	3.0
2095	5800	4.0
2095	5896	3.0
2095	5916	5.0
2095	5962	4.0
2095	5998	5.0
2095	6523	4.0
2095	6575	4.0
2095	6659	3.0
2095	6671	3.0
2095	6749	2.0
2095	6770	4.0
2095	6795	3.0
2095	6844	4.0
2095	6888	3.0
2095	6926	4.0
2095	6955	5.0
2095	6962	4.0
2125	185	4.0
2125	223	5.0
2125	232	4.0
2125	272	3.0
2125	347	3.0
2125	351	3.0
2125	519	5.0
2125	613	4.0
2125	656	4.0
2125	687	3.0
2125	745	3.0
2125	789	4.0
2125	797	3.0
2125	857	4.0
2125	921	3.0
2125	1064	4.0
2125	1159	4.0
2125	1180	5.0
2125	1204	3.0
2125	1384	4.0
2125	1461	3.0
2125	1701	3.0
2125	1730	3.0
2125	1772	5.0
2125	1857	4.0
2125	1937	3.0
2125	2104	5.0
2125	2248	4.0
2125	2274	5.0
2125	2302	5.0
2125	2307	4.0
2125	2363	5.0
2125	2364	4.0
2125	2633	3.0
2125	2706	5.0
2125	2757	3.0
2125	3028	5.0
2125	3060	4.0
2125	3062	3.0
2125	3098	3.0
2125	3223	3.0
2125	3335	4.0
2125	3430	5.0
2125	3568	3.0
2125	3612	4.0
2125	3649	4.0
2125	3679	5.0
2125	3781	5.0
2125	3910	5.0
2125	3938	4.0
2125	4084	3.0
2125	4168	4.0
2125	4186	5.0
2125	4230	3.0
2125	4241	4.0
2125	4269	3.0
2125	4304	5.0
2125	4317	3.0
2125	4364	5.0
2125	4402	3.0
2125	4514	3.0
2125	4563	4.0
2125	4567	3.0
2125	4594	4.0
2125	4595	3.0
2125	4662	3.0
2125	4854	3.0
2125	4951	3.0
2125	5065	4.0
2125	5082	4.0
2125	5124	4.0
2125	5187	4.0
2125	5231	4.0
2125	5323	5.0
2125	5423	4.0
2125	5610	3.0
2125	5666	4.0
2125	5822	4.0
2125	5904	4.0
2125	5928	4.0
2125	5962	4.0
2125	6074	4.0
2125	6229	4.0
2125	6252	3.0
2125	6420	4.0
2125	6553	4.0
2125	6563	3.0
2125	6690	3.0
2125	6749	5.0
2125	6765	5.0
2125	6778	5.0
2125	6906	5.0
2147	112	4.0
2147	180	5.0
2147	475	5.0
2147	827	5.0
2147	913	4.0
2147	934	2.0
2147	985	3.0
2147	1175	5.0
2147	1329	5.0
2147	1540	5.0
2147	1640	5.0
2147	2248	5.0
2147	2274	5.0
2147	2739	5.0
2147	2971	4.0
2147	3087	5.0
2147	3440	4.0
2147	3443	5.0
2147	3650	4.0
2147	3676	4.0
2147	3707	4.0
2147	4135	3.0
2147	4509	5.0
2147	5093	3.0
2147	5211	5.0
2147	5373	4.0
2159	225	2.0
2159	281	5.0
2159	452	5.0
2159	516	3.0
2159	663	4.0
2159	669	4.0
2159	678	5.0
2159	699	5.0
2159	711	4.0
2159	734	3.0
2159	755	4.0
2159	819	5.0
2159	844	3.0
2159	994	5.0
2159	1008	3.0
2159	1072	4.0
2159	1121	4.0
2159	1140	4.0
2159	1195	5.0
2159	1277	5.0
2159	1439	3.0
2159	1533	5.0
2159	1587	3.0
2159	1633	3.0
2159	1681	4.0
2159	1743	4.0
2159	1746	5.0
2159	1834	4.0
2159	1837	4.0
2159	1991	4.0
2159	2015	2.0
2159	2079	3.0
2159	2104	4.0
2159	2119	5.0
2159	2151	3.0
2159	2214	5.0
2159	2245	5.0
2159	2250	4.0
2159	2394	5.0
2159	2443	2.0
2159	2706	5.0
2159	2721	5.0
2159	2845	4.0
2159	2908	4.0
2159	2959	5.0
2159	3246	4.0
2159	3292	4.0
2159	3464	4.0
2159	3676	4.0
2159	3687	4.0
2159	3717	4.0
2159	3846	5.0
2159	3955	4.0
2159	3984	5.0
2159	4027	2.0
2159	4030	4.0
2159	4166	4.0
2159	4173	3.0
2159	4214	5.0
2159	4312	4.0
2159	4375	2.0
2159	4415	3.0
2159	4416	5.0
2159	4455	5.0
2159	4592	3.0
2159	4636	5.0
2159	4664	4.0
2159	4685	5.0
2159	4691	2.0
2159	4731	5.0
2159	4774	5.0
2159	4847	4.0
2159	4902	4.0
2159	4982	5.0
2159	4993	4.0
2159	5049	3.0
2159	5057	5.0
2159	5102	3.0
2159	5134	5.0
2159	5241	4.0
2159	5265	4.0
2159	5274	4.0
2159	5275	5.0
2159	5353	3.0
2159	5417	2.0
2159	5464	4.0
2159	5465	5.0
2159	5476	4.0
2159	5480	4.0
2159	5507	2.0
2159	5579	4.0
2159	5844	5.0
2159	5939	4.0
2159	6072	1.0
2159	6420	4.0
2159	6424	3.0
2159	6491	4.0
2159	6505	4.0
2159	6672	4.0
2159	6856	3.0
2159	6877	4.0
2174	359	5.0
2174	789	5.0
2174	1305	5.0
2174	1329	5.0
2174	1613	5.0
2174	1772	5.0
2174	1850	5.0
2174	2028	5.0
2174	2248	5.0
2174	2509	5.0
2174	2662	5.0
2174	2752	5.0
2174	3102	5.0
2174	3263	5.0
2174	3449	5.0
2174	3517	5.0
2174	3661	5.0
2174	3676	5.0
2174	3679	5.0
2174	3707	5.0
2174	3739	5.0
2174	3796	5.0
2174	3923	5.0
2174	4001	5.0
2174	4135	5.0
2174	4172	5.0
2174	4236	5.0
2174	4295	5.0
2174	4307	5.0
2174	4597	5.0
2174	4686	5.0
2174	4909	5.0
2174	4928	5.0
2174	4993	5.0
2174	5028	5.0
2174	5057	5.0
2174	5086	5.0
2174	5175	5.0
2174	5347	5.0
2174	5394	5.0
2174	5572	5.0
2174	5655	5.0
2174	5710	5.0
2174	5789	5.0
2174	5858	5.0
2174	5884	5.0
2174	6067	5.0
2174	6311	5.0
2174	6637	5.0
2174	6751	5.0
2174	6770	5.0
2174	6949	5.0
2216	170	4.0
2216	172	5.0
2216	183	3.0
2216	217	3.0
2216	276	4.0
2216	302	5.0
2216	421	3.0
2216	680	5.0
2216	855	4.0
2216	918	4.0
2216	931	5.0
2216	936	2.0
2216	998	3.0
2216	1116	4.0
2216	1536	4.0
2216	1642	3.0
2216	1713	4.0
2216	1742	3.0
2216	1772	3.0
2216	1951	4.0
2216	2075	3.0
2216	2204	3.0
2216	2283	3.0
2216	2676	3.0
2216	2924	4.0
2216	2959	5.0
2216	3050	4.0
2216	3707	3.0
2216	3777	4.0
2216	3794	4.0
2216	3931	3.0
2216	4067	3.0
2216	4235	3.0
2216	4309	5.0
2216	4338	4.0
2216	4595	3.0
2216	4596	5.0
2216	4789	3.0
2216	4831	3.0
2216	5005	4.0
2216	5082	4.0
2216	5213	4.0
2216	5258	4.0
2216	5389	5.0
2216	5423	3.0
2216	5581	3.0
2216	5820	5.0
2216	5934	2.0
2216	5938	4.0
2216	6010	4.0
2216	6139	4.0
2216	6196	3.0
2216	6210	4.0
2216	6334	5.0
2216	6439	5.0
2216	6522	5.0
2216	6695	4.0
2216	6878	4.0
2216	6922	4.0
2216	6969	5.0
2233	152	3.0
2233	320	3.0
2233	465	4.0
2233	500	3.0
2233	523	4.0
2233	611	4.0
2233	636	3.0
2233	680	3.0
2233	709	3.0
2233	711	3.0
2233	719	2.0
2233	815	3.0
2233	835	3.0
2233	846	3.0
2233	1027	4.0
2233	1140	4.0
2233	1166	4.0
2233	1232	4.0
2233	1374	3.0
2233	1517	3.0
2233	1760	3.0
2233	1827	4.0
2233	1941	3.0
2233	1951	3.0
2233	1962	3.0
2233	2168	3.0
2233	2241	3.0
2233	2252	3.0
2233	2282	3.0
2233	2298	3.0
2233	2375	5.0
2233	2514	3.0
2233	2530	4.0
2233	2686	4.0
2233	2706	4.0
2233	2792	3.0
2233	2924	3.0
2233	3060	3.0
2233	3125	4.0
2233	3334	3.0
2233	3439	3.0
2233	3564	4.0
2233	3569	4.0
2233	3670	5.0
2233	3707	3.0
2233	3710	3.0
2233	3740	5.0
2233	3856	4.0
2233	3938	3.0
2233	4018	3.0
2233	4041	2.0
2233	4053	3.0
2233	4187	3.0
2233	4235	3.0
2233	4356	3.0
2233	4489	4.0
2233	4519	3.0
2233	4562	3.0
2233	4628	3.0
2233	4774	3.0
2233	4934	3.0
2233	5015	3.0
2233	5304	3.0
2233	5389	3.0
2233	5433	3.0
2233	5460	3.0
2233	5489	3.0
2233	5625	4.0
2233	5656	3.0
2233	5807	3.0
2233	5953	4.0
2233	5973	3.0
2233	5998	4.0
2233	6010	5.0
2233	6163	2.0
2233	6232	4.0
2233	6253	4.0
2233	6327	4.0
2233	6363	3.0
2233	6719	2.0
2233	6881	3.0
2233	6969	3.0
2282	95	3.0
2282	131	4.0
2282	166	4.0
2282	217	5.0
2282	356	4.0
2282	375	5.0
2282	1141	4.0
2282	1204	3.0
2282	1226	4.0
2282	1613	4.0
2282	1745	4.0
2282	2153	4.0
2282	2209	3.0
2282	2242	5.0
2282	2325	5.0
2282	2425	4.0
2282	2469	3.0
2282	2517	3.0
2282	2627	5.0
2282	2633	4.0
2282	2710	3.0
2282	2749	5.0
2282	2842	3.0
2282	3118	5.0
2282	3295	4.0
2282	3358	3.0
2282	3470	3.0
2282	3538	5.0
2282	3692	4.0
2282	3707	3.0
2282	3759	3.0
2282	3794	5.0
2282	3874	5.0
2282	3946	3.0
2282	4311	4.0
2282	4472	3.0
2282	4538	4.0
2282	4597	3.0
2282	4634	4.0
2282	4673	3.0
2282	4684	5.0
2282	4791	5.0
2282	4965	4.0
2282	5362	4.0
2282	5659	5.0
2282	5917	3.0
2282	5924	3.0
2282	6084	3.0
2282	6149	4.0
2282	6153	4.0
2282	6672	5.0
2282	6833	3.0
2282	6841	4.0
2347	37	4.0
2347	85	4.0
2347	180	4.0
2347	257	5.0
2347	270	4.0
2347	281	5.0
2347	350	5.0
2347	466	1.0
2347	512	5.0
2347	557	5.0
2347	606	4.0
2347	613	4.0
2347	681	3.0
2347	684	4.0
2347	718	4.0
2347	770	4.0
2347	818	5.0
2347	824	4.0
2347	827	5.0
2347	832	5.0
2347	838	5.0
2347	896	4.0
2347	1074	4.0
2347	1400	4.0
2347	1428	5.0
2347	1483	5.0
2347	1504	5.0
2347	1521	4.0
2347	1531	4.0
2347	1540	5.0
2347	1617	5.0
2347	1650	3.0
2347	1686	4.0
2347	1770	5.0
2347	1773	4.0
2347	2017	3.0
2347	2026	5.0
2347	2135	4.0
2347	2385	4.0
2347	2516	4.0
2347	2541	4.0
2347	2686	5.0
2347	2717	5.0
2347	2725	5.0
2347	2739	5.0
2347	2788	4.0
2347	2818	5.0
2347	2826	4.0
2347	2852	4.0
2347	2927	3.0
2347	2958	4.0
2347	2962	4.0
2347	2977	4.0
2347	2981	4.0
2347	3021	3.0
2347	3103	4.0
2347	3129	3.0
2347	3138	4.0
2347	3301	5.0
2347	3303	4.0
2347	3351	4.0
2347	3418	4.0
2347	3592	4.0
2347	3606	3.0
2347	3684	4.0
2347	3722	3.0
2347	3733	5.0
2347	3838	3.0
2347	3926	4.0
2347	4003	3.0
2347	4030	4.0
2347	4038	3.0
2347	4072	3.0
2347	4149	4.0
2347	4277	3.0
2347	4514	4.0
2347	4581	5.0
2347	4592	5.0
2347	4618	3.0
2347	4634	5.0
2347	4644	4.0
2347	4688	5.0
2347	4698	4.0
2347	4699	4.0
2347	4767	5.0
2347	4810	5.0
2347	4826	4.0
2347	4884	5.0
2347	4894	4.0
2347	4915	5.0
2347	4923	5.0
2347	4924	5.0
2347	5042	4.0
2347	5049	4.0
2347	5057	4.0
2347	5265	4.0
2347	5389	4.0
2347	5436	4.0
2347	5453	4.0
2347	5566	5.0
2347	5572	4.0
2347	5647	4.0
2347	5663	5.0
2347	5740	4.0
2347	5781	5.0
2347	5879	3.0
2347	5967	3.0
2347	6010	4.0
2347	6052	4.0
2347	6092	4.0
2347	6143	4.0
2347	6148	4.0
2347	6618	3.0
2347	6685	5.0
2347	6703	4.0
2347	6731	3.0
2347	6777	4.0
2353	117	5.0
2353	161	5.0
2353	219	5.0
2353	613	4.0
2353	711	4.0
2353	797	3.0
2353	832	5.0
2353	1013	5.0
2353	1080	5.0
2353	1166	5.0
2353	1177	5.0
2353	1335	4.0
2353	1350	4.0
2353	1361	5.0
2353	1488	5.0
2353	1506	3.0
2353	1578	5.0
2353	1959	5.0
2353	1982	4.0
2353	2208	5.0
2353	2315	4.0
2353	2365	5.0
2353	2384	4.0
2353	2520	4.0
2353	2522	5.0
2353	2658	5.0
2353	2787	3.0
2353	3025	5.0
2353	3112	5.0
2353	3425	5.0
2353	3570	4.0
2353	3649	4.0
2353	3707	3.0
2353	3871	4.0
2353	3876	5.0
2353	3931	3.0
2353	3944	4.0
2353	4001	5.0
2353	4014	5.0
2353	4079	5.0
2353	4182	5.0
2353	4215	5.0
2353	4256	5.0
2353	4309	5.0
2353	4487	4.0
2353	4560	5.0
2353	4684	5.0
2353	4808	5.0
2353	4894	4.0
2353	4927	5.0
2353	4958	4.0
2353	5090	4.0
2353	5187	5.0
2353	5423	4.0
2353	5493	4.0
2353	5507	5.0
2353	5653	5.0
2353	5663	5.0
2353	5793	5.0
2353	5860	5.0
2353	5973	4.0
2353	6116	5.0
2353	6203	4.0
2353	6328	3.0
2353	6366	5.0
2353	6643	4.0
2353	6749	4.0
2353	6833	3.0
2353	6955	5.0
2353	6963	5.0
2418	609	5.0
2418	817	5.0
2418	837	4.0
2418	1061	4.0
2418	1441	3.0
2418	1501	4.0
2418	1617	3.0
2418	2274	2.0
2418	2275	4.0
2418	2394	5.0
2418	2484	5.0
2418	2526	4.0
2418	3024	5.0
2418	3102	5.0
2418	3281	5.0
2418	3286	4.0
2418	3517	5.0
2418	3564	3.0
2418	3568	3.0
2418	3649	4.0
2418	4180	3.0
2418	4477	5.0
2418	4611	3.0
2418	4745	5.0
2418	4771	5.0
2418	5100	5.0
2418	5191	5.0
2418	5572	3.0
2418	5850	3.0
2418	5934	3.0
2418	6205	4.0
2418	6335	2.0
2418	6426	4.0
2418	6749	4.0
2425	101	3.0
2425	141	3.0
2425	170	4.0
2425	211	4.0
2425	260	4.0
2425	269	3.0
2425	271	3.0
2425	309	3.0
2425	328	1.0
2425	347	3.0
2425	438	3.0
2425	467	3.0
2425	483	2.0
2425	604	3.0
2425	665	3.0
2425	747	5.0
2425	768	2.0
2425	827	4.0
2425	970	3.0
2425	1001	3.0
2425	1049	3.0
2425	1126	4.0
2425	1352	3.0
2425	1432	4.0
2425	1440	3.0
2425	1461	3.0
2425	1466	4.0
2425	1468	3.0
2425	1476	3.0
2425	1513	4.0
2425	1516	3.0
2425	1517	4.0
2425	1518	3.0
2425	1522	3.0
2425	1632	3.0
2425	1728	5.0
2425	1756	3.0
2425	1850	3.0
2425	1859	3.0
2425	1916	3.0
2425	2018	3.0
2425	2025	3.0
2425	2080	4.0
2425	2168	3.0
2425	2211	3.0
2425	2218	2.0
2425	2220	3.0
2425	2240	3.0
2425	2303	2.0
2425	2417	3.0
2425	2459	2.0
2425	2511	3.0
2425	2565	4.0
2425	2605	3.0
2425	2631	4.0
2425	2689	3.0
2425	2704	3.0
2425	2706	4.0
2425	2714	4.0
2425	2924	5.0
2425	2931	5.0
2425	3062	3.0
2425	3091	3.0
2425	3125	3.0
2425	3150	3.0
2425	3180	4.0
2425	3359	3.0
2425	3386	3.0
2425	3418	4.0
2425	3440	4.0
2425	3442	3.0
2425	3523	4.0
2425	3536	5.0
2425	3584	3.0
2425	3601	3.0
2425	3690	2.0
2425	3707	3.0
2425	3774	3.0
2425	3873	4.0
2425	3912	3.0
2425	4001	2.0
2425	4025	3.0
2425	4030	3.0
2425	4110	3.0
2425	4178	4.0
2425	4214	4.0
2425	4230	3.0
2425	4236	4.0
2425	4246	5.0
2425	4294	4.0
2425	4357	3.0
2425	4382	4.0
2425	4402	3.0
2425	4487	4.0
2425	4608	3.0
2425	4615	3.0
2425	4620	4.0
2425	4684	3.0
2425	4748	5.0
2425	4769	4.0
2425	4773	2.0
2425	4951	3.0
2425	4975	3.0
2425	5005	2.0
2425	5018	4.0
2425	5145	3.0
2425	5175	4.0
2425	5204	3.0
2425	5220	3.0
2425	5236	4.0
2425	5294	4.0
2425	5391	3.0
2425	5401	3.0
2425	5430	2.0
2425	5432	4.0
2425	5435	3.0
2425	5445	4.0
2425	5582	4.0
2425	5592	2.0
2425	5630	3.0
2425	5642	3.0
2425	5653	3.0
2425	5658	3.0
2425	5749	3.0
2425	5791	4.0
2425	5800	2.0
2425	5849	2.0
2425	5873	4.0
2425	5874	3.0
2425	5884	3.0
2425	5892	4.0
2425	5910	4.0
2425	5937	3.0
2425	6116	4.0
2425	6123	3.0
2425	6144	3.0
2425	6179	3.0
2425	6190	5.0
2425	6208	3.0
2425	6214	3.0
2425	6223	3.0
2425	6353	4.0
2425	6368	3.0
2425	6472	3.0
2425	6491	4.0
2425	6536	3.0
2425	6560	4.0
2425	6561	3.0
2425	6629	3.0
2425	6661	4.0
2425	6693	2.0
2425	6766	3.0
2425	6770	3.0
2425	6772	4.0
2425	6785	3.0
2425	6837	3.0
2425	6922	3.0
2425	6938	3.0
2462	54	3.0
2462	174	5.0
2462	223	4.0
2462	236	1.0
2462	362	1.0
2462	421	3.0
2462	475	4.0
2462	528	4.0
2462	712	5.0
2462	857	4.0
2462	964	4.0
2462	1049	3.0
2462	1080	4.0
2462	1143	5.0
2462	1275	4.0
2462	1294	4.0
2462	1307	5.0
2462	1377	3.0
2462	1520	3.0
2462	1574	4.0
2462	1745	4.0
2462	1822	4.0
2462	1876	5.0
2462	1916	3.0
2462	1922	5.0
2462	1937	3.0
2462	1956	4.0
2462	2202	3.0
2462	2242	4.0
2462	2248	4.0
2462	2277	3.0
2462	2279	2.0
2462	2529	2.0
2462	2757	4.0
2462	2762	3.0
2462	2815	5.0
2462	2849	4.0
2462	2908	4.0
2462	2960	3.0
2462	3037	5.0
2462	3060	4.0
2462	3099	5.0
2462	3110	3.0
2462	3347	3.0
2462	3559	4.0
2462	3726	2.0
2462	3793	4.0
2462	3975	3.0
2462	4025	4.0
2462	4087	3.0
2462	4101	5.0
2462	4117	4.0
2462	4168	3.0
2462	4171	5.0
2462	4173	4.0
2462	4307	5.0
2462	4511	4.0
2462	4517	3.0
2462	4579	3.0
2462	4620	5.0
2462	4644	3.0
2462	4729	4.0
2462	4758	3.0
2462	4759	5.0
2462	4777	3.0
2462	4787	5.0
2462	4846	5.0
2462	4852	3.0
2462	4857	4.0
2462	4958	4.0
2462	4997	3.0
2462	5049	4.0
2462	5258	4.0
2462	5265	4.0
2462	5293	4.0
2462	5330	5.0
2462	5386	5.0
2462	5410	4.0
2462	5446	4.0
2462	5538	4.0
2462	5582	4.0
2462	5614	3.0
2462	5659	4.0
2462	5785	5.0
2462	5791	4.0
2462	5875	4.0
2462	6066	4.0
2462	6147	5.0
2462	6301	5.0
2462	6330	3.0
2462	6373	4.0
2462	6395	3.0
2462	6499	3.0
2462	6571	2.0
2462	6613	5.0
2462	6722	3.0
2462	6881	4.0
2462	6885	3.0
2462	6923	4.0
2502	232	4.0
2502	475	5.0
2502	649	5.0
2502	722	5.0
2502	1040	4.0
2502	1379	4.0
2502	1461	3.0
2502	1466	3.0
2502	1503	1.0
2502	1540	4.0
2502	1820	5.0
2502	1922	5.0
2502	1991	5.0
2502	2151	4.0
2502	2350	4.0
2502	2458	4.0
2502	2702	3.0
2502	2750	5.0
2502	2798	5.0
2502	2813	4.0
2502	2838	4.0
2502	2858	5.0
2502	3021	5.0
2502	3198	2.0
2502	3301	5.0
2502	3621	5.0
2502	4067	4.0
2502	4101	5.0
2502	4230	2.0
2502	4452	4.0
2502	4498	5.0
2502	4519	4.0
2502	4523	4.0
2502	4868	4.0
2502	4910	4.0
2502	4924	5.0
2502	5005	3.0
2502	5191	5.0
2502	5297	5.0
2502	5338	4.0
2502	5365	4.0
2502	5394	5.0
2502	5507	5.0
2502	5531	4.0
2502	5566	5.0
2502	5664	5.0
2502	5937	3.0
2502	6051	3.0
2502	6383	4.0
2502	6653	5.0
2502	6719	3.0
2502	6856	5.0
2554	44	4.0
2554	223	5.0
2554	234	3.0
2554	308	3.0
2554	340	4.0
2554	350	5.0
2554	362	3.0
2554	399	3.0
2554	469	3.0
2554	483	1.0
2554	500	4.0
2554	668	4.0
2554	700	4.0
2554	770	3.0
2554	872	3.0
2554	921	3.0
2554	946	4.0
2554	1071	3.0
2554	1204	3.0
2554	1206	3.0
2554	1294	4.0
2554	1350	2.0
2554	1377	4.0
2554	1397	4.0
2554	1521	3.0
2554	1613	4.0
2554	1750	3.0
2554	1840	3.0
2554	1843	3.0
2554	1876	5.0
2554	1964	3.0
2554	2295	4.0
2554	2307	5.0
2554	2354	4.0
2554	2394	5.0
2554	2443	3.0
2554	2495	3.0
2554	2528	3.0
2554	2606	3.0
2554	2613	4.0
2554	2693	5.0
2554	2739	5.0
2554	2806	1.0
2554	3025	3.0
2554	3309	4.0
2554	3376	4.0
2554	3386	4.0
2554	3483	2.0
2554	3488	3.0
2554	3707	5.0
2554	3709	4.0
2554	3727	3.0
2554	3733	4.0
2554	3781	5.0
2554	3794	3.0
2554	3799	3.0
2554	3911	5.0
2554	3921	2.0
2554	3935	4.0
2554	3964	3.0
2554	3974	2.0
2554	4039	4.0
2554	4172	4.0
2554	4187	5.0
2554	4230	4.0
2554	4269	4.0
2554	4305	3.0
2554	4457	5.0
2554	4501	3.0
2554	4524	3.0
2554	4628	3.0
2554	4688	5.0
2554	4767	5.0
2554	4799	3.0
2554	4852	2.0
2554	5005	3.0
2554	5210	4.0
2554	5263	3.0
2554	5304	3.0
2554	5407	5.0
2554	5430	4.0
2554	5575	4.0
2554	5700	4.0
2554	5711	3.0
2554	5771	5.0
2554	6123	4.0
2554	6143	4.0
2554	6208	4.0
2554	6287	2.0
2554	6394	4.0
2554	6436	5.0
2554	6522	4.0
2554	6667	3.0
2554	6695	4.0
2554	6704	5.0
2554	6922	4.0
2562	97	4.0
2562	105	3.0
2562	178	3.0
2562	220	5.0
2562	221	4.0
2562	385	3.0
2562	418	3.0
2562	567	3.0
2562	708	3.0
2562	890	4.0
2562	959	4.0
2562	1001	3.0
2562	1080	3.0
2562	1297	3.0
2562	1301	4.0
2562	1323	2.0
2562	1590	5.0
2562	1597	3.0
2562	1629	3.0
2562	1681	3.0
2562	1701	5.0
2562	1756	3.0
2562	1780	3.0
2562	1793	4.0
2562	1935	3.0
2562	2017	4.0
2562	2026	5.0
2562	2106	5.0
2562	2112	3.0
2562	2233	3.0
2562	2422	3.0
2562	2458	3.0
2562	2476	3.0
2562	2540	4.0
2562	2568	4.0
2562	2702	4.0
2562	2711	4.0
2562	2962	4.0
2562	2969	3.0
2562	2983	4.0
2562	3027	4.0
2562	3082	5.0
2562	3102	5.0
2562	3186	3.0
2562	3215	3.0
2562	3467	2.0
2562	3535	3.0
2562	3670	4.0
2562	3679	4.0
2562	3710	3.0
2562	3783	3.0
2562	3952	4.0
2562	3983	4.0
2562	4122	3.0
2562	4189	3.0
2562	4194	3.0
2562	4206	4.0
2562	4241	3.0
2562	4272	3.0
2562	4386	4.0
2562	4392	5.0
2562	4394	3.0
2562	4444	3.0
2562	4542	3.0
2562	4574	4.0
2562	4583	4.0
2562	4885	3.0
2562	5000	4.0
2562	5113	4.0
2562	5435	3.0
2562	5445	4.0
2562	5476	5.0
2562	5875	3.0
2562	5879	3.0
2562	5984	3.0
2562	6052	4.0
2562	6056	3.0
2562	6136	5.0
2562	6182	4.0
2562	6276	5.0
2562	6312	3.0
2562	6313	5.0
2562	6385	3.0
2562	6430	3.0
2562	6433	3.0
2562	6686	5.0
2562	6691	4.0
2562	6707	3.0
2562	6887	2.0
2562	6955	5.0
2584	120	3.0
2584	166	3.0
2584	365	3.0
2584	418	5.0
2584	614	4.0
2584	1049	3.0
2584	1155	4.0
2584	1204	4.0
2584	1267	4.0
2584	1522	3.0
2584	1612	4.0
2584	1772	5.0
2584	2122	4.0
2584	2307	3.0
2584	2421	4.0
2584	2511	4.0
2584	2520	5.0
2584	2842	3.0
2584	2938	4.0
2584	2977	5.0
2584	3048	5.0
2584	3093	3.0
2584	3128	4.0
2584	3135	3.0
2584	3145	4.0
2584	3170	4.0
2584	3240	5.0
2584	3283	4.0
2584	3367	2.0
2584	3440	4.0
2584	3521	4.0
2584	3662	5.0
2584	3725	4.0
2584	3797	3.0
2584	4110	4.0
2584	4229	4.0
2584	4232	3.0
2584	4238	4.0
2584	4560	5.0
2584	4743	5.0
2584	4808	4.0
2584	4965	4.0
2584	5371	4.0
2584	5792	4.0
2584	5843	3.0
2584	6369	3.0
2584	6426	5.0
2584	6491	4.0
2584	6581	4.0
2584	6954	3.0
2592	56	3.0
2592	174	5.0
2592	182	5.0
2592	573	5.0
2592	574	3.0
2592	681	3.0
2592	817	3.0
2592	832	5.0
2592	1012	3.0
2592	1071	3.0
2592	1080	5.0
2592	1354	5.0
2592	1432	5.0
2592	1635	5.0
2592	2115	3.0
2592	2242	3.0
2592	2260	5.0
2592	2350	4.0
2592	2384	5.0
2592	2422	3.0
2592	2509	3.0
2592	2522	3.0
2592	2586	4.0
2592	2681	5.0
2592	2697	3.0
2592	2706	3.0
2592	2725	5.0
2592	3019	2.0
2592	3092	5.0
2592	3102	5.0
2592	3213	3.0
2592	3270	5.0
2592	3333	4.0
2592	3341	3.0
2592	3577	5.0
2592	3707	3.0
2592	3910	5.0
2592	3939	3.0
2592	4233	5.0
2592	4236	5.0
2592	4404	3.0
2592	4767	5.0
2592	4791	5.0
2592	4926	3.0
2592	5049	4.0
2592	5258	3.0
2592	5386	4.0
2592	5702	5.0
2592	5781	5.0
2592	5802	5.0
2592	5867	5.0
2592	6012	3.0
2592	6118	4.0
2592	6169	4.0
2592	6310	5.0
2592	6340	2.0
2592	6877	4.0
2607	13	3.0
2607	98	3.0
2607	144	4.0
2607	164	4.0
2607	167	3.0
2607	170	4.0
2607	177	3.0
2607	243	4.0
2607	356	4.0
2607	370	3.0
2607	372	3.0
2607	479	4.0
2607	493	3.0
2607	506	3.0
2607	551	3.0
2607	712	4.0
2607	714	4.0
2607	767	4.0
2607	848	2.0
2607	963	3.0
2607	986	4.0
2607	1049	4.0
2607	1073	4.0
2607	1077	3.0
2607	1116	4.0
2607	1122	3.0
2607	1226	2.0
2607	1257	4.0
2607	1301	4.0
2607	1336	4.0
2607	1359	4.0
2607	1543	3.0
2607	1551	4.0
2607	1578	3.0
2607	1587	3.0
2607	1617	4.0
2607	1799	4.0
2607	1865	3.0
2607	1885	4.0
2607	2001	3.0
2607	2102	4.0
2607	2124	3.0
2607	2204	3.0
2607	2263	4.0
2607	2268	4.0
2607	2277	3.0
2607	2343	3.0
2607	2467	3.0
2607	2511	4.0
2607	2535	3.0
2607	2540	4.0
2607	2645	3.0
2607	2704	4.0
2607	2722	4.0
2607	2726	3.0
2607	2788	4.0
2607	2842	3.0
2607	2845	4.0
2607	2846	4.0
2607	2979	4.0
2607	3026	4.0
2607	3028	5.0
2607	3089	3.0
2607	3093	3.0
2607	3118	4.0
2607	3130	4.0
2607	3144	3.0
2607	3170	4.0
2607	3208	3.0
2607	3224	4.0
2607	3378	3.0
2607	3386	3.0
2607	3436	3.0
2607	3475	3.0
2607	3523	4.0
2607	3527	3.0
2607	3602	4.0
2607	3616	3.0
2607	3673	4.0
2607	3685	2.0
2607	3873	3.0
2607	3982	4.0
2607	4000	3.0
2607	4032	4.0
2607	4087	3.0
2607	4117	4.0
2607	4171	4.0
2607	4185	4.0
2607	4230	4.0
2607	4260	4.0
2607	4318	4.0
2607	4357	2.0
2607	4386	5.0
2607	4431	3.0
2607	4457	4.0
2607	4459	4.0
2607	4523	3.0
2607	4532	4.0
2607	4557	3.0
2607	4625	4.0
2607	4778	2.0
2607	4809	3.0
2607	4851	3.0
2607	4860	4.0
2607	4927	3.0
2607	4958	3.0
2607	5210	4.0
2607	5211	5.0
2607	5253	4.0
2607	5279	3.0
2607	5297	4.0
2607	5322	4.0
2607	5344	3.0
2607	5388	4.0
2607	5426	3.0
2607	5531	4.0
2607	5561	5.0
2607	5795	4.0
2607	5798	3.0
2607	5818	4.0
2607	5856	4.0
2607	5936	3.0
2607	5972	3.0
2607	5982	4.0
2607	5983	4.0
2607	6010	3.0
2607	6122	4.0
2607	6199	4.0
2607	6259	3.0
2607	6357	4.0
2607	6409	3.0
2607	6503	3.0
2607	6518	4.0
2607	6625	4.0
2607	6668	4.0
2607	6672	5.0
2607	6685	4.0
2607	6721	3.0
2607	6736	4.0
2607	6743	4.0
2607	6766	2.0
2607	6770	4.0
2607	6799	4.0
2607	6836	3.0
2607	6876	3.0
2607	6910	3.0
2607	6924	4.0
2620	234	4.0
2620	447	5.0
2620	475	4.0
2620	799	3.0
2620	946	3.0
2620	1042	3.0
2620	1064	5.0
2620	1350	3.0
2620	1353	3.0
2620	1458	3.0
2620	1548	3.0
2620	1577	3.0
2620	1630	5.0
2620	1678	4.0
2620	1730	3.0
2620	1809	4.0
2620	1920	3.0
2620	2016	3.0
2620	2203	4.0
2620	2242	4.0
2620	2248	3.0
2620	2279	3.0
2620	2281	4.0
2620	2384	3.0
2620	2528	3.0
2620	2898	4.0
2620	3023	5.0
2620	3028	5.0
2620	3099	4.0
2620	3143	3.0
2620	3270	5.0
2620	3326	4.0
2620	3332	3.0
2620	3394	3.0
2620	3538	4.0
2620	3670	4.0
2620	3676	4.0
2620	3777	5.0
2620	3783	3.0
2620	3910	3.0
2620	3940	4.0
2620	3979	3.0
2620	4117	4.0
2620	4221	3.0
2620	4242	3.0
2620	4388	3.0
2620	4390	3.0
2620	4487	4.0
2620	4612	5.0
2620	4614	3.0
2620	4706	3.0
2620	4852	5.0
2620	4853	3.0
2620	4875	3.0
2620	5003	3.0
2620	5065	3.0
2620	5252	3.0
2620	5261	4.0
2620	5435	3.0
2620	5503	3.0
2620	5582	5.0
2620	5595	4.0
2620	5781	3.0
2620	5969	3.0
2620	6123	3.0
2620	6174	5.0
2620	6177	4.0
2620	6197	3.0
2620	6342	4.0
2620	6637	3.0
2620	6695	4.0
2620	6742	4.0
2620	6833	3.0
2620	6923	5.0
2628	19	3.0
2628	234	3.0
2628	248	4.0
2628	332	3.0
2628	364	5.0
2628	402	5.0
2628	474	4.0
2628	557	5.0
2628	604	3.0
2628	625	4.0
2628	680	4.0
2628	707	4.0
2628	711	5.0
2628	727	5.0
2628	776	4.0
2628	789	3.0
2628	803	4.0
2628	817	5.0
2628	831	3.0
2628	832	5.0
2628	844	3.0
2628	891	4.0
2628	1131	4.0
2628	1194	4.0
2628	1204	4.0
2628	1241	3.0
2628	1269	3.0
2628	1287	3.0
2628	1330	4.0
2628	1423	3.0
2628	1483	5.0
2628	1656	5.0
2628	1681	4.0
2628	1682	3.0
2628	1737	5.0
2628	1787	3.0
2628	1892	5.0
2628	1899	4.0
2628	1906	5.0
2628	1962	3.0
2628	1995	4.0
2628	2012	4.0
2628	2024	3.0
2628	2028	4.0
2628	2057	4.0
2628	2126	4.0
2628	2216	5.0
2628	2275	4.0
2628	2398	3.0
2628	2399	1.0
2628	2487	2.0
2628	2497	4.0
2628	2526	4.0
2628	2545	3.0
2628	2569	4.0
2628	2575	5.0
2628	2586	4.0
2628	2623	3.0
2628	2688	2.0
2628	2708	4.0
2628	2997	4.0
2628	3030	4.0
2628	3075	4.0
2628	3089	4.0
2628	3123	4.0
2628	3214	5.0
2628	3222	4.0
2628	3255	5.0
2628	3307	4.0
2628	3358	4.0
2628	3366	3.0
2628	3371	4.0
2628	3391	4.0
2628	3582	3.0
2628	3751	4.0
2628	3754	4.0
2628	3767	5.0
2628	3783	4.0
2628	3817	3.0
2628	3894	3.0
2628	4009	4.0
2628	4036	4.0
2628	4063	5.0
2628	4111	3.0
2628	4213	4.0
2628	4214	5.0
2628	4334	3.0
2628	4373	3.0
2628	4416	5.0
2628	4429	4.0
2628	4494	5.0
2628	4511	4.0
2628	4526	4.0
2628	4572	3.0
2628	4573	3.0
2628	4575	3.0
2628	4628	3.0
2628	4656	4.0
2628	4732	2.0
2628	4754	4.0
2628	4758	4.0
2628	4763	5.0
2628	4776	4.0
2628	4827	4.0
2628	4934	4.0
2628	5103	5.0
2628	5187	3.0
2628	5195	3.0
2628	5236	5.0
2628	5259	3.0
2628	5309	5.0
2628	5455	4.0
2628	5564	3.0
2628	5646	3.0
2628	5805	3.0
2628	5811	4.0
2628	5844	5.0
2628	6169	4.0
2628	6181	4.0
2628	6205	5.0
2628	6320	4.0
2628	6336	3.0
2628	6350	4.0
2628	6393	5.0
2628	6400	5.0
2628	6491	5.0
2628	6583	4.0
2628	6678	4.0
2628	6681	4.0
2628	6731	4.0
2628	6735	3.0
2628	6816	5.0
2628	6875	3.0
2649	220	5.0
2649	385	4.0
2649	434	4.0
2649	680	4.0
2649	831	2.0
2649	832	5.0
2649	1159	3.0
2649	1189	2.0
2649	1249	2.0
2649	1617	3.0
2649	1734	4.0
2649	2153	5.0
2649	2386	2.0
2649	2583	2.0
2649	2706	4.0
2649	2792	4.0
2649	2841	2.0
2649	3056	2.0
2649	3073	4.0
2649	3082	4.0
2649	3309	3.0
2649	3564	4.0
2649	3649	3.0
2649	3998	4.0
2649	4172	2.0
2649	4202	2.0
2649	4206	4.0
2649	4246	4.0
2649	4617	1.0
2649	4665	4.0
2649	4712	1.0
2649	4923	3.0
2649	4924	4.0
2649	5057	3.0
2649	5082	4.0
2649	5127	4.0
2649	5193	2.0
2649	5598	1.0
2649	5646	2.0
2649	5663	3.0
2649	5836	5.0
2649	5934	2.0
2649	6300	1.0
2649	6409	4.0
2649	6671	2.0
2649	6881	5.0
2649	6916	2.0
2649	6956	4.0
2814	125	3.0
2814	220	5.0
2814	246	4.0
2814	390	4.0
2814	451	4.0
2814	629	3.0
2814	680	4.0
2814	719	4.0
2814	899	3.0
2814	1338	4.0
2814	1383	3.0
2814	1388	3.0
2814	1502	4.0
2814	1675	3.0
2814	1693	3.0
2814	1888	4.0
2814	1967	3.0
2814	2154	4.0
2814	2235	5.0
2814	2334	4.0
2814	2462	5.0
2814	2515	4.0
2814	2565	3.0
2814	2694	5.0
2814	2939	4.0
2814	3095	3.0
2814	3167	4.0
2814	3312	4.0
2814	3360	3.0
2814	3492	3.0
2814	3707	3.0
2814	3717	5.0
2814	3755	4.0
2814	3903	4.0
2814	3943	4.0
2814	4058	5.0
2814	4130	4.0
2814	4173	4.0
2814	4186	5.0
2814	4187	5.0
2814	4304	4.0
2814	4340	5.0
2814	4477	4.0
2814	4743	5.0
2814	4883	4.0
2814	4917	5.0
2814	5017	5.0
2814	5093	5.0
2814	5274	5.0
2814	5494	4.0
2814	5536	3.0
2814	5675	4.0
2814	5700	4.0
2814	5756	4.0
2814	5769	4.0
2814	5774	4.0
2814	6214	3.0
2814	6330	3.0
2814	6951	5.0
2814	6952	4.0
2814	6963	4.0
2832	52	4.0
2832	95	4.0
2832	96	5.0
2832	116	5.0
2832	226	4.0
2832	243	5.0
2832	276	5.0
2832	285	4.0
2832	452	5.0
2832	475	5.0
2832	535	5.0
2832	596	5.0
2832	618	4.0
2832	653	4.0
2832	667	2.0
2832	681	5.0
2832	769	4.0
2832	913	5.0
2832	1000	5.0
2832	1004	5.0
2832	1143	5.0
2832	1191	5.0
2832	1218	4.0
2832	1236	5.0
2832	1260	4.0
2832	1483	5.0
2832	1501	5.0
2832	1556	5.0
2832	1639	5.0
2832	1670	4.0
2832	1686	5.0
2832	1695	5.0
2832	1728	5.0
2832	1749	3.0
2832	1765	5.0
2832	1772	5.0
2832	1941	4.0
2832	1969	5.0
2832	2042	5.0
2832	2163	5.0
2832	2248	4.0
2832	2249	2.0
2832	2287	5.0
2832	2290	5.0
2832	2302	4.0
2832	2462	5.0
2832	2480	5.0
2832	2489	5.0
2832	2498	5.0
2832	2573	5.0
2832	2585	5.0
2832	2698	4.0
2832	2706	4.0
2832	2715	5.0
2832	2724	5.0
2832	2730	3.0
2832	2806	2.0
2832	2818	5.0
2832	2839	5.0
2832	2846	5.0
2832	2859	5.0
2832	2901	3.0
2832	2968	5.0
2832	3022	5.0
2832	3055	5.0
2832	3056	3.0
2832	3118	5.0
2832	3147	4.0
2832	3166	5.0
2832	3167	5.0
2832	3213	5.0
2832	3295	5.0
2832	3301	5.0
2832	3319	5.0
2832	3326	5.0
2832	3454	5.0
2832	3473	4.0
2832	3520	3.0
2832	3535	5.0
2832	3594	3.0
2832	3645	4.0
2832	3719	5.0
2832	3787	5.0
2832	4109	5.0
2832	4173	5.0
2832	4174	2.0
2832	4186	5.0
2832	4190	5.0
2832	4257	5.0
2832	4277	5.0
2832	4285	4.0
2832	4295	5.0
2832	4349	4.0
2832	4355	3.0
2832	4364	5.0
2832	4392	3.0
2832	4421	4.0
2832	4441	4.0
2832	4484	5.0
2832	4487	5.0
2832	4523	4.0
2832	4642	4.0
2832	4837	3.0
2832	4878	4.0
2832	4889	5.0
2832	4900	5.0
2832	4926	5.0
2832	4928	5.0
2832	5093	5.0
2832	5116	4.0
2832	5250	5.0
2832	5263	5.0
2832	5358	5.0
2832	5386	5.0
2832	5476	5.0
2832	5628	5.0
2832	5693	5.0
2832	5716	5.0
2832	5768	5.0
2832	5793	4.0
2832	5822	4.0
2832	5875	5.0
2832	5991	5.0
2832	5993	4.0
2832	6042	5.0
2832	6150	3.0
2832	6178	4.0
2832	6253	5.0
2832	6333	5.0
2832	6352	5.0
2832	6434	3.0
2832	6497	4.0
2832	6551	4.0
2832	6557	5.0
2832	6597	4.0
2832	6653	5.0
2832	6682	4.0
2832	6808	1.0
2832	6923	4.0
2832	6954	4.0
2832	6963	5.0
2870	15	4.0
2870	27	4.0
2870	112	4.0
2870	246	5.0
2870	301	4.0
2870	307	3.0
2870	322	3.0
2870	358	4.0
2870	399	4.0
2870	513	3.0
2870	553	4.0
2870	575	4.0
2870	680	4.0
2870	769	3.0
2870	810	3.0
2870	975	4.0
2870	1065	3.0
2870	1079	4.0
2870	1083	4.0
2870	1234	4.0
2870	1374	4.0
2870	1435	5.0
2870	1462	3.0
2870	1613	4.0
2870	1624	4.0
2870	1703	4.0
2870	1711	3.0
2870	1716	3.0
2870	1772	5.0
2870	1853	4.0
2870	2125	3.0
2870	2219	4.0
2870	2240	5.0
2870	2357	4.0
2870	2582	1.0
2870	2585	4.0
2870	2606	4.0
2870	2725	4.0
2870	2738	3.0
2870	2785	4.0
2870	3028	4.0
2870	3029	4.0
2870	3093	5.0
2870	3109	3.0
2870	3111	3.0
2870	3120	4.0
2870	3245	3.0
2870	3360	1.0
2870	3465	4.0
2870	3517	5.0
2870	3523	5.0
2870	3568	3.0
2870	3623	4.0
2870	3641	5.0
2870	3650	5.0
2870	3828	4.0
2870	3874	3.0
2870	3880	4.0
2870	3903	3.0
2870	3968	3.0
2870	4166	3.0
2870	4173	4.0
2870	4205	5.0
2870	4312	4.0
2870	4346	3.0
2870	4434	4.0
2870	4645	3.0
2870	4742	3.0
2870	4758	4.0
2870	4852	3.0
2870	4953	4.0
2870	4965	4.0
2870	5016	3.0
2870	5095	4.0
2870	5098	3.0
2870	5100	4.0
2870	5386	5.0
2870	5394	4.0
2870	5420	2.0
2870	5432	5.0
2870	5453	5.0
2870	5578	5.0
2870	5620	4.0
2870	5689	4.0
2870	5719	3.0
2870	5780	4.0
2870	6175	4.0
2870	6193	4.0
2870	6342	5.0
2870	6485	3.0
2870	6586	5.0
2870	6594	4.0
2870	6606	4.0
2870	6749	4.0
2870	6761	4.0
2870	6789	4.0
2870	6886	5.0
2955	215	5.0
2955	223	5.0
2955	310	5.0
2955	385	5.0
2955	465	3.0
2955	627	4.0
2955	719	3.0
2955	761	5.0
2955	818	4.0
2955	1074	5.0
2955	1232	4.0
2955	1398	5.0
2955	1461	4.0
2955	1488	5.0
2955	1536	3.0
2955	1608	3.0
2955	1613	5.0
2955	1622	3.0
2955	1629	4.0
2955	1647	3.0
2955	1738	2.0
2955	1745	4.0
2955	1760	3.0
2955	1772	5.0
2955	1813	4.0
2955	1834	5.0
2955	1861	5.0
2955	1903	5.0
2955	1914	4.0
2955	2015	3.0
2955	2026	5.0
2955	2220	4.0
2955	2319	3.0
2955	2323	3.0
2955	2324	4.0
2955	2529	3.0
2955	2699	4.0
2955	2824	5.0
2955	2901	5.0
2955	3024	5.0
2955	3144	2.0
2955	3286	5.0
2955	3307	5.0
2955	3463	5.0
2955	3531	5.0
2955	3732	4.0
2955	3768	5.0
2955	3794	5.0
2955	3834	3.0
2955	3852	3.0
2955	3950	2.0
2955	4180	2.0
2955	4186	5.0
2955	4202	4.0
2955	4296	3.0
2955	4513	2.0
2955	4612	4.0
2955	4629	3.0
2955	4639	3.0
2955	4695	4.0
2955	4729	5.0
2955	4811	3.0
2955	4894	3.0
2955	4906	2.0
2955	4934	5.0
2955	5152	4.0
2955	5323	4.0
2955	5325	3.0
2955	5386	5.0
2955	5476	5.0
2955	5507	4.0
2955	5557	3.0
2955	5875	4.0
2955	5973	4.0
2955	5993	3.0
2955	6145	5.0
2955	6577	3.0
2955	6608	3.0
2955	6609	5.0
2955	6661	3.0
2955	6664	4.0
2955	6683	4.0
2955	6772	3.0
2982	1	4.0
2982	61	3.0
2982	174	4.0
2982	219	3.0
2982	341	3.0
2982	433	5.0
2982	567	3.0
2982	613	3.0
2982	709	3.0
2982	716	4.0
2982	833	4.0
2982	913	2.0
2982	939	5.0
2982	964	4.0
2982	1077	5.0
2982	1093	5.0
2982	1177	3.0
2982	1195	4.0
2982	1373	3.0
2982	1527	3.0
2982	1544	4.0
2982	1713	4.0
2982	1772	5.0
2982	1792	4.0
2982	1853	3.0
2982	1876	5.0
2982	2029	5.0
2982	2080	4.0
2982	2242	5.0
2982	2268	5.0
2982	2430	4.0
2982	2462	5.0
2982	2590	3.0
2982	2676	4.0
2982	2900	4.0
2982	2969	4.0
2982	3026	4.0
2982	3102	5.0
2982	3213	4.0
2982	3341	4.0
2982	3345	5.0
2982	3366	3.0
2982	3414	4.0
2982	3431	3.0
2982	3587	2.0
2982	3783	3.0
2982	3793	5.0
2982	3844	4.0
2982	3945	3.0
2982	3993	3.0
2982	4111	5.0
2982	4306	2.0
2982	4483	5.0
2982	4523	4.0
2982	4538	3.0
2982	4759	3.0
2982	4857	4.0
2982	4860	4.0
2982	4926	5.0
2982	5082	5.0
2982	5386	3.0
2982	5460	5.0
2982	5581	4.0
2982	5595	4.0
2982	5692	4.0
2982	5830	4.0
2982	6003	4.0
2982	6483	2.0
2982	6491	5.0
2982	6506	3.0
2982	6578	1.0
2982	6955	4.0
2982	6956	4.0
