User	Movie	Rating
1	194	4.0
1	296	4.0
1	310	5.0
1	653	4.0
1	789	4.0
1	884	2.0
1	946	4.0
1	1064	4.0
1	1125	3.0
1	1177	4.0
1	1384	4.0
1	1488	4.0
1	1503	4.0
1	1521	3.0
1	1941	5.0
1	2098	5.0
1	2120	2.0
1	2274	5.0
1	2320	4.0
1	2384	3.0
1	2627	5.0
1	2706	5.0
1	2806	3.0
1	3050	4.0
1	3309	4.0
1	3440	3.0
1	3499	3.0
1	3527	2.0
1	3613	3.0
1	3630	4.0
1	3687	3.0
1	3769	5.0
1	3772	5.0
1	4037	4.0
1	4094	4.0
1	4117	3.0
1	4230	5.0
1	4295	4.0
1	4349	4.0
1	4392	4.0
1	4469	4.0
1	4649	2.0
1	4712	2.0
1	4922	4.0
1	4928	4.0
1	5003	4.0
1	5401	4.0
1	5507	3.0
1	5673	4.0
1	5987	3.0
1	6040	3.0
1	6260	4.0
1	6370	5.0
1	6469	3.0
1	6491	4.0
1	6799	3.0
1	6963	5.0
9	170	5.0
9	386	4.0
9	500	4.0
9	545	4.0
9	605	3.0
9	747	5.0
9	1722	4.0
9	1770	5.0
9	1779	5.0
9	1881	4.0
9	2027	4.0
9	2029	5.0
9	2089	4.0
9	2196	4.0
9	2240	4.0
9	2704	5.0
9	2717	4.0
9	3192	5.0
9	3310	3.0
9	3371	5.0
9	3723	4.0
9	3781	5.0
9	3874	5.0
9	3964	3.0
9	4094	5.0
9	4295	4.0
9	4934	5.0
9	5046	3.0
9	5124	5.0
9	5400	4.0
9	5719	3.0
9	5792	4.0
9	6145	4.0
9	6229	5.0
9	6327	4.0
9	6426	5.0
9	6695	4.0
9	6881	5.0
56	1	4.0
56	8	5.0
56	16	5.0
56	72	3.0
56	83	4.0
56	316	3.0
56	346	3.0
56	348	3.0
56	353	4.0
56	402	5.0
56	421	3.0
56	422	3.0
56	427	4.0
56	466	3.0
56	561	3.0
56	582	4.0
56	652	4.0
56	785	4.0
56	789	3.0
56	808	4.0
56	858	4.0
56	861	3.0
56	884	3.0
56	912	4.0
56	936	3.0
56	943	4.0
56	1047	5.0
56	1053	4.0
56	1092	4.0
56	1233	3.0
56	1246	4.0
56	1248	4.0
56	1294	4.0
56	1316	4.0
56	1355	3.0
56	1532	3.0
56	1595	4.0
56	1630	5.0
56	1700	3.0
56	1732	4.0
56	1760	3.0
56	1834	5.0
56	1928	2.0
56	2008	4.0
56	2090	5.0
56	2123	4.0
56	2178	3.0
56	2254	2.0
56	2282	3.0
56	2302	4.0
56	2444	4.0
56	2458	3.0
56	2511	3.0
56	2557	3.0
56	2606	4.0
56	2646	3.0
56	2742	3.0
56	2774	3.0
56	2801	5.0
56	2908	4.0
56	2931	4.0
56	2959	4.0
56	3100	4.0
56	3112	3.0
56	3129	4.0
56	3153	4.0
56	3255	4.0
56	3271	3.0
56	3276	3.0
56	3320	3.0
56	3471	5.0
56	3617	4.0
56	3676	5.0
56	3679	3.0
56	3691	3.0
56	3713	4.0
56	3825	3.0
56	3849	3.0
56	3876	4.0
56	3911	4.0
56	3996	3.0
56	4083	4.0
56	4186	4.0
56	4200	4.0
56	4323	4.0
56	4517	3.0
56	4523	4.0
56	4590	4.0
56	4628	3.0
56	4647	3.0
56	4679	3.0
56	4706	3.0
56	4727	3.0
56	4836	4.0
56	4860	3.0
56	4862	5.0
56	4873	5.0
56	4932	3.0
56	5057	5.0
56	5058	3.0
56	5082	3.0
56	5194	3.0
56	5251	3.0
56	5294	3.0
56	5401	4.0
56	5465	3.0
56	5503	3.0
56	5534	3.0
56	5544	3.0
56	5566	4.0
56	5646	3.0
56	5662	3.0
56	5686	4.0
56	5700	4.0
56	5711	3.0
56	5734	4.0
56	5869	3.0
56	5873	4.0
56	5927	4.0
56	5981	4.0
56	6078	3.0
56	6102	4.0
56	6116	3.0
56	6182	5.0
56	6273	3.0
56	6283	4.0
56	6370	4.0
56	6381	4.0
56	6561	3.0
56	6609	4.0
56	6637	4.0
56	6656	3.0
56	6659	3.0
56	6691	5.0
56	6778	3.0
56	6946	4.0
74	13	3.0
74	44	3.0
74	178	3.0
74	234	4.0
74	272	3.0
74	387	3.0
74	455	4.0
74	747	5.0
74	1077	4.0
74	1246	5.0
74	1379	4.0
74	1468	3.0
74	1503	3.0
74	1779	3.0
74	1876	5.0
74	2017	3.0
74	2041	2.0
74	2217	3.0
74	2319	4.0
74	2320	5.0
74	2384	4.0
74	2425	4.0
74	2453	3.0
74	2512	5.0
74	2609	4.0
74	2721	5.0
74	2931	5.0
74	3019	3.0
74	3144	3.0
74	3679	4.0
74	3692	4.0
74	3792	3.0
74	3796	5.0
74	3953	4.0
74	4037	4.0
74	4090	5.0
74	4108	4.0
74	4194	4.0
74	4487	2.0
74	4517	3.0
74	4673	3.0
74	4698	5.0
74	4779	3.0
74	4893	2.0
74	5386	5.0
74	5508	3.0
74	5652	4.0
74	5814	4.0
74	5924	3.0
74	5979	4.0
74	6074	3.0
74	6169	4.0
74	6199	3.0
74	6659	3.0
74	6799	5.0
74	6837	4.0
74	6877	4.0
84	56	4.0
84	199	5.0
84	243	5.0
84	475	4.0
84	875	5.0
84	884	4.0
84	911	5.0
84	936	3.0
84	1042	4.0
84	1125	5.0
84	1175	4.0
84	1249	5.0
84	1300	4.0
84	1585	4.0
84	1779	3.0
84	2008	5.0
84	2025	4.0
84	2262	5.0
84	2579	5.0
84	2886	2.0
84	3418	5.0
84	3570	4.0
84	3641	5.0
84	3693	3.0
84	4135	3.0
84	4230	3.0
84	4392	3.0
84	4550	5.0
84	4928	4.0
84	5294	5.0
84	5572	5.0
84	5603	4.0
84	5795	5.0
84	5881	5.0
84	6310	5.0
84	6327	5.0
84	6367	5.0
84	6561	3.0
84	6609	5.0
108	185	5.0
108	236	1.0
108	271	4.0
108	358	4.0
108	633	3.0
108	656	3.0
108	768	4.0
108	921	4.0
108	970	3.0
108	1056	4.0
108	1301	3.0
108	1432	3.0
108	1461	4.0
108	1563	3.0
108	1681	3.0
108	1728	5.0
108	1743	5.0
108	1766	3.0
108	1767	5.0
108	2012	3.0
108	2017	4.0
108	2025	5.0
108	2029	5.0
108	2089	5.0
108	2135	5.0
108	2186	5.0
108	2299	4.0
108	2467	4.0
108	2748	3.0
108	2774	4.0
108	2842	3.0
108	2901	4.0
108	2920	3.0
108	2968	4.0
108	2985	3.0
108	3051	3.0
108	3100	3.0
108	3215	3.0
108	3331	4.0
108	3345	3.0
108	3403	3.0
108	3486	3.0
108	3527	4.0
108	3622	3.0
108	3628	3.0
108	3794	3.0
108	3877	3.0
108	3991	3.0
108	4034	3.0
108	4067	5.0
108	4094	3.0
108	4161	4.0
108	4246	4.0
108	4272	4.0
108	4392	3.0
108	4459	4.0
108	4553	3.0
108	4593	3.0
108	4791	5.0
108	4982	5.0
108	5012	4.0
108	5046	3.0
108	5053	4.0
108	5150	3.0
108	5341	3.0
108	5394	5.0
108	5401	3.0
108	5432	5.0
108	5481	4.0
108	5507	3.0
108	5566	3.0
108	5612	3.0
108	5710	4.0
108	5849	3.0
108	5934	3.0
108	6200	4.0
108	6302	4.0
108	6328	4.0
108	6378	3.0
108	6383	3.0
108	6391	3.0
108	6426	4.0
108	6483	4.0
108	6491	4.0
108	6637	3.0
108	6691	5.0
108	6762	3.0
108	6837	3.0
108	6878	3.0
108	6888	3.0
184	223	5.0
184	747	5.0
184	832	5.0
184	1301	5.0
184	1517	4.0
184	1522	3.0
184	1572	4.0
184	1770	4.0
184	1779	4.0
184	1864	4.0
184	2425	5.0
184	3309	5.0
184	3371	4.0
184	3628	3.0
184	3781	5.0
184	4463	5.0
184	4743	4.0
184	4889	5.0
184	5178	4.0
184	5401	5.0
184	5657	4.0
184	5792	5.0
184	5837	3.0
184	6426	5.0
184	6600	5.0
184	6677	4.0
184	6708	3.0
184	6955	5.0
193	82	4.0
193	281	5.0
193	323	4.0
193	350	5.0
193	557	5.0
193	596	5.0
193	1140	5.0
193	1195	3.0
193	1424	5.0
193	1434	3.0
193	1722	5.0
193	1734	4.0
193	1760	3.0
193	1951	5.0
193	2025	5.0
193	2027	5.0
193	2029	5.0
193	2242	5.0
193	2307	4.0
193	2384	5.0
193	2462	5.0
193	3033	4.0
193	3100	5.0
193	3130	5.0
193	3431	5.0
193	3627	4.0
193	3690	4.0
193	3707	4.0
193	3796	4.0
193	4166	3.0
193	4186	4.0
193	4236	4.0
193	4923	5.0
193	5082	4.0
193	5124	5.0
193	5274	5.0
193	5387	4.0
193	5407	4.0
193	5595	5.0
193	5910	4.0
193	5991	5.0
193	6174	5.0
193	6229	5.0
193	6396	4.0
193	6469	4.0
193	6770	5.0
193	6799	5.0
193	6927	5.0
205	214	4.0
205	217	4.0
205	220	4.0
205	232	3.0
205	254	2.0
205	324	4.0
205	447	3.0
205	468	3.0
205	471	3.0
205	475	4.0
205	562	3.0
205	609	4.0
205	743	5.0
205	748	4.0
205	793	4.0
205	832	4.0
205	838	5.0
205	845	3.0
205	891	5.0
205	908	3.0
205	986	3.0
205	1077	4.0
205	1080	4.0
205	1195	4.0
205	1209	3.0
205	1338	4.0
205	1643	4.0
205	1779	5.0
205	1941	3.0
205	2151	3.0
205	2202	3.0
205	2260	5.0
205	2384	3.0
205	2421	3.0
205	2431	4.0
205	2557	3.0
205	2609	5.0
205	2624	5.0
205	2739	4.0
205	2859	4.0
205	3142	3.0
205	3212	3.0
205	3281	3.0
205	3414	3.0
205	3415	3.0
205	3488	2.0
205	3597	4.0
205	3697	3.0
205	3737	3.0
205	3769	4.0
205	3783	3.0
205	3786	4.0
205	3825	4.0
205	4094	4.0
205	4206	4.0
205	4330	1.0
205	4339	1.0
205	4388	3.0
205	4457	4.0
205	4529	3.0
205	4873	4.0
205	5015	4.0
205	5069	5.0
205	5164	3.0
205	5178	4.0
205	5251	2.0
205	5301	4.0
205	5394	3.0
205	5401	5.0
205	5417	2.0
205	5494	5.0
205	5562	4.0
205	5657	3.0
205	5702	5.0
205	5712	4.0
205	6002	4.0
205	6055	4.0
205	6084	3.0
205	6214	4.0
205	6229	3.0
205	6369	3.0
205	6417	4.0
205	6425	5.0
205	6452	5.0
205	6648	5.0
205	6705	3.0
205	6875	3.0
205	6931	3.0
205	6939	4.0
212	38	1.0
212	56	4.0
212	141	4.0
212	243	4.0
212	415	4.0
212	474	4.0
212	475	5.0
212	476	2.0
212	496	3.0
212	525	4.0
212	578	2.0
212	654	4.0
212	818	4.0
212	827	4.0
212	938	3.0
212	1113	3.0
212	1421	3.0
212	1587	4.0
212	1628	4.0
212	1728	4.0
212	1740	5.0
212	1779	4.0
212	1805	3.0
212	1879	4.0
212	1999	3.0
212	2186	3.0
212	2260	5.0
212	2300	3.0
212	2360	2.0
212	2421	4.0
212	2443	4.0
212	3313	4.0
212	3378	5.0
212	3395	3.0
212	3400	4.0
212	3449	4.0
212	3564	4.0
212	3722	4.0
212	3754	3.0
212	3831	5.0
212	4392	4.0
212	4462	4.0
212	4763	5.0
212	5282	5.0
212	5423	3.0
212	5582	4.0
212	6123	2.0
212	6162	4.0
212	6200	5.0
212	6370	5.0
212	6643	4.0
212	6691	4.0
212	6700	4.0
212	6788	3.0
212	6789	1.0
226	96	4.0
226	144	4.0
226	282	3.0
226	353	5.0
226	369	4.0
226	475	3.0
226	479	5.0
226	535	3.0
226	1076	3.0
226	1162	5.0
226	1185	2.0
226	1400	4.0
226	1527	4.0
226	1533	5.0
226	1590	5.0
226	1618	4.0
226	1654	3.0
226	1682	4.0
226	1728	5.0
226	1734	5.0
226	1986	5.0
226	2049	5.0
226	2240	4.0
226	2706	5.0
226	2824	5.0
226	2861	4.0
226	2931	4.0
226	2959	5.0
226	3027	4.0
226	3197	1.0
226	3241	3.0
226	3268	5.0
226	3301	5.0
226	3307	4.0
226	3779	4.0
226	3787	5.0
226	3964	3.0
226	4001	5.0
226	4180	2.0
226	4513	2.0
226	4523	5.0
226	4596	3.0
226	4684	5.0
226	4920	4.0
226	5037	5.0
226	5100	3.0
226	5114	3.0
226	5178	3.0
226	5575	5.0
226	5698	5.0
226	5873	5.0
226	5888	4.0
226	5928	3.0
226	6229	3.0
226	6255	4.0
226	6309	4.0
226	6393	4.0
226	6450	5.0
226	6659	3.0
226	6672	4.0
226	6773	3.0
226	6954	5.0
255	180	5.0
255	243	5.0
255	912	5.0
255	946	5.0
255	1431	3.0
255	1728	5.0
255	1779	4.0
255	2260	5.0
255	2462	5.0
255	2601	3.0
255	2606	5.0
255	2609	4.0
255	2697	5.0
255	2794	5.0
255	2886	4.0
255	2938	5.0
255	3141	4.0
255	3570	5.0
255	3650	4.0
255	3661	4.0
255	3911	5.0
255	4390	2.0
255	4487	5.0
255	4684	5.0
255	5515	5.0
255	5736	3.0
255	5844	5.0
255	5928	5.0
255	5934	4.0
255	6208	5.0
255	6219	3.0
255	6273	5.0
255	6554	2.0
255	6659	4.0
255	6695	5.0
255	6700	5.0
255	6731	3.0
294	449	4.0
294	456	4.0
294	531	5.0
294	642	4.0
294	759	5.0
294	817	4.0
294	1064	4.0
294	1074	4.0
294	1145	3.0
294	1148	4.0
294	1175	5.0
294	1295	5.0
294	1379	4.0
294	1415	3.0
294	1608	5.0
294	1629	4.0
294	1713	3.0
294	1728	4.0
294	1770	5.0
294	1772	4.0
294	1779	4.0
294	1920	4.0
294	2542	5.0
294	2588	4.0
294	2619	5.0
294	2910	5.0
294	2923	5.0
294	3025	4.0
294	3248	4.0
294	3492	4.0
294	3570	3.0
294	3612	4.0
294	3977	5.0
294	4003	5.0
294	4087	4.0
294	4189	5.0
294	4206	5.0
294	4346	3.0
294	4533	4.0
294	4608	3.0
294	4638	4.0
294	4857	5.0
294	4982	5.0
294	5502	4.0
294	5892	5.0
294	6229	4.0
294	6328	4.0
294	6530	4.0
294	6577	4.0
294	6659	4.0
294	6695	4.0
294	6731	4.0
294	6772	4.0
294	6878	5.0
297	1	3.0
297	13	3.0
297	30	5.0
297	178	3.0
297	255	3.0
297	269	3.0
297	359	3.0
297	483	3.0
297	549	3.0
297	630	3.0
297	720	3.0
297	858	3.0
297	866	3.0
297	936	3.0
297	938	3.0
297	1036	3.0
297	1074	3.0
297	1229	4.0
297	1327	3.0
297	1377	3.0
297	1563	4.0
297	1779	3.0
297	1822	3.0
297	1859	4.0
297	1888	3.0
297	2046	3.0
297	2089	5.0
297	2123	3.0
297	2191	3.0
297	2228	5.0
297	2250	3.0
297	2320	4.0
297	2323	2.0
297	2335	5.0
297	2365	3.0
297	2462	5.0
297	2522	3.0
297	2586	5.0
297	2706	5.0
297	2733	3.0
297	2818	4.0
297	2901	4.0
297	2960	3.0
297	2982	3.0
297	3084	3.0
297	3100	4.0
297	3150	4.0
297	3193	4.0
297	3222	4.0
297	3285	4.0
297	3336	5.0
297	3338	5.0
297	3407	4.0
297	3582	5.0
297	3592	3.0
297	3606	3.0
297	3613	3.0
297	3679	4.0
297	3690	3.0
297	3754	4.0
297	3848	3.0
297	3893	3.0
297	3910	3.0
297	4092	4.0
297	4117	3.0
297	4265	3.0
297	4628	3.0
297	4779	4.0
297	4947	3.0
297	4988	5.0
297	5014	4.0
297	5169	3.0
297	5193	3.0
297	5194	4.0
297	5247	3.0
297	5330	4.0
297	5359	4.0
297	5440	3.0
297	5472	4.0
297	5563	4.0
297	5746	3.0
297	5792	3.0
297	5798	3.0
297	5864	4.0
297	6127	3.0
297	6229	3.0
297	6275	4.0
297	6350	3.0
297	6369	2.0
297	6429	4.0
297	6439	3.0
297	6561	3.0
297	6774	4.0
334	37	5.0
334	54	2.0
334	175	5.0
334	208	5.0
334	216	5.0
334	255	3.0
334	294	4.0
334	553	4.0
334	557	4.0
334	612	3.0
334	812	3.0
334	852	3.0
334	857	4.0
334	938	3.0
334	1461	3.0
334	1491	4.0
334	1517	4.0
334	1617	5.0
334	1728	4.0
334	1779	3.0
334	1808	5.0
334	2089	2.0
334	2155	5.0
334	2177	1.0
334	2264	5.0
334	2282	3.0
334	2375	5.0
334	2725	4.0
334	2931	5.0
334	3019	5.0
334	3181	5.0
334	3623	2.0
334	3649	5.0
334	3845	3.0
334	4094	5.0
334	4421	4.0
334	4523	4.0
334	4672	5.0
334	4678	3.0
334	4842	4.0
334	5150	5.0
334	5222	2.0
334	5262	5.0
334	5304	3.0
334	5326	4.0
334	5361	4.0
334	5401	5.0
334	5576	3.0
334	5686	4.0
334	5719	2.0
334	5798	3.0
334	5910	3.0
334	6179	3.0
334	6197	3.0
334	6217	3.0
334	6287	3.0
334	6424	3.0
334	6484	4.0
334	6534	4.0
334	6695	5.0
334	6708	4.0
335	30	4.0
335	72	2.0
335	514	4.0
335	629	5.0
335	1077	5.0
335	1355	5.0
335	1521	5.0
335	1617	5.0
335	1779	5.0
335	1782	4.0
335	2017	3.0
335	2320	4.0
335	2340	3.0
335	3084	3.0
335	3309	5.0
335	4037	5.0
335	4148	5.0
335	4339	5.0
335	4495	5.0
335	4638	3.0
335	4645	4.0
335	4857	4.0
335	4928	4.0
335	5124	4.0
335	5401	5.0
335	5557	1.0
335	5569	1.0
335	5686	4.0
335	5698	4.0
335	5719	4.0
335	5910	4.0
335	5998	4.0
335	6107	3.0
335	6214	5.0
335	6232	5.0
335	6350	5.0
335	6659	5.0
335	6963	4.0
337	170	3.0
337	789	5.0
337	806	4.0
337	982	3.0
337	1008	4.0
337	1521	4.0
337	1529	5.0
337	1719	3.0
337	1799	5.0
337	2038	5.0
337	2120	2.0
337	2135	5.0
337	2770	3.0
337	2984	4.0
337	3035	5.0
337	3100	4.0
337	3309	3.0
337	3407	4.0
337	3691	3.0
337	3755	3.0
337	3762	5.0
337	3892	3.0
337	3953	5.0
337	4029	3.0
337	4462	3.0
337	4851	4.0
337	4919	3.0
337	4924	5.0
337	5003	5.0
337	5049	4.0
337	5423	4.0
337	5564	5.0
337	6066	5.0
337	6175	5.0
337	6583	4.0
337	6659	5.0
337	6893	3.0
337	6909	4.0
378	22	3.0
378	126	4.0
378	324	5.0
378	328	3.0
378	348	4.0
378	351	5.0
378	371	4.0
378	421	4.0
378	500	5.0
378	653	4.0
378	832	5.0
378	861	4.0
378	918	4.0
378	1018	5.0
378	1030	5.0
378	1056	5.0
378	1175	5.0
378	1384	5.0
378	1488	4.0
378	1740	4.0
378	1782	4.0
378	1899	4.0
378	1956	4.0
378	2289	3.0
378	2307	3.0
378	2323	4.0
378	2582	3.0
378	2951	2.0
378	3100	5.0
378	3215	4.0
378	3359	5.0
378	3378	4.0
378	3608	3.0
378	3650	3.0
378	3723	3.0
378	3822	5.0
378	3970	3.0
378	4151	4.0
378	4180	4.0
378	4202	3.0
378	4323	4.0
378	4418	4.0
378	4538	4.0
378	4638	3.0
378	4691	4.0
378	4712	3.0
378	5194	3.0
378	5386	5.0
378	5407	5.0
378	5473	5.0
378	5490	4.0
378	5503	3.0
378	5515	3.0
378	5581	4.0
378	5582	5.0
378	5662	4.0
378	5849	4.0
378	5910	5.0
378	6009	4.0
378	6018	3.0
378	6057	4.0
378	6123	4.0
378	6167	4.0
378	6229	5.0
378	6255	3.0
378	6260	3.0
378	6527	4.0
378	6629	3.0
378	6646	4.0
378	6691	5.0
378	6695	5.0
378	6731	4.0
378	6877	4.0
383	133	4.0
383	459	4.0
383	613	3.0
383	946	4.0
383	1010	3.0
383	1350	3.0
383	1377	3.0
383	1728	5.0
383	1745	3.0
383	2069	4.0
383	2242	4.0
383	2431	2.0
383	2535	4.0
383	2580	4.0
383	2901	3.0
383	3198	3.0
383	3627	4.0
383	3649	4.0
383	3769	4.0
383	3893	3.0
383	3993	3.0
383	4030	3.0
383	4206	4.0
383	4258	3.0
383	4421	4.0
383	4514	3.0
383	4541	4.0
383	4684	3.0
383	4691	2.0
383	4759	4.0
383	4791	4.0
383	4951	4.0
383	5005	3.0
383	5124	3.0
383	5251	3.0
383	5700	4.0
383	5888	4.0
383	6229	3.0
383	6253	4.0
383	6659	3.0
383	6886	4.0
441	216	4.0
441	223	5.0
441	323	4.0
441	656	5.0
441	818	5.0
441	827	5.0
441	858	4.0
441	859	4.0
441	971	4.0
441	1080	4.0
441	1311	3.0
441	1774	5.0
441	1779	5.0
441	1941	4.0
441	2015	3.0
441	2125	3.0
441	2275	5.0
441	2431	4.0
441	2443	4.0
441	2518	4.0
441	2569	4.0
441	3100	4.0
441	3275	4.0
441	3309	4.0
441	3449	5.0
441	3501	5.0
441	3560	4.0
441	3670	4.0
441	3692	4.0
441	3825	4.0
441	4097	4.0
441	4161	4.0
441	4194	4.0
441	4310	4.0
441	4387	4.0
441	4460	4.0
441	4469	4.0
441	4544	4.0
441	4658	5.0
441	4762	4.0
441	4926	4.0
441	4982	4.0
441	5050	4.0
441	5057	4.0
441	5217	4.0
441	5566	4.0
441	5633	4.0
441	5700	5.0
441	5743	4.0
441	6229	4.0
441	6284	4.0
441	6593	4.0
441	6702	4.0
441	6747	4.0
441	6952	5.0
441	6956	5.0
441	6957	4.0
446	31	4.0
446	94	4.0
446	131	5.0
446	174	5.0
446	234	5.0
446	359	5.0
446	596	5.0
446	683	4.0
446	712	5.0
446	821	5.0
446	1024	5.0
446	1073	5.0
446	1079	5.0
446	1160	5.0
446	1419	5.0
446	1563	5.0
446	1779	5.0
446	1941	5.0
446	2053	5.0
446	2197	5.0
446	2250	5.0
446	2320	5.0
446	2421	5.0
446	2462	5.0
446	2988	5.0
446	3026	5.0
446	3028	5.0
446	3371	5.0
446	3386	5.0
446	3402	5.0
446	3874	5.0
446	4457	5.0
446	4868	5.0
446	4908	5.0
446	4924	5.0
446	4936	5.0
446	5100	2.0
446	5252	5.0
446	5401	5.0
446	5943	3.0
446	6123	5.0
446	6145	5.0
446	6301	5.0
446	6560	5.0
446	6876	5.0
446	6953	5.0
461	1	3.0
461	194	3.0
461	272	3.0
461	358	3.0
461	369	3.0
461	500	3.0
461	553	3.0
461	629	3.0
461	747	4.0
461	1065	3.0
461	1187	3.0
461	1396	3.0
461	1421	3.0
461	1538	3.0
461	1585	4.0
461	1871	3.0
461	1925	2.0
461	2068	4.0
461	2093	4.0
461	2101	3.0
461	2111	3.0
461	2135	5.0
461	2186	3.0
461	2391	3.0
461	2417	3.0
461	2482	3.0
461	2535	4.0
461	2601	4.0
461	2609	5.0
461	2806	3.0
461	2874	3.0
461	2971	4.0
461	3197	4.0
461	3527	3.0
461	3661	4.0
461	3690	3.0
461	4135	3.0
461	4305	4.0
461	4392	5.0
461	4523	4.0
461	4791	4.0
461	4803	3.0
461	4899	3.0
461	4922	4.0
461	4927	5.0
461	4928	4.0
461	5266	4.0
461	5297	5.0
461	5396	3.0
461	5719	3.0
461	5910	3.0
461	5986	4.0
461	6179	4.0
461	6210	3.0
461	6310	4.0
461	6479	4.0
461	6578	3.0
461	6659	5.0
461	6700	3.0
461	6963	4.0
507	46	4.0
507	180	4.0
507	211	4.0
507	223	5.0
507	226	4.0
507	369	4.0
507	467	4.0
507	747	3.0
507	1521	4.0
507	1527	3.0
507	1629	3.0
507	1654	4.0
507	1760	4.0
507	1779	4.0
507	2017	4.0
507	2320	3.0
507	2582	4.0
507	2609	4.0
507	2842	4.0
507	3284	2.0
507	3564	5.0
507	3649	3.0
507	3692	4.0
507	4269	3.0
507	4339	2.0
507	4392	4.0
507	4729	4.0
507	4790	4.0
507	4982	4.0
507	5053	4.0
507	5150	3.0
507	5262	3.0
507	5385	4.0
507	5505	3.0
507	5581	3.0
507	5690	3.0
507	5965	4.0
507	6113	3.0
507	6198	4.0
507	6203	4.0
507	6370	4.0
507	6659	4.0
509	105	4.0
509	276	4.0
509	399	4.0
509	523	5.0
509	708	4.0
509	786	5.0
509	1065	4.0
509	1617	4.0
509	1779	5.0
509	2842	3.0
509	2900	4.0
509	3010	3.0
509	3110	3.0
509	3145	3.0
509	3192	5.0
509	3268	4.0
509	3536	4.0
509	3592	4.0
509	3964	3.0
509	4161	3.0
509	4194	4.0
509	4272	4.0
509	4392	5.0
509	4523	4.0
509	4665	4.0
509	5115	4.0
509	5304	4.0
509	5401	5.0
509	5407	5.0
509	5581	4.0
509	5792	4.0
509	6199	4.0
509	6776	4.0
509	6922	4.0
509	6962	5.0
520	126	3.0
520	141	5.0
520	448	5.0
520	700	5.0
520	778	5.0
520	913	5.0
520	1195	5.0
520	1263	4.0
520	1301	4.0
520	1517	3.0
520	1534	4.0
520	1681	5.0
520	1779	4.0
520	1850	4.0
520	2212	5.0
520	2220	5.0
520	2512	5.0
520	3069	3.0
520	3089	5.0
520	3281	4.0
520	3317	5.0
520	3431	5.0
520	3439	3.0
520	3449	3.0
520	3755	4.0
520	3931	4.0
520	3932	4.0
520	3941	5.0
520	3964	5.0
520	4034	4.0
520	4135	3.0
520	4186	5.0
520	4221	4.0
520	4296	5.0
520	4309	5.0
520	4333	3.0
520	4390	4.0
520	4392	5.0
520	4487	5.0
520	4596	5.0
520	4673	5.0
520	4769	5.0
520	4852	5.0
520	4927	5.0
520	5040	5.0
520	5236	5.0
520	5341	5.0
520	5394	5.0
520	5401	4.0
520	5423	5.0
520	5566	5.0
520	5581	5.0
520	5709	3.0
520	5928	4.0
520	6111	4.0
520	6174	3.0
520	6193	5.0
520	6210	5.0
520	6232	5.0
520	6244	5.0
520	6287	3.0
520	6664	4.0
520	6878	4.0
520	6963	5.0
592	232	4.0
592	485	4.0
592	535	4.0
592	553	4.0
592	827	4.0
592	968	4.0
592	1012	5.0
592	1049	3.0
592	1185	5.0
592	1308	5.0
592	1779	5.0
592	2161	4.0
592	2325	3.0
592	2520	2.0
592	2591	4.0
592	2778	3.0
592	2972	3.0
592	3124	5.0
592	3152	5.0
592	3254	4.0
592	3629	4.0
592	3670	4.0
592	3709	5.0
592	3715	4.0
592	3831	4.0
592	4105	5.0
592	4258	4.0
592	4390	3.0
592	4462	3.0
592	5053	5.0
592	5152	4.0
592	5311	5.0
592	5401	5.0
592	5422	5.0
592	5426	4.0
592	5956	3.0
592	5979	3.0
592	6109	4.0
592	6210	4.0
592	6445	3.0
592	6491	5.0
592	6659	5.0
592	6691	5.0
592	6765	5.0
592	6773	4.0
592	6963	5.0
650	79	5.0
650	174	4.0
650	219	5.0
650	236	2.0
650	322	4.0
650	524	5.0
650	557	5.0
650	680	4.0
650	800	4.0
650	812	3.0
650	921	5.0
650	976	3.0
650	998	4.0
650	1377	4.0
650	1458	4.0
650	1468	4.0
650	1503	4.0
650	1659	4.0
650	1661	4.0
650	1678	4.0
650	1682	4.0
650	1760	5.0
650	2609	4.0
650	2808	4.0
650	2859	5.0
650	2982	4.0
650	3008	5.0
650	3118	5.0
650	3192	5.0
650	3331	4.0
650	3480	5.0
650	3527	3.0
650	3528	4.0
650	3613	3.0
650	3630	4.0
650	3679	5.0
650	3739	5.0
650	4115	5.0
650	4117	4.0
650	4203	4.0
650	4239	4.0
650	4463	4.0
650	4469	4.0
650	4513	2.0
650	4517	4.0
650	4765	5.0
650	4928	4.0
650	5012	4.0
650	5150	2.0
650	5294	5.0
650	5401	5.0
650	5407	5.0
650	5619	3.0
650	6353	5.0
650	6371	5.0
650	6486	4.0
650	6515	5.0
650	6693	3.0
650	6925	4.0
717	99	3.0
717	217	5.0
717	223	5.0
717	243	5.0
717	266	4.0
717	418	4.0
717	561	2.0
717	668	4.0
717	682	3.0
717	858	3.0
717	861	3.0
717	912	4.0
717	918	3.0
717	1042	3.0
717	1061	4.0
717	1071	3.0
717	1125	2.0
717	1212	4.0
717	1461	4.0
717	1462	3.0
717	1506	2.0
717	1516	3.0
717	1629	4.0
717	1643	3.0
717	1659	4.0
717	1681	4.0
717	1779	3.0
717	1799	4.0
717	1876	4.0
717	2028	3.0
717	2135	5.0
717	2167	3.0
717	2168	3.0
717	2173	4.0
717	2241	5.0
717	2252	3.0
717	2307	3.0
717	2322	2.0
717	2427	3.0
717	2462	5.0
717	2479	3.0
717	2492	3.0
717	2568	4.0
717	2605	3.0
717	2641	3.0
717	2711	3.0
717	2782	4.0
717	2806	3.0
717	2908	4.0
717	2925	3.0
717	3027	5.0
717	3309	5.0
717	3564	5.0
717	3570	4.0
717	3622	3.0
717	3641	3.0
717	3670	4.0
717	3690	2.0
717	3695	3.0
717	3796	5.0
717	3862	4.0
717	3991	4.0
717	3993	2.0
717	4039	3.0
717	4117	4.0
717	4392	3.0
717	4458	3.0
717	4462	2.0
717	4477	3.0
717	4501	2.0
717	4538	3.0
717	4623	4.0
717	4665	4.0
717	4808	4.0
717	4811	3.0
717	4860	4.0
717	4924	4.0
717	4953	4.0
717	5049	3.0
717	5052	3.0
717	5112	5.0
717	5124	5.0
717	5193	3.0
717	5266	5.0
717	5293	3.0
717	5432	4.0
717	5515	4.0
717	5566	4.0
717	5659	5.0
717	5934	3.0
717	5936	4.0
717	5979	5.0
717	6101	3.0
717	6328	3.0
717	6390	2.0
717	6495	3.0
717	6609	3.0
717	6659	3.0
717	6672	4.0
717	6682	4.0
717	6690	4.0
717	6695	3.0
717	6739	5.0
717	6875	4.0
717	6886	4.0
717	6956	4.0
724	260	3.0
724	282	3.0
724	356	5.0
724	483	2.0
724	513	4.0
724	656	4.0
724	714	4.0
724	768	3.0
724	884	4.0
724	933	3.0
724	1071	4.0
724	1074	4.0
724	1116	4.0
724	1125	3.0
724	1503	3.0
724	1532	3.0
724	1563	4.0
724	1654	3.0
724	1779	3.0
724	1902	2.0
724	2382	3.0
724	2520	4.0
724	2609	4.0
724	2709	3.0
724	2842	3.0
724	3085	3.0
724	3449	3.0
724	3463	3.0
724	3551	1.0
724	3592	3.0
724	3692	4.0
724	3785	2.0
724	3856	4.0
724	3993	3.0
724	4161	3.0
724	4189	4.0
724	4349	3.0
724	4469	3.0
724	4532	3.0
724	4597	4.0
724	4699	4.0
724	4993	3.0
724	5015	4.0
724	5294	5.0
724	5304	3.0
724	5434	4.0
724	5503	4.0
724	5646	3.0
724	6051	4.0
724	6056	4.0
724	6109	3.0
724	6182	4.0
724	6200	4.0
724	6229	3.0
724	6384	4.0
724	6390	3.0
724	6426	4.0
724	6664	2.0
724	6677	3.0
724	6691	5.0
724	6706	1.0
724	6708	4.0
724	6776	3.0
724	6963	5.0
727	38	2.0
727	43	2.0
727	180	5.0
727	225	2.0
727	371	3.0
727	475	5.0
727	652	3.0
727	681	5.0
727	711	4.0
727	807	4.0
727	857	3.0
727	1209	2.0
727	1257	4.0
727	1429	3.0
727	1548	2.0
727	1670	2.0
727	1779	4.0
727	1820	4.0
727	1999	3.0
727	2135	3.0
727	2147	3.0
727	2262	4.0
727	2340	4.0
727	2539	5.0
727	2609	4.0
727	2763	3.0
727	2806	2.0
727	2900	3.0
727	2903	4.0
727	2908	4.0
727	3019	1.0
727	3147	4.0
727	3170	3.0
727	3197	2.0
727	3231	3.0
727	3323	5.0
727	3492	3.0
727	3513	3.0
727	3517	3.0
727	3564	4.0
727	3633	4.0
727	3796	5.0
727	3950	3.0
727	4161	3.0
727	4260	3.0
727	4272	4.0
727	4324	2.0
727	4340	3.0
727	4767	4.0
727	4953	4.0
727	5124	4.0
727	5150	3.0
727	5251	4.0
727	5262	3.0
727	5304	3.0
727	5394	4.0
727	5401	5.0
727	5594	3.0
727	5696	2.0
727	5712	4.0
727	5719	4.0
727	5829	4.0
727	5869	3.0
727	5910	3.0
727	5934	2.0
727	6229	4.0
727	6340	3.0
727	6543	3.0
727	6600	5.0
727	6687	3.0
727	6695	3.0
727	6955	5.0
757	3	3.0
757	223	5.0
757	1070	4.0
757	1162	5.0
757	1432	4.0
757	1503	3.0
757	1608	4.0
757	1728	5.0
757	2033	3.0
757	2188	4.0
757	2384	5.0
757	2609	4.0
757	2846	5.0
757	2901	4.0
757	3649	3.0
757	3787	4.0
757	4001	4.0
757	4067	3.0
757	4135	3.0
757	4186	4.0
757	4435	5.0
757	4623	5.0
757	4743	5.0
757	4791	5.0
757	4857	5.0
757	4889	4.0
757	4922	5.0
757	5791	3.0
757	6229	3.0
757	6370	3.0
757	6682	4.0
759	66	3.0
759	220	5.0
759	353	5.0
759	1030	4.0
759	1125	3.0
759	1195	4.0
759	1377	3.0
759	1503	5.0
759	1606	5.0
759	1770	5.0
759	2123	5.0
759	2706	4.0
759	3025	5.0
759	3028	4.0
759	3100	5.0
759	3248	4.0
759	3409	5.0
759	3419	5.0
759	3521	4.0
759	3759	5.0
759	3780	5.0
759	3876	5.0
759	3911	5.0
759	4037	3.0
759	4117	5.0
759	4140	4.0
759	4189	5.0
759	4295	5.0
759	4462	2.0
759	4463	5.0
759	4743	4.0
759	4782	4.0
759	4894	4.0
759	5134	4.0
759	5236	5.0
759	5407	5.0
759	5850	3.0
759	6229	5.0
759	6683	5.0
759	6799	3.0
824	126	2.0
824	386	4.0
824	421	3.0
824	789	3.0
824	821	4.0
824	845	3.0
824	855	3.0
824	858	3.0
824	936	3.0
824	1001	3.0
824	1054	3.0
824	1065	4.0
824	1195	3.0
824	1394	4.0
824	1396	3.0
824	1732	4.0
824	1903	4.0
824	1963	3.0
824	2250	4.0
824	2262	4.0
824	2431	2.0
824	2586	5.0
824	2609	4.0
824	2628	3.0
824	2787	3.0
824	2823	4.0
824	2824	4.0
824	2886	2.0
824	3045	3.0
824	3102	4.0
824	3129	4.0
824	3130	4.0
824	3309	4.0
824	3386	4.0
824	3463	3.0
824	3471	4.0
824	3739	4.0
824	3794	4.0
824	3921	3.0
824	3993	3.0
824	4053	4.0
824	4166	3.0
824	4171	3.0
824	4312	4.0
824	4392	4.0
824	4398	3.0
824	4511	4.0
824	4779	3.0
824	5082	3.0
824	5150	3.0
824	5262	3.0
824	5293	3.0
824	5294	5.0
824	5566	3.0
824	5572	4.0
824	5646	2.0
824	5763	4.0
824	5939	4.0
824	6138	3.0
824	6182	4.0
824	6232	4.0
824	6656	3.0
824	6683	4.0
870	1	4.0
870	112	5.0
870	141	5.0
870	170	5.0
870	287	2.0
870	461	1.0
870	528	4.0
870	568	5.0
870	585	4.0
870	629	3.0
870	680	5.0
870	681	3.0
870	747	5.0
870	832	3.0
870	1005	4.0
870	1101	3.0
870	1257	5.0
870	1263	5.0
870	1491	4.0
870	1534	3.0
870	1563	5.0
870	1628	4.0
870	1835	3.0
870	1839	4.0
870	2012	4.0
870	2078	3.0
870	2135	5.0
870	2168	4.0
870	2169	5.0
870	2458	5.0
870	2462	5.0
870	2501	5.0
870	2535	4.0
870	2609	4.0
870	2691	3.0
870	2762	4.0
870	2778	4.0
870	2859	5.0
870	3024	5.0
870	3100	5.0
870	3118	5.0
870	3315	5.0
870	3331	4.0
870	3407	4.0
870	3409	4.0
870	3414	4.0
870	3483	3.0
870	3536	5.0
870	3555	2.0
870	3563	5.0
870	3670	5.0
870	3676	4.0
870	3697	5.0
870	3707	4.0
870	3722	4.0
870	3781	5.0
870	3911	3.0
870	3923	2.0
870	4032	2.0
870	4067	5.0
870	4074	4.0
870	4135	4.0
870	4200	4.0
870	4291	2.0
870	4298	5.0
870	4339	5.0
870	4437	3.0
870	4463	4.0
870	4615	4.0
870	4617	3.0
870	4730	3.0
870	4799	4.0
870	4932	4.0
870	5012	4.0
870	5037	5.0
870	5049	5.0
870	5070	4.0
870	5150	2.0
870	5222	1.0
870	5257	4.0
870	5507	5.0
870	5534	4.0
870	5551	3.0
870	5614	4.0
870	5645	4.0
870	5663	5.0
870	5719	5.0
870	5875	5.0
870	5919	4.0
870	5982	3.0
870	6106	4.0
870	6261	3.0
870	6370	5.0
870	6471	4.0
870	6472	4.0
870	6762	4.0
870	6869	4.0
870	6878	4.0
870	6922	4.0
870	6924	4.0
875	117	2.0
875	319	4.0
875	350	3.0
875	703	3.0
875	912	4.0
875	934	2.0
875	939	5.0
875	1177	4.0
875	1377	3.0
875	1642	3.0
875	1728	5.0
875	1760	3.0
875	1779	4.0
875	1854	3.0
875	1881	3.0
875	2075	3.0
875	2132	4.0
875	2283	3.0
875	2608	4.0
875	2628	2.0
875	2787	4.0
875	2818	4.0
875	2997	3.0
875	3026	3.0
875	3028	3.0
875	3100	5.0
875	3292	3.0
875	3378	4.0
875	3437	2.0
875	3613	3.0
875	3676	3.0
875	3755	3.0
875	3869	2.0
875	4054	3.0
875	4457	5.0
875	4852	3.0
875	4919	2.0
875	4993	3.0
875	5049	3.0
875	5150	3.0
875	5251	4.0
875	5394	4.0
875	5578	3.0
875	5791	5.0
875	5844	5.0
875	6105	5.0
875	6659	4.0
875	6695	3.0
888	190	4.0
888	529	3.0
888	832	5.0
888	858	5.0
888	884	3.0
888	1210	4.0
888	1521	5.0
888	1782	4.0
888	1888	3.0
888	1957	2.0
888	2274	5.0
888	2529	4.0
888	2774	3.0
888	3344	3.0
888	3385	5.0
888	3501	3.0
888	3613	3.0
888	3699	3.0
888	3754	4.0
888	3781	5.0
888	3979	3.0
888	3998	4.0
888	4063	4.0
888	4340	4.0
888	4480	3.0
888	4567	3.0
888	4628	3.0
888	4857	5.0
888	5107	5.0
888	5394	3.0
888	5401	5.0
888	5515	3.0
888	5582	4.0
888	5928	3.0
888	6066	3.0
888	6159	5.0
888	6202	4.0
888	6229	3.0
888	6244	4.0
888	6327	5.0
888	6691	5.0
899	161	5.0
899	182	4.0
899	187	4.0
899	190	3.0
899	333	1.0
899	353	4.0
899	368	3.0
899	463	3.0
899	528	4.0
899	557	5.0
899	649	5.0
899	709	3.0
899	832	5.0
899	929	4.0
899	994	5.0
899	1088	5.0
899	1121	4.0
899	1140	3.0
899	1162	4.0
899	1248	5.0
899	1263	5.0
899	1304	3.0
899	1379	4.0
899	1402	5.0
899	1503	5.0
899	1647	4.0
899	1737	4.0
899	1779	5.0
899	1820	4.0
899	1926	5.0
899	1991	4.0
899	2159	2.0
899	2216	4.0
899	2244	4.0
899	2302	4.0
899	2340	3.0
899	2358	2.0
899	2471	4.0
899	2529	5.0
899	2591	3.0
899	2706	5.0
899	2792	4.0
899	2836	3.0
899	2846	5.0
899	2938	3.0
899	3022	5.0
899	3119	2.0
899	3268	4.0
899	3269	4.0
899	3326	4.0
899	3409	3.0
899	3492	3.0
899	3517	5.0
899	3523	4.0
899	3524	3.0
899	3550	5.0
899	3586	3.0
899	3602	5.0
899	3683	3.0
899	3716	5.0
899	3780	4.0
899	3821	4.0
899	3946	3.0
899	3955	4.0
899	3985	3.0
899	4034	2.0
899	4090	5.0
899	4102	3.0
899	4295	5.0
899	4309	3.0
899	4339	2.0
899	4345	5.0
899	4424	5.0
899	4635	5.0
899	4772	4.0
899	4853	5.0
899	4865	4.0
899	4889	5.0
899	5109	5.0
899	5175	5.0
899	5204	2.0
899	5265	5.0
899	5366	5.0
899	5367	2.0
899	5386	4.0
899	5445	5.0
899	5446	5.0
899	5532	4.0
899	5570	4.0
899	5572	5.0
899	5698	4.0
899	5781	5.0
899	5801	3.0
899	6022	4.0
899	6182	3.0
899	6229	5.0
899	6275	4.0
899	6290	4.0
899	6448	4.0
899	6457	5.0
899	6529	5.0
899	6538	4.0
899	6569	4.0
899	6580	3.0
899	6598	4.0
899	6685	4.0
899	6712	5.0
899	6777	4.0
899	6831	5.0
899	6849	4.0
899	6872	3.0
899	6877	4.0
899	6956	5.0
899	6969	5.0
954	1	4.0
954	54	4.0
954	132	3.0
954	196	3.0
954	223	5.0
954	236	1.0
954	243	3.0
954	248	3.0
954	309	3.0
954	401	4.0
954	506	3.0
954	561	3.0
954	605	4.0
954	706	3.0
954	780	1.0
954	817	5.0
954	831	3.0
954	861	3.0
954	1001	4.0
954	1071	4.0
954	1132	3.0
954	1396	3.0
954	1888	3.0
954	1900	2.0
954	1956	3.0
954	2140	3.0
954	2286	4.0
954	2461	3.0
954	2512	4.0
954	2609	4.0
954	2818	4.0
954	2824	5.0
954	2842	3.0
954	2923	3.0
954	2990	2.0
954	2993	4.0
954	3089	3.0
954	3100	4.0
954	3213	4.0
954	3387	1.0
954	3510	3.0
954	3527	3.0
954	3587	4.0
954	3660	1.0
954	3703	3.0
954	3861	3.0
954	3903	3.0
954	3929	4.0
954	4126	5.0
954	4204	3.0
954	4333	2.0
954	4421	4.0
954	4658	3.0
954	4679	4.0
954	4712	2.0
954	4917	5.0
954	5262	4.0
954	5472	3.0
954	5583	2.0
954	5622	4.0
954	5848	5.0
954	6011	4.0
954	6018	3.0
954	6105	4.0
954	6260	3.0
954	6286	3.0
954	6408	5.0
954	6491	5.0
954	6659	4.0
954	6691	4.0
954	6789	3.0
954	6955	4.0
1050	1	4.0
1050	220	5.0
1050	243	2.0
1050	257	5.0
1050	513	2.0
1050	817	5.0
1050	823	2.0
1050	1072	4.0
1050	1074	4.0
1050	1377	4.0
1050	1608	4.0
1050	1617	5.0
1050	1728	4.0
1050	1740	5.0
1050	2186	3.0
1050	2285	3.0
1050	2678	3.0
1050	2841	2.0
1050	3100	2.0
1050	3309	3.0
1050	3418	5.0
1050	3613	2.0
1050	3910	4.0
1050	4202	3.0
1050	4269	3.0
1050	4392	3.0
1050	4469	4.0
1050	4596	3.0
1050	4817	1.0
1050	5005	2.0
1050	5124	5.0
1050	5151	4.0
1050	5214	2.0
1050	5293	4.0
1050	5401	3.0
1050	6097	3.0
1050	6204	5.0
1050	6261	3.0
1050	6275	4.0
1050	6300	2.0
1050	6370	4.0
1050	6554	3.0
1113	308	3.0
1113	350	4.0
1113	386	5.0
1113	419	4.0
1113	629	2.0
1113	921	4.0
1113	1145	4.0
1113	1301	4.0
1113	1432	5.0
1113	1728	5.0
1113	1779	4.0
1113	2197	5.0
1113	2262	5.0
1113	2511	3.0
1113	2512	4.0
1113	2615	4.0
1113	2894	3.0
1113	2908	4.0
1113	3100	5.0
1113	3170	5.0
1113	3239	5.0
1113	3690	3.0
1113	3777	5.0
1113	3950	3.0
1113	4260	5.0
1113	4279	4.0
1113	4477	4.0
1113	4553	4.0
1113	4774	4.0
1113	4928	3.0
1113	5100	3.0
1113	5124	5.0
1113	5538	4.0
1113	5657	5.0
1113	5837	4.0
1113	5934	2.0
1113	6051	4.0
1113	6080	4.0
1113	6123	3.0
1113	6179	4.0
1113	6184	3.0
1113	6229	4.0
1113	6593	4.0
1113	6659	4.0
1113	6955	4.0
1161	1	4.0
1161	38	1.0
1161	117	5.0
1161	181	2.0
1161	223	5.0
1161	633	4.0
1161	1608	4.0
1161	1760	4.0
1161	1774	3.0
1161	1779	3.0
1161	1793	3.0
1161	1881	4.0
1161	2278	3.0
1161	2483	4.0
1161	2515	3.0
1161	2609	3.0
1161	2799	2.0
1161	3265	5.0
1161	3270	5.0
1161	3371	5.0
1161	3500	3.0
1161	3587	3.0
1161	3692	4.0
1161	4001	3.0
1161	4161	3.0
1161	4186	3.0
1161	4236	3.0
1161	4239	3.0
1161	4361	4.0
1161	4477	5.0
1161	4540	3.0
1161	4658	4.0
1161	4761	3.0
1161	4796	3.0
1161	4896	5.0
1161	4900	4.0
1161	4977	3.0
1161	5005	3.0
1161	5299	3.0
1161	5472	2.0
1161	5698	3.0
1161	5733	3.0
1161	6091	2.0
1161	6105	3.0
1161	6229	3.0
1161	6298	3.0
1161	6348	3.0
1161	6488	3.0
1161	6491	4.0
1161	6512	2.0
1161	6562	3.0
1161	6609	5.0
1161	6659	3.0
1161	6687	3.0
1191	138	4.0
1191	223	5.0
1191	552	4.0
1191	680	4.0
1191	778	4.0
1191	821	4.0
1191	1072	4.0
1191	1079	4.0
1191	1461	4.0
1191	1516	4.0
1191	1526	4.0
1191	1925	4.0
1191	2549	4.0
1191	3100	4.0
1191	3371	4.0
1191	3416	4.0
1191	3513	4.0
1191	3649	3.0
1191	3690	3.0
1191	3741	4.0
1191	4072	5.0
1191	4487	3.0
1191	4673	3.0
1191	4676	4.0
1191	4932	4.0
1191	5581	3.0
1191	5875	5.0
1191	6229	3.0
1191	6283	4.0
1191	6540	4.0
1191	6609	4.0
1191	6682	4.0
1191	6685	4.0
1191	6758	4.0
1191	6881	4.0
1191	6953	5.0
1244	106	4.0
1244	170	4.0
1244	190	4.0
1244	223	5.0
1244	254	4.0
1244	265	4.0
1244	281	4.0
1244	370	3.0
1244	512	5.0
1244	523	4.0
1244	604	2.0
1244	677	4.0
1244	735	1.0
1244	784	5.0
1244	806	5.0
1244	818	5.0
1244	827	5.0
1244	858	4.0
1244	939	5.0
1244	1061	5.0
1244	1175	4.0
1244	1177	4.0
1244	1180	4.0
1244	1204	3.0
1244	1294	4.0
1244	1377	3.0
1244	1503	3.0
1244	1513	3.0
1244	1615	5.0
1244	1670	3.0
1244	1728	5.0
1244	1730	4.0
1244	1759	5.0
1244	1808	4.0
1244	1859	4.0
1244	1888	3.0
1244	1941	5.0
1244	2025	4.0
1244	2135	4.0
1244	2240	4.0
1244	2243	5.0
1244	2315	3.0
1244	2320	4.0
1244	2326	4.0
1244	2339	3.0
1244	2482	4.0
1244	2565	4.0
1244	2602	3.0
1244	2627	5.0
1244	2704	3.0
1244	2772	5.0
1244	2788	4.0
1244	3026	5.0
1244	3110	4.0
1244	3118	5.0
1244	3151	4.0
1244	3251	3.0
1244	3278	2.0
1244	3281	1.0
1244	3294	4.0
1244	3295	4.0
1244	3301	5.0
1244	3309	3.0
1244	3564	4.0
1244	3593	3.0
1244	3759	2.0
1244	3777	5.0
1244	3866	4.0
1244	4135	3.0
1244	4187	4.0
1244	4206	4.0
1244	4244	5.0
1244	4260	4.0
1244	4295	4.0
1244	4296	4.0
1244	4706	3.0
1244	4711	3.0
1244	4759	4.0
1244	4982	4.0
1244	5210	3.0
1244	5211	5.0
1244	5282	5.0
1244	5299	4.0
1244	5401	4.0
1244	5432	4.0
1244	5552	2.0
1244	5654	5.0
1244	5719	3.0
1244	5775	4.0
1244	5820	4.0
1244	5932	4.0
1244	6010	4.0
1244	6138	4.0
1244	6182	4.0
1244	6229	4.0
1244	6659	4.0
1244	6682	4.0
1244	6691	4.0
1244	6770	4.0
1244	6876	3.0
1244	6955	3.0
1244	6963	4.0
1246	97	4.0
1246	223	5.0
1246	375	4.0
1246	421	4.0
1246	629	4.0
1246	817	4.0
1246	831	4.0
1246	832	5.0
1246	1188	5.0
1246	1488	4.0
1246	1521	4.0
1246	1588	4.0
1246	1745	5.0
1246	1782	3.0
1246	1853	5.0
1246	1876	4.0
1246	2178	3.0
1246	2421	4.0
1246	2541	4.0
1246	2601	4.0
1246	2602	4.0
1246	2893	3.0
1246	2971	4.0
1246	3152	5.0
1246	3251	3.0
1246	3371	5.0
1246	3468	5.0
1246	3691	3.0
1246	3831	4.0
1246	4037	4.0
1246	4054	4.0
1246	4110	4.0
1246	4309	4.0
1246	4392	3.0
1246	4673	4.0
1246	4928	4.0
1246	5085	4.0
1246	5191	5.0
1246	5230	4.0
1246	5315	3.0
1246	5386	4.0
1246	5401	4.0
1246	5603	3.0
1246	5930	4.0
1246	5985	5.0
1246	6049	4.0
1246	6066	5.0
1246	6190	5.0
1246	6308	3.0
1246	6328	4.0
1246	6417	4.0
1246	6538	4.0
1259	13	4.0
1259	233	2.0
1259	474	2.0
1259	528	3.0
1259	646	5.0
1259	1282	5.0
1259	1297	3.0
1259	1440	5.0
1259	1629	3.0
1259	1779	5.0
1259	2017	3.0
1259	2078	4.0
1259	2149	5.0
1259	2425	5.0
1259	2609	4.0
1259	2942	4.0
1259	3483	5.0
1259	3649	4.0
1259	3912	5.0
1259	4067	4.0
1259	4206	4.0
1259	4455	4.0
1259	4483	3.0
1259	4620	4.0
1259	4858	4.0
1259	4927	5.0
1259	5258	4.0
1259	5778	2.0
1259	6000	4.0
1259	6294	5.0
1259	6491	5.0
1270	133	3.0
1270	174	3.0
1270	180	4.0
1270	236	1.0
1270	343	3.0
1270	386	3.0
1270	500	5.0
1270	528	3.0
1270	668	3.0
1270	938	3.0
1270	988	3.0
1270	1049	3.0
1270	1226	4.0
1270	1233	3.0
1270	1314	4.0
1270	1329	3.0
1270	1482	3.0
1270	1487	2.0
1270	1488	4.0
1270	1585	4.0
1270	1607	3.0
1270	1632	3.0
1270	1799	3.0
1270	2004	3.0
1270	2025	3.0
1270	2159	3.0
1270	2274	3.0
1270	2305	2.0
1270	2427	3.0
1270	2609	5.0
1270	2806	2.0
1270	2987	3.0
1270	3085	3.0
1270	3285	3.0
1270	3378	3.0
1270	3410	3.0
1270	3468	2.0
1270	3579	3.0
1270	3617	3.0
1270	3655	3.0
1270	3679	4.0
1270	3759	3.0
1270	3794	5.0
1270	4151	4.0
1270	4164	3.0
1270	4180	1.0
1270	4307	3.0
1270	4312	3.0
1270	4392	5.0
1270	4523	4.0
1270	4527	4.0
1270	4555	3.0
1270	4596	3.0
1270	4673	3.0
1270	4773	4.0
1270	4852	2.0
1270	4868	2.0
1270	4923	4.0
1270	5012	3.0
1270	5124	3.0
1270	5257	3.0
1270	5261	3.0
1270	5324	5.0
1270	5394	2.0
1270	5401	5.0
1270	5493	3.0
1270	5566	3.0
1270	5572	3.0
1270	5582	3.0
1270	5633	3.0
1270	5696	3.0
1270	5746	4.0
1270	5907	4.0
1270	6009	3.0
1270	6036	3.0
1270	6066	4.0
1270	6174	3.0
1270	6538	4.0
1270	6577	3.0
1270	6583	3.0
1270	6584	4.0
1270	6601	3.0
1270	6607	3.0
1270	6667	4.0
1270	6691	4.0
1270	6706	3.0
1270	6856	3.0
1270	6963	3.0
1280	131	4.0
1280	170	4.0
1280	353	5.0
1280	471	4.0
1280	513	3.0
1280	594	4.0
1280	868	4.0
1280	1001	4.0
1280	1116	4.0
1280	1361	5.0
1280	1435	4.0
1280	1452	4.0
1280	1887	3.0
1280	2029	5.0
1280	2147	4.0
1280	2169	4.0
1280	2274	4.0
1280	2351	3.0
1280	2475	4.0
1280	2938	4.0
1280	3089	4.0
1280	3100	5.0
1280	3309	4.0
1280	3649	3.0
1280	3650	3.0
1280	3690	3.0
1280	3777	4.0
1280	3779	4.0
1280	3781	5.0
1280	3953	4.0
1280	4034	4.0
1280	4135	3.0
1280	4239	4.0
1280	4260	5.0
1280	4291	3.0
1280	4673	4.0
1280	4983	4.0
1280	5086	4.0
1280	5434	4.0
1280	5489	4.0
1280	5698	4.0
1280	5780	4.0
1280	6229	4.0
1280	6313	4.0
1280	6327	4.0
1280	6571	4.0
1280	6659	4.0
1280	6704	5.0
1280	6773	4.0
1290	180	4.0
1290	375	4.0
1290	804	4.0
1290	817	5.0
1290	1016	1.0
1290	1076	4.0
1290	1659	4.0
1290	1779	3.0
1290	1876	4.0
1290	1959	4.0
1290	2320	4.0
1290	2324	4.0
1290	2462	4.0
1290	2792	4.0
1290	2834	4.0
1290	2949	3.0
1290	2959	4.0
1290	3026	5.0
1290	3100	4.0
1290	3811	4.0
1290	4171	5.0
1290	4295	4.0
1290	4392	4.0
1290	4421	4.0
1290	4894	3.0
1290	4926	4.0
1290	4927	5.0
1290	5389	4.0
1290	6275	3.0
1290	6564	3.0
1290	6685	4.0
1290	6956	4.0
1331	220	5.0
1331	600	4.0
1331	856	4.0
1331	1071	4.0
1331	1116	4.0
1331	1322	4.0
1331	1325	3.0
1331	1400	3.0
1331	1503	2.0
1331	1779	3.0
1331	1837	3.0
1331	1964	3.0
1331	2584	5.0
1331	2609	2.0
1331	2859	5.0
1331	3022	3.0
1331	3293	4.0
1331	3739	2.0
1331	4246	3.0
1331	4307	4.0
1331	4419	3.0
1331	4863	5.0
1331	4865	3.0
1331	4923	5.0
1331	4982	3.0
1331	5114	3.0
1331	5401	3.0
1331	5566	5.0
1331	5592	1.0
1331	5645	5.0
1331	5854	4.0
1331	5991	3.0
1331	6591	2.0
1331	6659	3.0
1331	6862	4.0
1331	6956	5.0
1346	1	3.0
1346	54	4.0
1346	72	4.0
1346	236	4.0
1346	612	3.0
1346	832	4.0
1346	861	4.0
1346	913	3.0
1346	980	3.0
1346	1377	4.0
1346	1808	4.0
1346	1999	3.0
1346	2017	4.0
1346	2029	4.0
1346	2139	5.0
1346	2274	4.0
1346	2421	3.0
1346	2544	3.0
1346	2729	5.0
1346	2901	4.0
1346	3440	4.0
1346	3555	4.0
1346	3869	3.0
1346	3870	3.0
1346	3946	3.0
1346	4135	3.0
1346	4339	2.0
1346	4553	4.0
1346	4765	4.0
1346	4767	4.0
1346	4884	5.0
1346	4934	5.0
1346	5005	5.0
1346	5124	5.0
1346	5262	4.0
1346	5401	4.0
1346	5781	4.0
1346	5792	4.0
1346	6010	4.0
1346	6182	4.0
1346	6220	2.0
1346	6229	4.0
1346	6416	3.0
1346	6600	4.0
1346	6659	5.0
1360	185	3.0
1360	1533	5.0
1360	1663	4.0
1360	1924	4.0
1360	2181	3.0
1360	2188	4.0
1360	2296	3.0
1360	2304	4.0
1360	2320	4.0
1360	2484	5.0
1360	2563	3.0
1360	2616	4.0
1360	3237	5.0
1360	3320	2.0
1360	3345	3.0
1360	3703	5.0
1360	3719	5.0
1360	4006	5.0
1360	4009	5.0
1360	4010	5.0
1360	4254	5.0
1360	5430	3.0
1360	5472	4.0
1360	5543	5.0
1360	5700	5.0
1360	5889	5.0
1360	5928	5.0
1360	5958	3.0
1360	5973	5.0
1360	6222	4.0
1360	6229	5.0
1360	6393	5.0
1360	6659	4.0
1393	1	4.0
1393	668	4.0
1393	931	5.0
1393	1061	5.0
1393	1248	5.0
1393	1361	5.0
1393	1591	3.0
1393	1770	5.0
1393	2196	4.0
1393	2240	4.0
1393	2462	5.0
1393	2901	4.0
1393	3100	5.0
1393	3163	5.0
1393	3295	5.0
1393	4094	5.0
1393	4110	4.0
1393	4323	4.0
1393	4392	5.0
1393	4673	3.0
1393	5293	5.0
1393	5476	5.0
1393	5507	5.0
1393	5566	5.0
1393	5719	4.0
1393	6182	5.0
1393	6691	5.0
1397	236	3.0
1397	919	3.0
1397	939	5.0
1397	1491	3.0
1397	1532	3.0
1397	1808	4.0
1397	1885	3.0
1397	1941	4.0
1397	2029	4.0
1397	2135	4.0
1397	2282	4.0
1397	2307	3.0
1397	2425	3.0
1397	2520	5.0
1397	2522	3.0
1397	2787	3.0
1397	2841	4.0
1397	3100	3.0
1397	3555	4.0
1397	3613	4.0
1397	3649	4.0
1397	3690	4.0
1397	3754	4.0
1397	3977	5.0
1397	3993	3.0
1397	4230	4.0
1397	4673	4.0
1397	4947	3.0
1397	5124	4.0
1397	5386	4.0
1397	5572	5.0
1397	5619	2.0
1397	5696	4.0
1397	5792	3.0
1397	6066	3.0
1397	6123	3.0
1397	6229	4.0
1397	6370	4.0
1397	6479	3.0
1428	120	2.0
1428	165	4.0
1428	174	4.0
1428	346	2.0
1428	386	3.0
1428	461	1.0
1428	557	5.0
1428	594	4.0
1428	605	3.0
1428	713	3.0
1428	714	3.0
1428	817	4.0
1428	858	2.0
1428	861	3.0
1428	897	4.0
1428	960	3.0
1428	1012	5.0
1428	1076	4.0
1428	1149	3.0
1428	1185	3.0
1428	1249	3.0
1428	1365	3.0
1428	1366	3.0
1428	1421	2.0
1428	1503	3.0
1428	1552	5.0
1428	1563	3.0
1428	1664	4.0
1428	1749	3.0
1428	1770	5.0
1428	1798	2.0
1428	1805	3.0
1428	1825	3.0
1428	1826	3.0
1428	1914	3.0
1428	2025	3.0
1428	2052	1.0
1428	2159	1.0
1428	2163	4.0
1428	2165	3.0
1428	2168	2.0
1428	2196	3.0
1428	2322	2.0
1428	2326	5.0
1428	2586	4.0
1428	2806	2.0
1428	2842	3.0
1428	2910	5.0
1428	2968	3.0
1428	3006	2.0
1428	3281	3.0
1428	3310	2.0
1428	3436	3.0
1428	3511	4.0
1428	3512	2.0
1428	3627	4.0
1428	3687	3.0
1428	3794	4.0
1428	3874	5.0
1428	4001	4.0
1428	4064	3.0
1428	4172	3.0
1428	4180	2.0
1428	4186	4.0
1428	4187	4.0
1428	4305	3.0
1428	4309	3.0
1428	4392	3.0
1428	4394	3.0
1428	4464	3.0
1428	4542	3.0
1428	4726	3.0
1428	4779	3.0
1428	4874	4.0
1428	4923	4.0
1428	4928	3.0
1428	4947	2.0
1428	5294	5.0
1428	5319	3.0
1428	5323	3.0
1428	5401	3.0
1428	5552	3.0
1428	5561	5.0
1428	5598	3.0
1428	5663	5.0
1428	5896	3.0
1428	6024	3.0
1428	6217	4.0
1428	6283	5.0
1428	6369	3.0
1428	6557	5.0
1428	6596	4.0
1428	6637	3.0
1428	6659	3.0
1428	6677	3.0
1428	6686	3.0
1428	6691	5.0
1428	6722	4.0
1428	6762	3.0
1430	77	3.0
1430	217	5.0
1430	261	4.0
1430	347	2.0
1430	349	3.0
1430	557	4.0
1430	782	3.0
1430	817	5.0
1430	851	4.0
1430	890	5.0
1430	907	3.0
1430	912	3.0
1430	913	3.0
1430	981	3.0
1430	1076	5.0
1430	1077	5.0
1430	1080	4.0
1430	1202	3.0
1430	1384	4.0
1430	1440	4.0
1430	1468	2.0
1430	1481	3.0
1430	1580	4.0
1430	1585	4.0
1430	1680	3.0
1430	1693	3.0
1430	1750	3.0
1430	1779	4.0
1430	2015	4.0
1430	2041	3.0
1430	2164	4.0
1430	2221	4.0
1430	2236	3.0
1430	2403	4.0
1430	2461	5.0
1430	2565	4.0
1430	2609	3.0
1430	2616	4.0
1430	2651	5.0
1430	2720	4.0
1430	2767	5.0
1430	2806	1.0
1430	2818	5.0
1430	2834	4.0
1430	2926	3.0
1430	2929	3.0
1430	2965	3.0
1430	3024	4.0
1430	3052	5.0
1430	3189	3.0
1430	3238	5.0
1430	3294	3.0
1430	3330	5.0
1430	3450	3.0
1430	3513	4.0
1430	3524	3.0
1430	3539	3.0
1430	4062	3.0
1430	4097	4.0
1430	4121	4.0
1430	4194	4.0
1430	4379	4.0
1430	4392	3.0
1430	4559	2.0
1430	4736	3.0
1430	4738	3.0
1430	4759	3.0
1430	4840	3.0
1430	4854	4.0
1430	4927	5.0
1430	4950	5.0
1430	5057	4.0
1430	5222	3.0
1430	5307	4.0
1430	5400	4.0
1430	5413	5.0
1430	5507	4.0
1430	5736	3.0
1430	5838	2.0
1430	6165	5.0
1430	6216	4.0
1430	6234	4.0
1430	6370	5.0
1430	6533	4.0
1430	6560	5.0
1430	6610	3.0
1430	6687	4.0
1430	6752	4.0
1430	6801	4.0
1430	6831	3.0
1430	6863	4.0
1503	1	4.0
1503	220	5.0
1503	276	5.0
1503	401	3.0
1503	479	4.0
1503	512	5.0
1503	682	4.0
1503	863	5.0
1503	1030	4.0
1503	1080	4.0
1503	1195	5.0
1503	1226	5.0
1503	1300	5.0
1503	1403	4.0
1503	1591	4.0
1503	1617	5.0
1503	1654	3.0
1503	1770	5.0
1503	1956	4.0
1503	2012	4.0
1503	2457	5.0
1503	2846	5.0
1503	3268	5.0
1503	3270	5.0
1503	3386	5.0
1503	3517	5.0
1503	3595	4.0
1503	3613	4.0
1503	3650	5.0
1503	3765	5.0
1503	3771	5.0
1503	3874	4.0
1503	4037	4.0
1503	4135	4.0
1503	4171	4.0
1503	4176	5.0
1503	4241	5.0
1503	4248	4.0
1503	4309	4.0
1503	4315	4.0
1503	4358	4.0
1503	4392	5.0
1503	4487	4.0
1503	4507	3.0
1503	4594	4.0
1503	5015	4.0
1503	5100	4.0
1503	5151	3.0
1503	5385	4.0
1503	5507	5.0
1503	5572	5.0
1503	5592	3.0
1503	5936	4.0
1503	5991	4.0
1503	6153	3.0
1503	6196	4.0
1503	6199	3.0
1503	6229	5.0
1503	6609	5.0
1503	6687	5.0
1503	6772	3.0
1514	194	2.0
1514	220	5.0
1514	258	3.0
1514	260	3.0
1514	271	3.0
1514	323	3.0
1514	421	3.0
1514	495	5.0
1514	578	1.0
1514	629	3.0
1514	824	4.0
1514	827	5.0
1514	1439	4.0
1514	1462	4.0
1514	1503	3.0
1514	1521	3.0
1514	1554	4.0
1514	1770	4.0
1514	1779	3.0
1514	1782	5.0
1514	2122	4.0
1514	2135	5.0
1514	2217	4.0
1514	2425	4.0
1514	2430	4.0
1514	2509	3.0
1514	2678	3.0
1514	2706	5.0
1514	2824	4.0
1514	3008	3.0
1514	3100	5.0
1514	3124	3.0
1514	3151	5.0
1514	3192	5.0
1514	3483	4.0
1514	3527	3.0
1514	3649	5.0
1514	3650	5.0
1514	3653	4.0
1514	3733	5.0
1514	3739	5.0
1514	3964	3.0
1514	3977	5.0
1514	4018	2.0
1514	4037	3.0
1514	4094	4.0
1514	4126	4.0
1514	4236	3.0
1514	4260	4.0
1514	4317	4.0
1514	4469	4.0
1514	4487	3.0
1514	4513	2.0
1514	4553	4.0
1514	4594	5.0
1514	4729	4.0
1514	4906	3.0
1514	4922	3.0
1514	4924	4.0
1514	4926	4.0
1514	5005	3.0
1514	5057	4.0
1514	5251	4.0
1514	5262	4.0
1514	5314	5.0
1514	5401	4.0
1514	5407	5.0
1514	5656	3.0
1514	5673	4.0
1514	5792	5.0
1514	5958	2.0
1514	6010	5.0
1514	6109	3.0
1514	6174	5.0
1514	6182	3.0
1514	6253	5.0
1514	6302	3.0
1514	6355	4.0
1514	6529	5.0
1514	6584	4.0
1514	6645	2.0
1514	6659	3.0
1514	6664	4.0
1514	6682	4.0
1514	6706	4.0
1514	6716	5.0
1514	6854	4.0
1514	6915	4.0
1514	6922	3.0
1514	6925	4.0
1601	613	3.0
1601	681	4.0
1601	964	3.0
1601	1271	2.0
1601	1277	4.0
1601	1406	4.0
1601	1642	1.0
1601	1683	3.0
1601	2135	4.0
1601	2320	3.0
1601	2321	3.0
1601	2384	4.0
1601	2517	4.0
1601	2609	4.0
1601	2991	3.0
1601	3294	3.0
1601	3407	3.0
1601	3511	5.0
1601	3630	4.0
1601	3777	5.0
1601	3831	3.0
1601	4164	3.0
1601	4390	3.0
1601	4487	4.0
1601	4665	3.0
1601	5065	3.0
1601	5154	3.0
1601	5928	2.0
1601	6159	2.0
1601	6229	5.0
1601	6328	3.0
1601	6567	4.0
1601	6682	3.0
1601	6758	4.0
1686	72	3.0
1686	173	3.0
1686	475	5.0
1686	535	4.0
1686	605	4.0
1686	921	2.0
1686	1030	3.0
1686	1642	2.0
1686	1644	3.0
1686	1750	3.0
1686	1779	3.0
1686	1937	2.0
1686	2135	4.0
1686	2421	4.0
1686	2511	3.0
1686	2568	4.0
1686	2609	3.0
1686	2931	5.0
1686	3024	5.0
1686	3099	4.0
1686	3310	3.0
1686	3479	4.0
1686	4487	3.0
1686	4557	3.0
1686	4658	5.0
1686	4953	4.0
1686	4979	2.0
1686	4982	5.0
1686	5005	4.0
1686	5053	3.0
1686	5401	4.0
1686	5515	4.0
1686	5697	3.0
1686	5791	3.0
1686	6066	4.0
1686	6955	4.0
1694	236	1.0
1694	772	5.0
1694	789	3.0
1694	912	4.0
1694	929	4.0
1694	1072	4.0
1694	1077	4.0
1694	1080	5.0
1694	1248	5.0
1694	1483	4.0
1694	1513	4.0
1694	1521	4.0
1694	1767	5.0
1694	1779	4.0
1694	1799	4.0
1694	1808	4.0
1694	2089	4.0
1694	2421	3.0
1694	2923	4.0
1694	3371	4.0
1694	3570	4.0
1694	3910	4.0
1694	4186	4.0
1694	4188	4.0
1694	4307	4.0
1694	4726	3.0
1694	4857	5.0
1694	4894	3.0
1694	5893	1.0
1694	5953	4.0
1694	6229	4.0
1694	6578	3.0
1694	6811	4.0
1780	11	4.0
1780	128	4.0
1780	501	3.0
1780	548	4.0
1780	797	4.0
1780	1038	5.0
1780	1102	5.0
1780	1105	3.0
1780	1347	5.0
1780	1591	2.0
1780	1600	4.0
1780	1779	4.0
1780	1782	4.0
1780	1808	4.0
1780	2181	4.0
1780	2276	3.0
1780	2639	4.0
1780	2811	3.0
1780	2841	4.0
1780	2880	5.0
1780	3044	3.0
1780	3128	4.0
1780	3387	4.0
1780	3871	4.0
1780	4113	4.0
1780	4330	1.0
1780	4337	4.0
1780	4339	3.0
1780	4427	4.0
1780	4460	4.0
1780	4477	5.0
1780	5193	2.0
1780	5296	5.0
1780	5406	4.0
1780	5850	4.0
1780	6072	4.0
1780	6214	4.0
1780	6396	5.0
1780	6659	4.0
1792	85	3.0
1792	269	4.0
1792	509	5.0
1792	514	5.0
1792	854	3.0
1792	970	4.0
1792	1301	4.0
1792	1503	5.0
1792	1647	3.0
1792	1759	5.0
1792	1802	5.0
1792	2028	5.0
1792	2140	5.0
1792	2143	4.0
1792	2293	5.0
1792	2353	5.0
1792	2414	4.0
1792	2443	3.0
1792	2477	5.0
1792	2602	3.0
1792	2609	5.0
1792	2692	4.0
1792	2911	3.0
1792	2941	5.0
1792	2994	4.0
1792	3075	5.0
1792	3100	5.0
1792	3104	4.0
1792	3226	5.0
1792	3275	2.0
1792	3387	4.0
1792	3403	3.0
1792	3418	5.0
1792	3469	3.0
1792	3534	1.0
1792	3587	5.0
1792	3595	4.0
1792	3759	4.0
1792	4080	3.0
1792	4119	2.0
1792	4151	4.0
1792	4189	5.0
1792	4202	4.0
1792	4309	3.0
1792	4478	4.0
1792	4488	4.0
1792	4645	5.0
1792	4664	4.0
1792	4907	1.0
1792	4928	2.0
1792	5046	4.0
1792	5124	4.0
1792	5207	3.0
1792	5432	3.0
1792	5440	5.0
1792	5723	5.0
1792	5735	4.0
1792	5931	1.0
1792	5939	4.0
1792	6018	4.0
1792	6084	2.0
1792	6203	4.0
1792	6208	4.0
1792	6232	5.0
1792	6271	5.0
1792	6350	5.0
1792	6370	3.0
1792	6385	5.0
1792	6416	2.0
1792	6483	3.0
1792	6568	5.0
1792	6731	5.0
1792	6829	5.0
1802	433	2.0
1802	469	3.0
1802	629	1.0
1802	1085	2.0
1802	1263	5.0
1802	1441	3.0
1802	1727	3.0
1802	1990	2.0
1802	2240	3.0
1802	2242	3.0
1802	2274	2.0
1802	2307	2.0
1802	2511	1.0
1802	2609	4.0
1802	2759	5.0
1802	2783	5.0
1802	2842	3.0
1802	2845	4.0
1802	2910	4.0
1802	3100	4.0
1802	3202	2.0
1802	3294	4.0
1802	3593	3.0
1802	3649	3.0
1802	3743	1.0
1802	4030	5.0
1802	4094	4.0
1802	4743	4.0
1802	4848	1.0
1802	5401	4.0
1802	5582	5.0
1802	5725	3.0
1802	6217	3.0
1802	6287	2.0
1802	6884	3.0
1802	6886	5.0
1818	582	4.0
1818	827	4.0
1818	1265	4.0
1818	1560	4.0
1818	1981	3.0
1818	2017	5.0
1818	2188	4.0
1818	2275	4.0
1818	2283	4.0
1818	2698	3.0
1818	2861	4.0
1818	3100	4.0
1818	3102	5.0
1818	3255	5.0
1818	3650	4.0
1818	3905	4.0
1818	4206	4.0
1818	4388	2.0
1818	4706	4.0
1818	4928	3.0
1818	5163	4.0
1818	5387	4.0
1818	5401	5.0
1818	5430	3.0
1818	5473	4.0
1818	5891	4.0
1818	6229	4.0
1818	6670	5.0
1818	6681	2.0
1818	6691	4.0
1830	105	4.0
1830	209	4.0
1830	218	5.0
1830	312	5.0
1830	313	3.0
1830	565	4.0
1830	919	5.0
1830	936	3.0
1830	1036	5.0
1830	1728	5.0
1830	1780	5.0
1830	1802	4.0
1830	2015	5.0
1830	2561	4.0
1830	2603	5.0
1830	3197	3.0
1830	3427	3.0
1830	3777	5.0
1830	4003	5.0
1830	4135	3.0
1830	4392	5.0
1830	4662	5.0
1830	4916	4.0
1830	5139	4.0
1830	5391	5.0
1830	5401	5.0
1830	5890	5.0
1830	6273	5.0
1830	6659	5.0
1830	6695	4.0
1860	21	4.0
1860	170	5.0
1860	254	5.0
1860	346	3.0
1860	353	5.0
1860	493	4.0
1860	537	3.0
1860	789	3.0
1860	1305	3.0
1860	1361	5.0
1860	1471	5.0
1860	1488	4.0
1860	1532	4.0
1860	1765	3.0
1860	1770	5.0
1860	1779	5.0
1860	1802	3.0
1860	2159	3.0
1860	2164	4.0
1860	2324	4.0
1860	2601	5.0
1860	2602	3.0
1860	2609	3.0
1860	2824	5.0
1860	2842	3.0
1860	2959	4.0
1860	2980	5.0
1860	3028	5.0
1860	3062	3.0
1860	3192	5.0
1860	3371	5.0
1860	3407	3.0
1860	3613	3.0
1860	3781	5.0
1860	3915	4.0
1860	4109	5.0
1860	4321	3.0
1860	4392	3.0
1860	4453	5.0
1860	4483	4.0
1860	4623	4.0
1860	4852	4.0
1860	4910	3.0
1860	5407	5.0
1860	5508	3.0
1860	5572	4.0
1860	5719	4.0
1860	5778	3.0
1860	5888	5.0
1860	5890	4.0
1860	6150	5.0
1860	6199	3.0
1860	6253	5.0
1860	6927	5.0
1907	1	5.0
1907	613	4.0
1907	1177	4.0
1907	1378	3.0
1907	1779	3.0
1907	1962	4.0
1907	2609	3.0
1907	2717	5.0
1907	2818	4.0
1907	3295	5.0
1907	3670	4.0
1907	3781	5.0
1907	4146	4.0
1907	4186	5.0
1907	4923	5.0
1907	4927	5.0
1907	5053	5.0
1907	5252	4.0
1907	5258	4.0
1907	5294	5.0
1907	5344	3.0
1907	5385	5.0
1907	5410	5.0
1907	5538	3.0
1907	5850	3.0
1907	6182	5.0
1907	6396	5.0
1907	6584	4.0
1907	6706	3.0
1924	223	5.0
1924	353	5.0
1924	366	5.0
1924	500	3.0
1924	543	4.0
1924	816	5.0
1924	849	5.0
1924	1488	4.0
1924	1617	5.0
1924	1713	3.0
1924	1779	4.0
1924	2135	4.0
1924	2221	4.0
1924	2265	4.0
1924	2567	4.0
1924	2907	4.0
1924	3017	4.0
1924	3024	5.0
1924	3196	4.0
1924	3268	5.0
1924	3281	4.0
1924	3309	5.0
1924	3440	5.0
1924	4086	4.0
1924	4117	3.0
1924	4365	4.0
1924	4620	3.0
1924	4695	5.0
1924	4860	3.0
1924	4934	5.0
1924	5572	5.0
1924	6203	4.0
1924	6229	5.0
1924	6328	3.0
1924	6472	3.0
1924	6583	5.0
1939	1	3.0
1939	170	5.0
1939	174	5.0
1939	215	5.0
1939	233	4.0
1939	240	3.0
1939	272	3.0
1939	311	3.0
1939	346	4.0
1939	532	4.0
1939	561	2.0
1939	629	1.0
1939	633	4.0
1939	683	4.0
1939	759	5.0
1939	789	3.0
1939	810	3.0
1939	812	4.0
1939	832	5.0
1939	846	3.0
1939	875	4.0
1939	912	4.0
1939	994	4.0
1939	1017	5.0
1939	1036	4.0
1939	1099	4.0
1939	1101	4.0
1939	1440	4.0
1939	1588	3.0
1939	1634	5.0
1939	1791	4.0
1939	1799	5.0
1939	1878	3.0
1939	1888	4.0
1939	1951	4.0
1939	2032	4.0
1939	2152	3.0
1939	2262	4.0
1939	2340	4.0
1939	2375	5.0
1939	2386	4.0
1939	2430	4.0
1939	2444	5.0
1939	2625	4.0
1939	2754	4.0
1939	2772	5.0
1939	2848	4.0
1939	2886	4.0
1939	2956	5.0
1939	3100	5.0
1939	3102	5.0
1939	3170	4.0
1939	3234	4.0
1939	3319	3.0
1939	3473	4.0
1939	3520	5.0
1939	3600	4.0
1939	3630	3.0
1939	3645	4.0
1939	3693	4.0
1939	3796	4.0
1939	3949	3.0
1939	3954	3.0
1939	4019	5.0
1939	4056	3.0
1939	4151	4.0
1939	4230	4.0
1939	4477	4.0
1939	4612	4.0
1939	4664	4.0
1939	4673	3.0
1939	4796	5.0
1939	4852	4.0
1939	4880	5.0
1939	5265	4.0
1939	5282	3.0
1939	5503	4.0
1939	5511	3.0
1939	5531	4.0
1939	5560	3.0
1939	5767	2.0
1939	5845	5.0
1939	5916	4.0
1939	5985	3.0
1939	6110	5.0
1939	6175	4.0
1939	6217	5.0
1939	6370	5.0
1939	6426	4.0
1939	6469	5.0
1939	6643	3.0
1939	6659	4.0
1939	6886	5.0
1939	6925	4.0
1939	6929	5.0
1939	6955	5.0
2011	316	3.0
2011	324	4.0
2011	341	4.0
2011	371	5.0
2011	449	4.0
2011	604	3.0
2011	605	4.0
2011	680	3.0
2011	799	3.0
2011	829	5.0
2011	846	4.0
2011	1071	3.0
2011	1271	3.0
2011	1392	5.0
2011	1617	3.0
2011	1728	4.0
2011	2043	5.0
2011	2531	5.0
2011	2861	4.0
2011	3100	4.0
2011	3641	4.0
2011	3931	3.0
2011	4171	3.0
2011	4309	5.0
2011	4527	3.0
2011	4597	4.0
2011	4620	4.0
2011	5259	2.0
2011	5294	3.0
2011	5375	3.0
2011	5406	4.0
2011	5936	5.0
2011	6229	3.0
2011	6629	5.0
2011	6967	5.0
2024	386	4.0
2024	448	4.0
2024	449	4.0
2024	465	4.0
2024	474	3.0
2024	496	4.0
2024	649	4.0
2024	682	3.0
2024	683	5.0
2024	1073	3.0
2024	1178	3.0
2024	1248	3.0
2024	1528	5.0
2024	1531	4.0
2024	1770	5.0
2024	1942	4.0
2024	2079	3.0
2024	2135	5.0
2024	2279	3.0
2024	2350	5.0
2024	2475	3.0
2024	2574	5.0
2024	2586	4.0
2024	2609	3.0
2024	2706	5.0
2024	2824	3.0
2024	2835	4.0
2024	3024	4.0
2024	3060	4.0
2024	3129	3.0
2024	3309	3.0
2024	3336	3.0
2024	3339	5.0
2024	3366	3.0
2024	3371	4.0
2024	3471	5.0
2024	3777	5.0
2024	3994	3.0
2024	4404	4.0
2024	4421	5.0
2024	4435	4.0
2024	4796	4.0
2024	4924	4.0
2024	5053	4.0
2024	5210	4.0
2024	5225	4.0
2024	5353	4.0
2024	5738	4.0
2024	5763	3.0
2024	5781	5.0
2024	6539	3.0
2024	6659	3.0
2024	6687	4.0
2024	6709	4.0
2024	6880	4.0
2024	6886	4.0
2024	6955	3.0
2024	6962	3.0
2024	6969	5.0
2032	21	3.0
2032	180	5.0
2032	223	4.0
2032	320	5.0
2032	346	4.0
2032	402	5.0
2032	420	4.0
2032	613	4.0
2032	681	5.0
2032	913	5.0
2032	1070	4.0
2032	1074	5.0
2032	1125	4.0
2032	1451	4.0
2032	1488	5.0
2032	1534	3.0
2032	1608	5.0
2032	1617	5.0
2032	1728	4.0
2032	1730	5.0
2032	1774	3.0
2032	1881	5.0
2032	1941	5.0
2032	1996	5.0
2032	2242	5.0
2032	2350	5.0
2032	2422	3.0
2032	2564	4.0
2032	2591	5.0
2032	2609	4.0
2032	2714	5.0
2032	2799	4.0
2032	2859	5.0
2032	2991	4.0
2032	3024	5.0
2032	3253	5.0
2032	3301	5.0
2032	3345	4.0
2032	3363	4.0
2032	3406	4.0
2032	3409	5.0
2032	3440	5.0
2032	3466	4.0
2032	3486	5.0
2032	3502	4.0
2032	3618	4.0
2032	3627	5.0
2032	3642	5.0
2032	3655	4.0
2032	3690	4.0
2032	3787	5.0
2032	3910	4.0
2032	3962	5.0
2032	4187	5.0
2032	4296	5.0
2032	4392	4.0
2032	4482	5.0
2032	4523	4.0
2032	4620	5.0
2032	4656	4.0
2032	4673	5.0
2032	4687	4.0
2032	4796	5.0
2032	4894	5.0
2032	5124	5.0
2032	5293	5.0
2032	5389	5.0
2032	5423	3.0
2032	5644	5.0
2032	5917	4.0
2032	6010	5.0
2032	6044	5.0
2032	6300	3.0
2032	6302	4.0
2032	6455	5.0
2032	6456	5.0
2032	6491	5.0
2032	6578	5.0
2032	6713	5.0
2032	6749	5.0
2032	6850	3.0
2032	6877	3.0
2032	6881	5.0
2032	6901	4.0
2032	6925	5.0
2042	268	5.0
2042	296	5.0
2042	721	3.0
2042	1030	5.0
2042	1503	4.0
2042	2177	4.0
2042	2512	5.0
2042	2609	4.0
2042	2797	3.0
2042	2846	5.0
2042	2879	3.0
2042	3110	4.0
2042	3309	5.0
2042	3386	4.0
2042	3588	4.0
2042	3753	5.0
2042	4094	5.0
2042	4523	4.0
2042	4665	4.0
2042	4924	5.0
2042	5259	4.0
2042	5401	5.0
2042	5850	4.0
2042	6217	5.0
2042	6659	4.0
2042	6704	5.0
2069	1	3.0
2069	170	4.0
2069	475	5.0
2069	708	3.0
2069	711	4.0
2069	716	4.0
2069	747	4.0
2069	832	5.0
2069	1041	3.0
2069	1064	5.0
2069	1110	4.0
2069	1336	4.0
2069	1545	3.0
2069	1617	5.0
2069	1843	4.0
2069	2068	3.0
2069	2089	4.0
2069	2098	5.0
2069	2430	4.0
2069	2517	3.0
2069	2609	3.0
2069	2772	5.0
2069	3024	5.0
2069	3103	4.0
2069	3196	3.0
2069	3270	4.0
2069	3386	3.0
2069	3521	4.0
2069	3649	3.0
2069	3707	4.0
2069	3753	4.0
2069	3785	3.0
2069	3852	3.0
2069	3877	3.0
2069	3903	3.0
2069	3950	3.0
2069	3964	3.0
2069	4094	5.0
2069	4596	4.0
2069	5236	4.0
2069	5394	4.0
2069	5493	2.0
2069	5582	4.0
2069	6229	3.0
2069	6523	5.0
2069	6643	4.0
2069	6659	4.0
2069	6674	3.0
2069	6691	5.0
2069	6924	3.0
2069	6956	5.0
2079	7	3.0
2079	63	3.0
2079	223	4.0
2079	475	4.0
2079	545	4.0
2079	549	3.0
2079	606	4.0
2079	817	5.0
2079	858	3.0
2079	970	3.0
2079	1044	3.0
2079	1049	4.0
2079	1080	4.0
2079	1419	4.0
2079	1779	4.0
2079	1799	5.0
2079	2188	3.0
2079	2283	3.0
2079	2431	2.0
2079	2714	4.0
2079	2717	4.0
2079	2811	4.0
2079	2842	4.0
2079	2846	5.0
2079	2928	3.0
2079	3100	4.0
2079	3158	4.0
2079	3371	3.0
2079	3630	3.0
2079	3739	5.0
2079	3828	5.0
2079	4067	4.0
2079	4180	3.0
2079	4186	4.0
2079	4246	4.0
2079	4260	4.0
2079	4293	3.0
2079	4513	3.0
2079	4553	4.0
2079	5193	1.0
2079	5213	3.0
2079	5249	4.0
2079	5618	3.0
2079	6214	4.0
2079	6370	5.0
2079	6479	4.0
2097	253	4.0
2097	1064	5.0
2097	1196	5.0
2097	1503	5.0
2097	1881	3.0
2097	1964	5.0
2097	2302	5.0
2097	2787	5.0
2097	3027	4.0
2097	3692	3.0
2097	3777	5.0
2097	3831	5.0
2097	3911	3.0
2097	3950	3.0
2097	4230	3.0
2097	4392	5.0
2097	5423	5.0
2097	5758	5.0
2097	5958	5.0
2097	6047	4.0
2097	6208	5.0
2097	6214	2.0
2097	6229	5.0
2097	6369	3.0
2097	6930	1.0
2108	83	3.0
2108	483	3.0
2108	514	5.0
2108	549	2.0
2108	708	4.0
2108	818	5.0
2108	1001	4.0
2108	1030	4.0
2108	1071	4.0
2108	1248	5.0
2108	1263	3.0
2108	1301	3.0
2108	1327	3.0
2108	1513	3.0
2108	1663	5.0
2108	1699	4.0
2108	1736	3.0
2108	1802	5.0
2108	1821	4.0
2108	1822	4.0
2108	1834	5.0
2108	1871	3.0
2108	1899	3.0
2108	1951	5.0
2108	1964	5.0
2108	2012	3.0
2108	2016	4.0
2108	2197	5.0
2108	2324	5.0
2108	2350	4.0
2108	2406	4.0
2108	2456	3.0
2108	2586	5.0
2108	2609	5.0
2108	2700	4.0
2108	2859	4.0
2108	2901	3.0
2108	2938	3.0
2108	2962	3.0
2108	3110	4.0
2108	3268	5.0
2108	3492	3.0
2108	3670	3.0
2108	3695	4.0
2108	3780	5.0
2108	3781	4.0
2108	3950	3.0
2108	4001	5.0
2108	4006	4.0
2108	4053	5.0
2108	4065	3.0
2108	4134	5.0
2108	4148	5.0
2108	4230	2.0
2108	4234	4.0
2108	4307	5.0
2108	4392	5.0
2108	4414	3.0
2108	4684	5.0
2108	4695	4.0
2108	4759	5.0
2108	4889	5.0
2108	4899	4.0
2108	4926	4.0
2108	5028	4.0
2108	5051	5.0
2108	5082	5.0
2108	5139	4.0
2108	5231	3.0
2108	5236	4.0
2108	5258	5.0
2108	5292	4.0
2108	5293	3.0
2108	5330	5.0
2108	5347	2.0
2108	5353	5.0
2108	5388	4.0
2108	5401	5.0
2108	5582	4.0
2108	5936	4.0
2108	6083	4.0
2108	6109	4.0
2108	6428	4.0
2108	6457	4.0
2108	6472	4.0
2108	6580	4.0
2108	6609	5.0
2108	6664	4.0
2108	6854	3.0
2108	6925	5.0
2108	6963	4.0
2141	1	4.0
2141	38	1.0
2141	78	3.0
2141	96	4.0
2141	277	3.0
2141	328	3.0
2141	475	4.0
2141	601	5.0
2141	832	5.0
2141	861	2.0
2141	921	3.0
2141	1009	5.0
2141	1012	5.0
2141	1289	2.0
2141	1319	5.0
2141	1527	5.0
2141	1667	3.0
2141	1782	1.0
2141	1985	2.0
2141	2001	3.0
2141	2041	5.0
2141	2080	5.0
2141	2586	4.0
2141	2609	5.0
2141	2806	1.0
2141	2841	4.0
2141	2901	5.0
2141	2968	3.0
2141	3024	4.0
2141	3129	3.0
2141	3150	1.0
2141	3192	5.0
2141	3197	5.0
2141	3305	1.0
2141	3555	2.0
2141	3649	5.0
2141	3779	5.0
2141	4067	5.0
2141	4339	2.0
2141	4392	5.0
2141	4421	5.0
2141	4487	3.0
2141	4596	4.0
2141	4748	5.0
2141	4781	4.0
2141	4848	1.0
2141	4922	4.0
2141	4926	3.0
2141	4927	5.0
2141	4928	5.0
2141	5257	4.0
2141	5979	3.0
2141	6385	3.0
2143	271	3.0
2143	371	4.0
2143	405	4.0
2143	461	1.0
2143	513	3.0
2143	627	4.0
2143	729	4.0
2143	818	4.0
2143	861	4.0
2143	869	4.0
2143	959	3.0
2143	1030	4.0
2143	1073	4.0
2143	1074	4.0
2143	1084	5.0
2143	1105	2.0
2143	1141	3.0
2143	1301	3.0
2143	1313	4.0
2143	1328	3.0
2143	1563	4.0
2143	1585	4.0
2143	1600	3.0
2143	1608	4.0
2143	1682	3.0
2143	1753	4.0
2143	1808	5.0
2143	1827	5.0
2143	1871	4.0
2143	2151	4.0
2143	2186	3.0
2143	2319	4.0
2143	2320	5.0
2143	2609	4.0
2143	2778	4.0
2143	2841	5.0
2143	2859	5.0
2143	2880	4.0
2143	2901	5.0
2143	2931	4.0
2143	3017	4.0
2143	3367	3.0
2143	3690	3.0
2143	3692	2.0
2143	3952	4.0
2143	4001	4.0
2143	4172	4.0
2143	4192	4.0
2143	4469	4.0
2143	4513	2.0
2143	4705	3.0
2143	4748	4.0
2143	5005	3.0
2143	5042	4.0
2143	5050	3.0
2143	5053	4.0
2143	5210	4.0
2143	5432	5.0
2143	5571	2.0
2143	5572	5.0
2143	5577	4.0
2143	5619	4.0
2143	5648	2.0
2143	5657	4.0
2143	6229	4.0
2143	6350	4.0
2143	6370	5.0
2143	6519	3.0
2143	6659	3.0
2143	6700	4.0
2143	6729	4.0
2143	6799	5.0
2143	6954	4.0
2143	6955	4.0
2192	190	4.0
2192	232	3.0
2192	260	4.0
2192	276	5.0
2192	399	2.0
2192	514	4.0
2192	711	3.0
2192	817	5.0
2192	818	5.0
2192	833	5.0
2192	857	4.0
2192	1116	4.0
2192	1117	4.0
2192	1151	5.0
2192	1513	5.0
2192	1727	3.0
2192	1743	5.0
2192	1779	5.0
2192	1799	4.0
2192	1959	4.0
2192	2025	3.0
2192	2221	5.0
2192	2260	5.0
2192	2274	5.0
2192	2284	5.0
2192	2350	5.0
2192	2615	3.0
2192	2818	5.0
2192	2850	4.0
2192	3025	5.0
2192	3366	3.0
2192	3468	5.0
2192	3497	5.0
2192	3570	3.0
2192	3747	5.0
2192	3781	5.0
2192	3796	5.0
2192	3951	5.0
2192	4014	5.0
2192	4072	5.0
2192	4086	2.0
2192	4094	3.0
2192	4442	5.0
2192	4457	4.0
2192	4487	3.0
2192	4517	4.0
2192	4688	5.0
2192	4743	5.0
2192	4926	5.0
2192	4980	2.0
2192	5400	5.0
2192	5652	5.0
2192	5791	4.0
2192	5873	5.0
2192	5892	3.0
2192	6010	3.0
2192	6123	3.0
2192	6584	4.0
2192	6653	4.0
2192	6659	5.0
2192	6690	4.0
2192	6770	3.0
2210	26	3.0
2210	161	5.0
2210	170	5.0
2210	217	4.0
2210	225	3.0
2210	241	1.0
2210	387	3.0
2210	513	3.0
2210	530	3.0
2210	549	3.0
2210	709	3.0
2210	711	4.0
2210	747	4.0
2210	936	3.0
2210	998	5.0
2210	1027	4.0
2210	1048	2.0
2210	1074	4.0
2210	1301	4.0
2210	1377	4.0
2210	1432	5.0
2210	1488	4.0
2210	1503	3.0
2210	1611	4.0
2210	1772	5.0
2210	1779	3.0
2210	1885	3.0
2210	2029	5.0
2210	2033	4.0
2210	2079	4.0
2210	2159	1.0
2210	2221	3.0
2210	2278	3.0
2210	2294	4.0
2210	2340	3.0
2210	2430	4.0
2210	2434	4.0
2210	2443	3.0
2210	2611	4.0
2210	2627	5.0
2210	2676	4.0
2210	2698	3.0
2210	2739	5.0
2210	2824	5.0
2210	2842	3.0
2210	2959	5.0
2210	3014	3.0
2210	3024	5.0
2210	3089	4.0
2210	3124	3.0
2210	3149	4.0
2210	3213	4.0
2210	3281	4.0
2210	3294	5.0
2210	3301	5.0
2210	3309	5.0
2210	3365	4.0
2210	3587	3.0
2210	3592	3.0
2210	3597	3.0
2210	3603	4.0
2210	3630	4.0
2210	3650	4.0
2210	3661	4.0
2210	3676	4.0
2210	3757	4.0
2210	3771	5.0
2210	3793	5.0
2210	3794	4.0
2210	3873	4.0
2210	3952	5.0
2210	4053	5.0
2210	4094	4.0
2210	4189	4.0
2210	4191	5.0
2210	4390	3.0
2210	4477	5.0
2210	4483	4.0
2210	4673	2.0
2210	4676	4.0
2210	4771	4.0
2210	4800	3.0
2210	4852	4.0
2210	4860	4.0
2210	4885	3.0
2210	4949	3.0
2210	5049	4.0
2210	5052	4.0
2210	5124	5.0
2210	5209	3.0
2210	5262	3.0
2210	5323	4.0
2210	5353	5.0
2210	5434	5.0
2210	5435	3.0
2210	5470	3.0
2210	5507	5.0
2210	5511	2.0
2210	5515	4.0
2210	5597	4.0
2210	5628	3.0
2210	5662	3.0
2210	5827	5.0
2210	5836	4.0
2210	5879	3.0
2210	5946	2.0
2210	5993	4.0
2210	6040	2.0
2210	6084	3.0
2210	6190	5.0
2210	6229	4.0
2210	6232	4.0
2210	6299	2.0
2210	6309	3.0
2210	6426	5.0
2210	6522	4.0
2210	6578	3.0
2210	6682	5.0
2210	6749	4.0
2210	6776	4.0
2210	6852	4.0
2210	6875	3.0
2210	6925	5.0
2211	236	3.0
2211	300	3.0
2211	304	3.0
2211	354	5.0
2211	402	5.0
2211	711	3.0
2211	835	5.0
2211	921	3.0
2211	941	3.0
2211	1030	3.0
2211	1091	4.0
2211	1282	4.0
2211	1291	5.0
2211	1513	3.0
2211	1521	4.0
2211	1615	5.0
2211	1840	4.0
2211	1854	3.0
2211	1857	4.0
2211	1892	5.0
2211	2020	3.0
2211	2028	4.0
2211	2069	5.0
2211	2159	3.0
2211	2285	1.0
2211	2330	4.0
2211	2338	5.0
2211	2350	3.0
2211	2384	3.0
2211	2431	3.0
2211	2444	4.0
2211	2501	4.0
2211	2622	4.0
2211	2739	4.0
2211	2781	3.0
2211	2824	4.0
2211	2959	5.0
2211	2992	5.0
2211	3100	5.0
2211	3129	3.0
2211	3171	4.0
2211	3220	4.0
2211	3292	3.0
2211	3301	5.0
2211	3371	3.0
2211	3449	4.0
2211	3555	2.0
2211	3564	4.0
2211	3690	3.0
2211	3784	4.0
2211	3949	4.0
2211	3970	2.0
2211	4015	3.0
2211	4089	3.0
2211	4109	5.0
2211	4173	3.0
2211	4202	4.0
2211	4205	4.0
2211	4239	4.0
2211	4477	3.0
2211	4612	5.0
2211	4796	4.0
2211	4907	3.0
2211	5191	4.0
2211	5206	4.0
2211	5386	5.0
2211	5508	3.0
2211	5592	3.0
2211	5790	4.0
2211	5802	4.0
2211	5873	5.0
2211	5928	4.0
2211	6061	4.0
2211	6511	4.0
2211	6659	4.0
2211	6691	5.0
2211	6946	4.0
2211	6955	4.0
2215	277	4.0
2215	281	5.0
2215	350	5.0
2215	500	4.0
2215	574	4.0
2215	656	4.0
2215	749	5.0
2215	782	5.0
2215	814	4.0
2215	818	5.0
2215	859	4.0
2215	929	5.0
2215	936	3.0
2215	1046	3.0
2215	1076	5.0
2215	1079	4.0
2215	1122	4.0
2215	1263	4.0
2215	1264	5.0
2215	1299	4.0
2215	1377	4.0
2215	1503	3.0
2215	1513	4.0
2215	1527	4.0
2215	1532	3.0
2215	1568	4.0
2215	1607	4.0
2215	1609	5.0
2215	1622	4.0
2215	1629	4.0
2215	1695	5.0
2215	1699	4.0
2215	1731	4.0
2215	2242	5.0
2215	2350	5.0
2215	2460	4.0
2215	2515	4.0
2215	2609	4.0
2215	2956	5.0
2215	2962	4.0
2215	3295	5.0
2215	3317	4.0
2215	3394	3.0
2215	3423	4.0
2215	3533	4.0
2215	3535	4.0
2215	3781	5.0
2215	3911	5.0
2215	3955	5.0
2215	4126	4.0
2215	4230	3.0
2215	4309	5.0
2215	4315	4.0
2215	4386	4.0
2215	4456	5.0
2215	4463	4.0
2215	4581	5.0
2215	4594	4.0
2215	4596	4.0
2215	4623	5.0
2215	4634	4.0
2215	4665	4.0
2215	4684	5.0
2215	4695	5.0
2215	4772	5.0
2215	4884	5.0
2215	4986	4.0
2215	5053	4.0
2215	5207	4.0
2215	5213	3.0
2215	5239	4.0
2215	5311	4.0
2215	5386	5.0
2215	5407	5.0
2215	5445	4.0
2215	5697	5.0
2215	5779	4.0
2215	5895	4.0
2215	5971	5.0
2215	6053	3.0
2215	6193	5.0
2215	6229	4.0
2215	6483	4.0
2215	6600	4.0
2215	6653	5.0
2215	6659	5.0
2215	6720	4.0
2215	6776	4.0
2215	6777	5.0
2215	6949	4.0
2215	6953	5.0
2215	6955	5.0
2215	6962	4.0
2273	219	5.0
2273	232	4.0
2273	260	4.0
2273	500	5.0
2273	629	3.0
2273	734	4.0
2273	818	5.0
2273	1160	5.0
2273	1421	2.0
2273	1488	5.0
2273	1532	4.0
2273	1728	4.0
2273	1782	3.0
2273	1969	4.0
2273	2042	5.0
2273	2535	3.0
2273	2582	3.0
2273	2609	4.0
2273	2639	4.0
2273	3100	5.0
2273	3183	3.0
2273	3237	5.0
2273	3359	3.0
2273	3770	5.0
2273	4094	5.0
2273	4171	5.0
2273	4252	5.0
2273	4258	5.0
2273	4463	4.0
2273	4699	4.0
2273	4791	4.0
2273	5222	1.0
2273	5488	3.0
2273	5515	4.0
2273	5529	1.0
2273	5962	3.0
2273	5978	4.0
2273	6140	5.0
2273	6182	4.0
2273	6229	4.0
2273	6370	5.0
2273	6659	5.0
2273	6664	3.0
2273	6731	5.0
2273	6916	5.0
2300	133	5.0
2300	821	4.0
2300	941	4.0
2300	1180	4.0
2300	1221	4.0
2300	1770	3.0
2300	2037	4.0
2300	2135	5.0
2300	2421	5.0
2300	2801	3.0
2300	2938	4.0
2300	3100	5.0
2300	3613	3.0
2300	3794	5.0
2300	3876	5.0
2300	4260	4.0
2300	4808	4.0
2300	5053	4.0
2300	5100	4.0
2300	5253	4.0
2300	5262	3.0
2300	5436	3.0
2300	5572	5.0
2300	5597	4.0
2300	6229	4.0
2300	6449	5.0
2305	170	4.0
2305	419	4.0
2305	475	4.0
2305	532	4.0
2305	1503	3.0
2305	1617	4.0
2305	1713	3.0
2305	1728	5.0
2305	1740	3.0
2305	1772	4.0
2305	1779	3.0
2305	2029	4.0
2305	2169	3.0
2305	2221	5.0
2305	2274	5.0
2305	2350	4.0
2305	2386	4.0
2305	2458	5.0
2305	2721	3.0
2305	2806	2.0
2305	3026	4.0
2305	3093	4.0
2305	3265	4.0
2305	3284	2.0
2305	3409	4.0
2305	3425	3.0
2305	3568	3.0
2305	3670	4.0
2305	3781	5.0
2305	3874	4.0
2305	4171	4.0
2305	4323	3.0
2305	4477	4.0
2305	4487	3.0
2305	4523	4.0
2305	4852	3.0
2305	5395	4.0
2305	5401	5.0
2305	5445	5.0
2305	6370	4.0
2305	6568	4.0
2305	6664	4.0
2305	6853	4.0
2305	6957	4.0
2349	1	3.0
2349	170	5.0
2349	557	5.0
2349	818	5.0
2349	884	4.0
2349	1048	3.0
2349	1061	5.0
2349	1073	4.0
2349	1077	4.0
2349	1140	4.0
2349	1441	4.0
2349	1532	3.0
2349	1888	3.0
2349	2340	3.0
2349	2384	4.0
2349	2528	5.0
2349	2795	5.0
2349	2824	4.0
2349	3099	4.0
2349	3275	4.0
2349	3319	4.0
2349	3400	4.0
2349	3432	4.0
2349	3649	4.0
2349	3690	3.0
2349	3707	4.0
2349	3781	4.0
2349	3866	4.0
2349	4161	3.0
2349	4206	5.0
2349	4392	3.0
2349	4457	5.0
2349	4520	4.0
2349	4533	3.0
2349	5018	5.0
2349	5049	4.0
2349	5100	3.0
2349	5124	3.0
2349	5373	4.0
2349	5401	3.0
2349	5566	4.0
2349	5695	4.0
2349	6171	3.0
2349	6634	4.0
2349	6675	4.0
2349	6742	3.0
2377	421	1.0
2377	500	3.0
2377	812	1.0
2377	818	4.0
2377	1065	2.0
2377	1074	2.0
2377	1077	4.0
2377	1294	5.0
2377	1300	2.0
2377	1301	4.0
2377	1488	4.0
2377	1503	5.0
2377	1591	1.0
2377	1774	3.0
2377	1779	5.0
2377	1871	1.0
2377	1999	3.0
2377	2135	4.0
2377	2199	2.0
2377	2462	5.0
2377	2609	5.0
2377	2874	2.0
2377	2960	1.0
2377	3018	1.0
2377	3060	3.0
2377	3309	3.0
2377	3394	4.0
2377	3436	3.0
2377	3852	3.0
2377	3991	3.0
2377	4200	2.0
2377	4236	5.0
2377	4457	4.0
2377	4857	3.0
2377	4990	5.0
2377	4993	2.0
2377	5049	3.0
2377	5124	4.0
2377	5145	2.0
2377	5154	2.0
2377	5236	4.0
2377	5440	3.0
2377	6350	3.0
2377	6370	2.0
2377	6578	4.0
2456	173	4.0
2456	220	5.0
2456	421	3.0
2456	500	4.0
2456	682	5.0
2456	817	4.0
2456	1077	5.0
2456	1116	5.0
2456	1534	3.0
2456	1601	3.0
2456	1703	4.0
2456	1779	4.0
2456	1951	4.0
2456	1953	3.0
2456	2011	3.0
2456	2029	5.0
2456	2090	4.0
2456	2154	3.0
2456	2240	3.0
2456	2369	2.0
2456	2458	4.0
2456	2625	5.0
2456	2982	4.0
2456	3024	4.0
2456	3087	5.0
2456	3129	4.0
2456	3196	4.0
2456	3400	3.0
2456	3414	3.0
2456	3449	3.0
2456	3670	4.0
2456	3778	3.0
2456	3845	4.0
2456	3872	3.0
2456	3950	3.0
2456	4019	4.0
2456	4168	4.0
2456	4350	3.0
2456	4394	4.0
2456	4592	4.0
2456	4658	5.0
2456	4684	4.0
2456	4774	4.0
2456	4951	5.0
2456	4997	3.0
2456	5049	5.0
2456	5100	3.0
2456	5175	5.0
2456	5191	5.0
2456	5304	4.0
2456	5391	4.0
2456	5401	4.0
2456	5477	3.0
2456	5595	4.0
2456	5791	5.0
2456	5795	5.0
2456	5864	4.0
2456	5915	5.0
2456	5978	4.0
2456	6158	4.0
2456	6182	5.0
2456	6350	3.0
2456	6355	4.0
2456	6370	4.0
2456	6385	3.0
2456	6574	5.0
2456	6659	4.0
2456	6731	4.0
2456	6852	4.0
2456	6925	4.0
2456	6952	5.0
2460	149	3.0
2460	220	4.0
2460	255	4.0
2460	358	5.0
2460	466	3.0
2460	801	3.0
2460	828	3.0
2460	1734	4.0
2460	1956	5.0
2460	2017	4.0
2460	2028	4.0
2460	2069	4.0
2460	2089	4.0
2460	2168	3.0
2460	2221	4.0
2460	2320	3.0
2460	2394	5.0
2460	2606	4.0
2460	2714	3.0
2460	2846	4.0
2460	2938	3.0
2460	3024	4.0
2460	3087	5.0
2460	3192	5.0
2460	3309	4.0
2460	3359	3.0
2460	3378	4.0
2460	3613	3.0
2460	3692	3.0
2460	3932	3.0
2460	3950	5.0
2460	4007	4.0
2460	4030	3.0
2460	4067	4.0
2460	4086	3.0
2460	4161	4.0
2460	4180	3.0
2460	4230	3.0
2460	4284	3.0
2460	4392	3.0
2460	4402	4.0
2460	4469	5.0
2460	4628	4.0
2460	4647	3.0
2460	4665	4.0
2460	4779	4.0
2460	4847	4.0
2460	4878	5.0
2460	5150	3.0
2460	5213	4.0
2460	5401	3.0
2460	5423	3.0
2460	5491	4.0
2460	5512	4.0
2460	5581	3.0
2460	5595	3.0
2460	5621	5.0
2460	5662	4.0
2460	5666	4.0
2460	5696	3.0
2460	5746	3.0
2460	5774	4.0
2460	5936	4.0
2460	6210	3.0
2460	6212	4.0
2460	6295	4.0
2460	6355	3.0
2460	6659	3.0
2460	6731	3.0
2460	6886	4.0
2460	6955	4.0
2482	1	3.0
2482	70	5.0
2482	169	4.0
2482	213	4.0
2482	223	5.0
2482	421	4.0
2482	500	5.0
2482	629	2.0
2482	719	4.0
2482	770	5.0
2482	818	3.0
2482	832	4.0
2482	846	5.0
2482	1257	5.0
2482	1301	5.0
2482	1336	4.0
2482	1440	4.0
2482	1608	3.0
2482	1728	5.0
2482	1814	3.0
2482	1871	1.0
2482	1914	4.0
2482	1959	5.0
2482	1981	3.0
2482	2240	4.0
2482	2268	5.0
2482	2287	5.0
2482	2325	5.0
2482	2565	2.0
2482	2627	4.0
2482	2706	5.0
2482	2874	4.0
2482	3313	4.0
2482	3383	5.0
2482	3389	3.0
2482	3468	3.0
2482	3531	4.0
2482	3642	4.0
2482	3670	4.0
2482	3703	5.0
2482	3779	4.0
2482	3852	3.0
2482	3874	5.0
2482	3910	5.0
2482	4037	4.0
2482	4053	5.0
2482	4054	4.0
2482	4392	5.0
2482	4469	4.0
2482	4639	3.0
2482	4658	4.0
2482	4684	3.0
2482	4706	3.0
2482	4777	5.0
2482	4830	5.0
2482	4853	5.0
2482	4862	3.0
2482	4922	1.0
2482	4934	5.0
2482	4962	2.0
2482	5049	5.0
2482	5057	4.0
2482	5063	3.0
2482	5238	3.0
2482	5370	4.0
2482	5494	5.0
2482	5592	2.0
2482	5697	5.0
2482	5700	5.0
2482	6055	4.0
2482	6150	5.0
2482	6173	3.0
2482	6188	5.0
2482	6229	5.0
2482	6394	4.0
2482	6396	4.0
2482	6439	4.0
2482	6476	5.0
2482	6566	5.0
2482	6578	4.0
2482	6610	3.0
2482	6623	4.0
2482	6727	4.0
2482	6770	3.0
2482	6886	5.0
2482	6941	3.0
2482	6951	5.0
2493	1	5.0
2493	13	3.0
2493	533	3.0
2493	552	3.0
2493	729	4.0
2493	747	5.0
2493	817	5.0
2493	832	5.0
2493	1024	4.0
2493	1125	3.0
2493	1171	3.0
2493	1563	3.0
2493	1608	4.0
2493	1928	3.0
2493	2028	3.0
2493	2186	3.0
2493	2278	3.0
2493	2300	3.0
2493	2543	3.0
2493	2605	3.0
2493	2757	3.0
2493	2806	3.0
2493	2824	4.0
2493	3089	3.0
2493	3570	3.0
2493	3613	4.0
2493	3679	4.0
2493	3680	2.0
2493	3707	3.0
2493	3852	3.0
2493	3953	4.0
2493	4067	4.0
2493	4117	3.0
2493	4392	4.0
2493	4765	4.0
2493	4808	3.0
2493	4922	4.0
2493	5158	3.0
2493	5323	5.0
2493	5344	3.0
2493	5386	4.0
2493	5407	4.0
2493	5440	4.0
2493	5719	4.0
2493	6174	3.0
2493	6217	5.0
2493	6229	4.0
2493	6396	3.0
2493	6545	4.0
2493	6578	3.0
2493	6659	3.0
2493	6953	3.0
2525	31	5.0
2525	81	4.0
2525	117	5.0
2525	120	3.0
2525	141	5.0
2525	190	3.0
2525	415	5.0
2525	475	4.0
2525	817	3.0
2525	868	4.0
2525	933	2.0
2525	992	2.0
2525	1023	3.0
2525	1228	4.0
2525	1392	2.0
2525	1622	4.0
2525	1628	4.0
2525	1674	5.0
2525	1683	4.0
2525	1716	3.0
2525	1740	5.0
2525	1772	3.0
2525	1779	3.0
2525	1820	5.0
2525	1874	2.0
2525	2029	4.0
2525	2062	2.0
2525	2240	4.0
2525	2350	3.0
2525	2386	4.0
2525	2421	4.0
2525	2462	3.0
2525	2585	2.0
2525	2609	2.0
2525	2749	4.0
2525	2829	4.0
2525	2852	4.0
2525	2923	3.0
2525	3019	4.0
2525	3084	3.0
2525	3093	4.0
2525	3239	3.0
2525	3265	5.0
2525	3269	4.0
2525	3386	4.0
2525	3409	4.0
2525	3564	2.0
2525	3793	4.0
2525	3794	3.0
2525	3967	2.0
2525	4072	2.0
2525	4114	3.0
2525	4203	3.0
2525	4295	3.0
2525	4307	3.0
2525	4390	3.0
2525	4392	4.0
2525	4875	2.0
2525	4889	3.0
2525	4947	2.0
2525	5005	3.0
2525	5059	4.0
2525	5100	5.0
2525	5118	1.0
2525	5124	4.0
2525	5136	3.0
2525	5153	3.0
2525	5283	4.0
2525	5317	3.0
2525	5481	3.0
2525	5508	3.0
2525	5545	2.0
2525	5690	3.0
2525	5719	2.0
2525	5724	3.0
2525	5881	3.0
2525	6036	2.0
2525	6102	4.0
2525	6220	3.0
2525	6487	4.0
2525	6671	4.0
2525	6722	1.0
2525	6777	4.0
2525	6849	4.0
2525	6931	3.0
2543	27	3.0
2543	61	4.0
2543	332	4.0
2543	366	3.0
2543	514	4.0
2543	719	4.0
2543	758	4.0
2543	760	4.0
2543	958	5.0
2543	1232	4.0
2543	1263	4.0
2543	1301	4.0
2543	1494	4.0
2543	1521	4.0
2543	1527	5.0
2543	1635	4.0
2543	1746	4.0
2543	1753	4.0
2543	1779	4.0
2543	1854	3.0
2543	2035	3.0
2543	2038	4.0
2543	2325	4.0
2543	2373	4.0
2543	2693	4.0
2543	2799	3.0
2543	2838	4.0
2543	2871	3.0
2543	3155	4.0
2543	3344	3.0
2543	3418	4.0
2543	3458	3.0
2543	3779	4.0
2543	3794	2.0
2543	3831	5.0
2543	3925	2.0
2543	4291	1.0
2543	4437	4.0
2543	4527	3.0
2543	4691	4.0
2543	4740	4.0
2543	5053	4.0
2543	5257	4.0
2543	5472	2.0
2543	5566	4.0
2543	5850	4.0
2543	6189	5.0
2543	6232	4.0
2543	6464	3.0
2543	6500	3.0
2543	6644	3.0
2543	6659	4.0
2543	6780	4.0
2543	6810	2.0
2573	40	4.0
2573	132	4.0
2573	362	3.0
2573	818	5.0
2573	858	4.0
2573	1070	4.0
2573	1240	4.0
2573	1933	4.0
2573	2144	3.0
2573	2167	4.0
2573	2780	5.0
2573	3449	5.0
2573	3709	5.0
2573	4097	5.0
2573	4202	5.0
2573	4272	5.0
2573	4360	3.0
2573	4748	5.0
2573	4928	4.0
2573	5261	3.0
2573	5401	4.0
2573	5430	3.0
2573	5710	5.0
2573	6358	5.0
2573	6609	5.0
2573	6659	4.0
2579	65	5.0
2579	69	5.0
2579	353	5.0
2579	356	4.0
2579	607	5.0
2579	832	5.0
2579	1034	4.0
2579	1080	5.0
2579	1226	4.0
2579	1347	4.0
2579	1468	3.0
2579	1491	5.0
2579	1534	3.0
2579	1670	5.0
2579	1728	5.0
2579	1808	5.0
2579	1946	5.0
2579	1947	3.0
2579	2026	5.0
2579	2320	4.0
2579	2526	3.0
2579	2609	4.0
2579	2624	5.0
2579	3102	5.0
2579	3270	5.0
2579	3291	4.0
2579	3384	4.0
2579	3694	5.0
2579	3791	3.0
2579	3831	5.0
2579	4101	5.0
2579	4331	5.0
2579	4392	4.0
2579	4573	4.0
2579	4844	3.0
2579	4857	5.0
2579	4858	5.0
2579	4916	4.0
2579	4923	4.0
2579	4982	4.0
2579	5150	4.0
2579	5344	4.0
2579	5401	4.0
2579	5681	5.0
2579	5791	4.0
2579	5834	5.0
2579	5894	5.0
2579	6315	4.0
2579	6587	5.0
2579	6603	4.0
2579	6664	4.0
2579	6680	5.0
2589	192	3.0
2589	243	3.0
2589	459	4.0
2589	479	4.0
2589	821	4.0
2589	1009	3.0
2589	1126	4.0
2589	1138	4.0
2589	1159	4.0
2589	1201	3.0
2589	1232	5.0
2589	1252	5.0
2589	1482	3.0
2589	1503	3.0
2589	1544	2.0
2589	1587	4.0
2589	1738	2.0
2589	1760	3.0
2589	1770	5.0
2589	2017	3.0
2589	2029	4.0
2589	2226	5.0
2589	2242	5.0
2589	2262	5.0
2589	2313	2.0
2589	2606	4.0
2589	2609	3.0
2589	2714	5.0
2589	2739	5.0
2589	2769	2.0
2589	2772	5.0
2589	2823	4.0
2589	2901	3.0
2589	2908	5.0
2589	2975	3.0
2589	3026	4.0
2589	3188	4.0
2589	3198	4.0
2589	3296	2.0
2589	3410	3.0
2589	3416	2.0
2589	3449	4.0
2589	3478	5.0
2589	3479	5.0
2589	3670	5.0
2589	3690	2.0
2589	3691	3.0
2589	3712	5.0
2589	3739	5.0
2589	3874	4.0
2589	3993	2.0
2589	4025	2.0
2589	4068	4.0
2589	4117	2.0
2589	4164	2.0
2589	4173	4.0
2589	4457	5.0
2589	4635	4.0
2589	4639	4.0
2589	4645	4.0
2589	4673	2.0
2589	4720	5.0
2589	4758	4.0
2589	4853	3.0
2589	5308	5.0
2589	5317	2.0
2589	5401	3.0
2589	5566	4.0
2589	5659	4.0
2589	5719	4.0
2589	5735	3.0
2589	5875	3.0
2589	5936	3.0
2589	6105	3.0
2589	6107	3.0
2589	6198	3.0
2589	6229	3.0
2589	6479	3.0
2589	6578	2.0
2589	6659	3.0
2589	6725	5.0
2589	6799	3.0
2589	6925	4.0
2589	6968	2.0
2603	343	3.0
2603	430	3.0
2603	628	3.0
2603	855	4.0
2603	858	4.0
2603	1033	4.0
2603	1079	5.0
2603	1238	3.0
2603	1348	3.0
2603	1565	3.0
2603	1654	3.0
2603	1728	5.0
2603	1750	4.0
2603	1808	4.0
2603	1956	3.0
2603	2075	3.0
2603	2093	4.0
2603	2186	3.0
2603	2199	4.0
2603	2242	5.0
2603	2421	4.0
2603	2461	3.0
2603	2609	5.0
2603	2698	4.0
2603	2931	3.0
2603	2940	4.0
2603	3777	5.0
2603	3794	4.0
2603	3906	4.0
2603	4187	4.0
2603	4392	4.0
2603	4487	5.0
2603	4597	3.0
2603	4741	3.0
2603	4922	4.0
2603	5005	3.0
2603	5065	4.0
2603	5191	5.0
2603	5266	5.0
2603	5581	3.0
2603	5784	3.0
2603	5792	4.0
2603	6313	3.0
2603	6370	4.0
2603	6426	3.0
2603	6554	3.0
2603	6578	3.0
2603	6584	4.0
2603	6606	3.0
2603	6637	4.0
2603	6691	4.0
2603	6695	3.0
2603	6770	4.0
2613	419	4.0
2613	629	4.0
2613	683	3.0
2613	861	3.0
2613	969	4.0
2613	1171	3.0
2613	1339	3.0
2613	1587	2.0
2613	1608	3.0
2613	1625	2.0
2613	1644	2.0
2613	1713	3.0
2613	1728	4.0
2613	1779	3.0
2613	1953	2.0
2613	2752	3.0
2613	2900	4.0
2613	3089	3.0
2613	3099	3.0
2613	3196	2.0
2613	3309	3.0
2613	3386	3.0
2613	3421	1.0
2613	3521	4.0
2613	3564	4.0
2613	3684	3.0
2613	3786	4.0
2613	3985	4.0
2613	4323	4.0
2613	4523	4.0
2613	4791	3.0
2613	4947	2.0
2613	4953	4.0
2613	4993	2.0
2613	5018	3.0
2613	5057	4.0
2613	5154	3.0
2613	5214	3.0
2613	5401	4.0
2613	5407	4.0
2613	5445	4.0
2613	5686	2.0
2613	5978	3.0
2613	6199	3.0
2613	6307	4.0
2613	6432	4.0
2613	6664	3.0
2613	6955	4.0
2619	1	3.0
2619	180	4.0
2619	223	5.0
2619	378	4.0
2619	421	5.0
2619	475	5.0
2619	608	2.0
2619	829	5.0
2619	835	4.0
2619	939	5.0
2619	1030	5.0
2619	1071	4.0
2619	1104	3.0
2619	1116	4.0
2619	1204	3.0
2619	1263	5.0
2619	1503	5.0
2619	1617	5.0
2619	1699	4.0
2619	1728	5.0
2619	1779	5.0
2619	1808	4.0
2619	1928	3.0
2619	1941	4.0
2619	2240	3.0
2619	2262	4.0
2619	2446	4.0
2619	2461	4.0
2619	2541	4.0
2619	2799	3.0
2619	2901	4.0
2619	3013	4.0
2619	3025	4.0
2619	3144	4.0
2619	3345	4.0
2619	3363	4.0
2619	3437	2.0
2619	4135	4.0
2619	4161	4.0
2619	4592	3.0
2619	4612	5.0
2619	4688	5.0
2619	4759	4.0
2619	4767	5.0
2619	5015	4.0
2619	5187	4.0
2619	5194	4.0
2619	5401	5.0
2619	5578	3.0
2619	5784	4.0
2619	6328	5.0
2619	6332	5.0
2619	6491	5.0
2619	6733	4.0
2619	6884	4.0
2619	6955	4.0
2633	194	3.0
2633	294	5.0
2633	311	3.0
2633	352	3.0
2633	448	3.0
2633	484	3.0
2633	505	5.0
2633	574	5.0
2633	629	3.0
2633	681	3.0
2633	782	4.0
2633	827	4.0
2633	833	5.0
2633	913	5.0
2633	936	4.0
2633	1061	3.0
2633	1077	4.0
2633	1080	4.0
2633	1202	2.0
2633	1377	4.0
2633	1531	5.0
2633	1760	3.0
2633	1779	5.0
2633	1881	3.0
2633	1904	3.0
2633	2161	3.0
2633	2264	5.0
2633	2302	3.0
2633	2386	4.0
2633	2509	3.0
2633	2511	3.0
2633	2609	5.0
2633	2725	3.0
2633	2787	3.0
2633	2842	3.0
2633	2858	5.0
2633	2980	5.0
2633	2995	4.0
2633	3028	5.0
2633	3089	3.0
2633	3129	3.0
2633	3147	3.0
2633	3237	4.0
2633	3277	5.0
2633	3309	5.0
2633	3438	3.0
2633	3483	3.0
2633	3694	5.0
2633	3941	3.0
2633	4008	4.0
2633	4189	4.0
2633	4230	1.0
2633	4254	4.0
2633	4307	5.0
2633	4365	4.0
2633	4457	4.0
2633	4665	5.0
2633	4672	4.0
2633	4769	5.0
2633	4779	3.0
2633	4857	3.0
2633	4982	4.0
2633	4993	3.0
2633	5012	4.0
2633	5293	2.0
2633	5304	4.0
2633	5347	4.0
2633	5407	5.0
2633	5686	3.0
2633	5781	5.0
2633	5827	5.0
2633	5910	4.0
2633	5939	3.0
2633	5998	5.0
2633	6182	4.0
2633	6193	5.0
2633	6232	5.0
2633	6253	4.0
2633	6426	3.0
2633	6479	2.0
2633	6659	5.0
2633	6776	3.0
2633	6799	3.0
2646	233	3.0
2646	524	5.0
2646	528	4.0
2646	770	5.0
2646	782	5.0
2646	936	4.0
2646	1080	5.0
2646	1355	4.0
2646	1488	5.0
2646	1577	2.0
2646	1587	4.0
2646	1941	5.0
2646	2017	4.0
2646	2037	3.0
2646	2300	3.0
2646	2323	3.0
2646	2609	4.0
2646	2838	5.0
2646	3394	4.0
2646	3593	4.0
2646	3692	4.0
2646	4054	5.0
2646	4390	3.0
2646	4791	4.0
2646	4975	4.0
2646	5005	4.0
2646	5154	3.0
2646	6208	4.0
2646	6302	4.0
2646	6479	3.0
2646	6609	3.0
2646	6637	4.0
2646	6659	4.0
2646	6664	5.0
2646	6909	4.0
2646	6916	5.0
2650	194	3.0
2650	453	3.0
2650	459	5.0
2650	466	2.0
2650	565	3.0
2650	594	4.0
2650	629	3.0
2650	660	4.0
2650	810	2.0
2650	858	3.0
2650	936	3.0
2650	1365	3.0
2650	1479	4.0
2650	1587	4.0
2650	1825	3.0
2650	1972	4.0
2650	2278	4.0
2650	2307	4.0
2650	2313	3.0
2650	2427	2.0
2650	2605	4.0
2650	2606	2.0
2650	2609	4.0
2650	2641	3.0
2650	2709	3.0
2650	2758	3.0
2650	2806	3.0
2650	3192	5.0
2650	3213	3.0
2650	3326	5.0
2650	3589	4.0
2650	3649	4.0
2650	3754	4.0
2650	3755	3.0
2650	4135	4.0
2650	4187	3.0
2650	4230	3.0
2650	4333	3.0
2650	4542	4.0
2650	4726	3.0
2650	4750	4.0
2650	4840	5.0
2650	4885	5.0
2650	4922	4.0
2650	4928	4.0
2650	4993	3.0
2650	5296	4.0
2650	5381	3.0
2650	5440	4.0
2650	5646	2.0
2650	5662	4.0
2650	5720	4.0
2650	6092	4.0
2650	6198	4.0
2650	6199	4.0
2650	6200	4.0
2650	6220	3.0
2650	6223	3.0
2650	6369	3.0
2650	6391	4.0
2650	6641	4.0
2650	6659	4.0
2650	6686	2.0
2650	6813	2.0
2694	101	4.0
2694	105	4.0
2694	328	3.0
2694	421	5.0
2694	453	4.0
2694	535	5.0
2694	708	5.0
2694	709	4.0
2694	714	4.0
2694	787	3.0
2694	831	4.0
2694	858	5.0
2694	884	3.0
2694	936	3.0
2694	1004	4.0
2694	1005	5.0
2694	1033	5.0
2694	1070	3.0
2694	1076	5.0
2694	1077	5.0
2694	1141	4.0
2694	1296	2.0
2694	1439	3.0
2694	1503	5.0
2694	1521	5.0
2694	1533	5.0
2694	1587	4.0
2694	1608	4.0
2694	1652	4.0
2694	1728	5.0
2694	1780	5.0
2694	1799	5.0
2694	1956	3.0
2694	1999	3.0
2694	2017	4.0
2694	2093	5.0
2694	2120	3.0
2694	2169	4.0
2694	2186	3.0
2694	2221	5.0
2694	2386	4.0
2694	2431	3.0
2694	2609	5.0
2694	2651	5.0
2694	2763	3.0
2694	2774	3.0
2694	2806	1.0
2694	3006	3.0
2694	3125	4.0
2694	3486	4.0
2694	3521	3.0
2694	3564	3.0
2694	3581	5.0
2694	3594	3.0
2694	3715	4.0
2694	3727	3.0
2694	3739	4.0
2694	3754	5.0
2694	3785	2.0
2694	3897	4.0
2694	3912	5.0
2694	3991	4.0
2694	4056	4.0
2694	4161	4.0
2694	4171	4.0
2694	4172	4.0
2694	4186	5.0
2694	4260	5.0
2694	4392	5.0
2694	4453	5.0
2694	4483	3.0
2694	4592	4.0
2694	4695	4.0
2694	4726	3.0
2694	4883	4.0
2694	4923	5.0
2694	4928	5.0
2694	4930	4.0
2694	5015	5.0
2694	5154	4.0
2694	5166	2.0
2694	5213	3.0
2694	5304	5.0
2694	5328	5.0
2694	5357	2.0
2694	5686	3.0
2694	5778	3.0
2694	5792	5.0
2694	5848	5.0
2694	5871	4.0
2694	6150	4.0
2694	6251	4.0
2694	6300	2.0
2694	6311	4.0
2694	6390	3.0
2694	6534	3.0
2694	6659	5.0
2694	6695	4.0
2694	6700	3.0
2694	6776	4.0
2694	6916	4.0
2700	29	4.0
2700	180	4.0
2700	223	5.0
2700	272	4.0
2700	350	3.0
2700	353	4.0
2700	466	2.0
2700	470	4.0
2700	552	4.0
2700	649	4.0
2700	681	5.0
2700	714	3.0
2700	912	3.0
2700	929	5.0
2700	1012	4.0
2700	1030	5.0
2700	1112	5.0
2700	1175	5.0
2700	1384	5.0
2700	1488	4.0
2700	1678	5.0
2700	1840	3.0
2700	1926	5.0
2700	1968	4.0
2700	2135	5.0
2700	2220	4.0
2700	2240	5.0
2700	2252	5.0
2700	2430	5.0
2700	2606	3.0
2700	2609	4.0
2700	2635	4.0
2700	2900	4.0
2700	3147	3.0
2700	3192	5.0
2700	3430	4.0
2700	3595	4.0
2700	3629	5.0
2700	3662	5.0
2700	3739	4.0
2700	3781	5.0
2700	3796	4.0
2700	3866	4.0
2700	3906	3.0
2700	3947	4.0
2700	3949	5.0
2700	4120	3.0
2700	4161	3.0
2700	4254	5.0
2700	4265	3.0
2700	4457	4.0
2700	4462	2.0
2700	4477	5.0
2700	4566	5.0
2700	4592	5.0
2700	4596	3.0
2700	4906	2.0
2700	4951	3.0
2700	5077	3.0
2700	5124	5.0
2700	5151	3.0
2700	5154	4.0
2700	5353	5.0
2700	5386	5.0
2700	5401	4.0
2700	5534	3.0
2700	5657	4.0
2700	5662	3.0
2700	5795	4.0
2700	5910	3.0
2700	6203	3.0
2700	6909	4.0
2700	6925	5.0
2700	6948	4.0
2734	74	2.0
2734	196	4.0
2734	203	1.0
2734	235	2.0
2734	353	4.0
2734	417	3.0
2734	516	3.0
2734	821	4.0
2734	861	3.0
2734	873	2.0
2734	1026	4.0
2734	1102	3.0
2734	1175	4.0
2734	1177	5.0
2734	1204	3.0
2734	1263	3.0
2734	1355	2.0
2734	1435	5.0
2734	1636	3.0
2734	1657	4.0
2734	1745	3.0
2734	1892	5.0
2734	2131	4.0
2734	2294	3.0
2734	2320	3.0
2734	2375	4.0
2734	2421	5.0
2734	2444	4.0
2734	2454	1.0
2734	2483	3.0
2734	2491	4.0
2734	2549	4.0
2734	2601	4.0
2734	2609	3.0
2734	2717	5.0
2734	2725	3.0
2734	2788	4.0
2734	2980	3.0
2734	2992	4.0
2734	3089	3.0
2734	3100	3.0
2734	3167	4.0
2734	3192	5.0
2734	3430	4.0
2734	3464	2.0
2734	3596	4.0
2734	3670	5.0
2734	3687	4.0
2734	3767	5.0
2734	3777	5.0
2734	3972	5.0
2734	3982	4.0
2734	3986	4.0
2734	4006	4.0
2734	4037	4.0
2734	4186	5.0
2734	4236	4.0
2734	4345	5.0
2734	4508	2.0
2734	4592	3.0
2734	4596	4.0
2734	4687	3.0
2734	4874	3.0
2734	4927	5.0
2734	5293	5.0
2734	5469	4.0
2734	5515	3.0
2734	5543	3.0
2734	5662	3.0
2734	5845	3.0
2734	5879	2.0
2734	6181	3.0
2734	6232	4.0
2734	6244	3.0
2734	6253	5.0
2734	6328	2.0
2734	6332	2.0
2734	6376	4.0
2734	6396	3.0
2734	6416	2.0
2734	6558	3.0
2734	6659	3.0
2734	6705	2.0
2734	6740	2.0
2734	6875	3.0
2739	61	5.0
2739	127	4.0
2739	208	5.0
2739	217	5.0
2739	353	4.0
2739	399	4.0
2739	468	4.0
2739	500	4.0
2739	551	5.0
2739	596	5.0
2739	625	5.0
2739	738	4.0
2739	784	5.0
2739	881	3.0
2739	1065	3.0
2739	1141	4.0
2739	1228	5.0
2739	1282	4.0
2739	1513	4.0
2739	1591	2.0
2739	1631	4.0
2739	1779	3.0
2739	1799	4.0
2739	1854	4.0
2739	2112	4.0
2739	2320	4.0
2739	2323	5.0
2739	2444	3.0
2739	2585	4.0
2739	2627	4.0
2739	2672	3.0
2739	2701	3.0
2739	2834	5.0
2739	2882	5.0
2739	2903	4.0
2739	3144	4.0
2739	3197	3.0
2739	3210	5.0
2739	3270	4.0
2739	3301	5.0
2739	3371	4.0
2739	3465	3.0
2739	3467	3.0
2739	3522	3.0
2739	3613	4.0
2739	3866	5.0
2739	3946	4.0
2739	3947	3.0
2739	4169	4.0
2739	4171	5.0
2739	4230	4.0
2739	4295	5.0
2739	4392	3.0
2739	4832	4.0
2739	5018	4.0
2739	5103	3.0
2739	5150	3.0
2739	5189	2.0
2739	5194	3.0
2739	5276	4.0
2739	5445	5.0
2739	5581	3.0
2739	5712	5.0
2739	5828	5.0
2739	5911	4.0
2739	5915	4.0
2739	5962	3.0
2739	6074	3.0
2739	6232	4.0
2739	6336	4.0
2739	6350	3.0
2739	6355	4.0
2739	6370	4.0
2739	6584	5.0
2739	6672	4.0
2739	6691	5.0
2739	6695	3.0
2739	6911	5.0
2739	6953	5.0
2744	124	4.0
2744	321	3.0
2744	351	3.0
2744	474	2.0
2744	483	1.0
2744	861	4.0
2744	912	2.0
2744	934	2.0
2744	946	4.0
2744	980	3.0
2744	1074	3.0
2744	1078	3.0
2744	1503	5.0
2744	1506	2.0
2744	1808	4.0
2744	2482	4.0
2744	2609	5.0
2744	2801	3.0
2744	3089	4.0
2744	3618	3.0
2744	3777	4.0
2744	3831	4.0
2744	3947	2.0
2744	4171	3.0
2744	4256	4.0
2744	4464	3.0
2744	4511	3.0
2744	4687	4.0
2744	4889	3.0
2744	4907	3.0
2744	5236	3.0
2744	5394	5.0
2744	5401	5.0
2744	5827	4.0
2744	5905	4.0
2744	6229	5.0
2744	6335	3.0
2744	6370	3.0
2744	6464	5.0
2744	6497	3.0
2744	6523	5.0
2744	6642	4.0
2744	6875	3.0
2744	6878	3.0
2764	276	4.0
2764	1005	4.0
2764	1360	4.0
2764	1423	3.0
2764	1490	3.0
2764	1950	3.0
2764	2143	3.0
2764	2258	3.0
2764	2582	3.0
2764	2609	4.0
2764	3128	3.0
2764	3133	4.0
2764	3564	3.0
2764	3593	3.0
2764	3732	3.0
2764	3852	4.0
2764	4246	3.0
2764	4927	5.0
2764	5053	4.0
2764	5386	5.0
2764	5400	4.0
2764	5401	4.0
2764	5517	3.0
2764	5531	4.0
2764	6311	4.0
2764	6705	2.0
2802	6	3.0
2802	355	4.0
2802	417	2.0
2802	517	5.0
2802	518	4.0
2802	891	4.0
2802	946	5.0
2802	1036	5.0
2802	1347	5.0
2802	1473	5.0
2802	1521	4.0
2802	1619	4.0
2802	1840	5.0
2802	1856	4.0
2802	2017	4.0
2802	2069	4.0
2802	2363	3.0
2802	2461	4.0
2802	2564	3.0
2802	2889	5.0
2802	2911	5.0
2802	2952	4.0
2802	2953	4.0
2802	2955	2.0
2802	2980	4.0
2802	3003	5.0
2802	3017	5.0
2802	3110	4.0
2802	3129	5.0
2802	3187	3.0
2802	3361	3.0
2802	3387	5.0
2802	3449	4.0
2802	3502	4.0
2802	3525	2.0
2802	3665	5.0
2802	3777	5.0
2802	3919	3.0
2802	3948	5.0
2802	4008	4.0
2802	4111	5.0
2802	4194	3.0
2802	4253	5.0
2802	4304	1.0
2802	4392	4.0
2802	4592	3.0
2802	4607	3.0
2802	4787	4.0
2802	4860	4.0
2802	4879	5.0
2802	5133	4.0
2802	5353	5.0
2802	5583	3.0
2802	5646	4.0
2802	5793	4.0
2802	5822	3.0
2802	5848	5.0
2802	5855	3.0
2802	5928	3.0
2802	6075	3.0
2802	6097	2.0
2802	6199	3.0
2802	6282	2.0
2802	6431	5.0
2802	6659	5.0
2802	6776	3.0
2802	6919	3.0
2802	6928	4.0
2802	6932	5.0
2808	217	5.0
2808	680	5.0
2808	921	5.0
2808	1248	5.0
2808	1513	5.0
2808	1999	3.0
2808	2135	5.0
2808	2168	3.0
2808	2462	5.0
2808	2609	5.0
2808	2792	5.0
2808	3910	5.0
2808	3993	3.0
2808	4392	5.0
2808	4673	4.0
2808	5258	5.0
2808	5792	3.0
2808	5991	5.0
2808	6145	5.0
2808	6396	5.0
2808	6643	2.0
2808	6659	5.0
2808	6878	5.0
2813	421	4.0
2813	500	3.0
2813	553	3.0
2813	575	5.0
2813	747	3.0
2813	752	3.0
2813	789	4.0
2813	921	4.0
2813	1064	5.0
2813	1074	3.0
2813	1080	3.0
2813	1152	4.0
2813	1503	5.0
2813	1615	5.0
2813	1664	3.0
2813	1681	3.0
2813	1728	4.0
2813	1730	3.0
2813	1779	5.0
2813	2037	4.0
2813	2739	4.0
2813	2825	3.0
2813	2987	3.0
2813	2991	5.0
2813	3110	4.0
2813	3288	3.0
2813	3301	3.0
2813	3360	3.0
2813	3406	3.0
2813	3479	2.0
2813	3492	3.0
2813	3765	5.0
2813	3768	5.0
2813	3769	5.0
2813	3880	1.0
2813	4037	4.0
2813	4110	5.0
2813	4163	4.0
2813	4200	3.0
2813	4620	5.0
2813	4706	4.0
2813	4799	3.0
2813	5005	4.0
2813	5294	4.0
2813	5394	3.0
2813	5407	5.0
2813	5572	5.0
2813	5582	4.0
2813	5713	4.0
2813	5962	4.0
2813	6210	2.0
2813	6229	5.0
2813	6252	3.0
2813	6355	4.0
2813	6605	3.0
2813	6659	5.0
2813	6674	2.0
2813	6691	5.0
2876	371	4.0
2876	1036	4.0
2876	1077	3.0
2876	1185	4.0
2876	1377	5.0
2876	1488	5.0
2876	1503	3.0
2876	1515	3.0
2876	1517	4.0
2876	1779	3.0
2876	1834	4.0
2876	2443	4.0
2876	2706	4.0
2876	2763	3.0
2876	2855	4.0
2876	2913	5.0
2876	3359	3.0
2876	3449	4.0
2876	3537	5.0
2876	3739	5.0
2876	3794	5.0
2876	3993	3.0
2876	4090	5.0
2876	4202	4.0
2876	4791	4.0
2876	4928	3.0
2876	5222	1.0
2876	5266	5.0
2876	5884	4.0
2876	6052	4.0
2876	6659	4.0
2876	6969	5.0
2895	144	4.0
2895	180	4.0
2895	220	4.0
2895	223	4.0
2895	279	5.0
2895	350	4.0
2895	448	5.0
2895	513	3.0
2895	557	3.0
2895	601	5.0
2895	605	5.0
2895	644	5.0
2895	817	4.0
2895	821	4.0
2895	965	3.0
2895	1079	4.0
2895	1116	5.0
2895	1166	4.0
2895	1215	2.0
2895	1240	3.0
2895	1302	3.0
2895	1384	4.0
2895	1441	5.0
2895	1488	4.0
2895	1503	4.0
2895	1517	3.0
2895	1521	3.0
2895	1537	4.0
2895	1777	4.0
2895	2325	3.0
2895	2421	5.0
2895	2552	5.0
2895	2574	3.0
2895	2609	3.0
2895	2633	2.0
2895	2676	3.0
2895	2757	5.0
2895	2814	3.0
2895	2959	5.0
2895	2966	4.0
2895	3145	4.0
2895	3192	4.0
2895	3295	4.0
2895	3397	5.0
2895	3400	3.0
2895	3409	5.0
2895	3419	5.0
2895	3445	4.0
2895	3676	5.0
2895	3725	5.0
2895	3739	3.0
2895	3796	5.0
2895	3960	3.0
2895	4037	3.0
2895	4067	3.0
2895	4094	4.0
2895	4140	4.0
2895	4181	5.0
2895	4188	4.0
2895	4189	4.0
2895	4229	4.0
2895	4272	3.0
2895	4463	4.0
2895	4487	3.0
2895	4537	4.0
2895	4553	2.0
2895	4638	4.0
2895	4684	5.0
2895	4773	4.0
2895	4868	3.0
2895	5037	4.0
2895	5052	5.0
2895	5053	3.0
2895	5211	4.0
2895	5216	3.0
2895	5253	4.0
2895	5286	4.0
2895	5304	4.0
2895	5315	5.0
2895	5328	4.0
2895	5386	4.0
2895	5401	3.0
2895	5582	3.0
2895	5661	4.0
2895	5706	5.0
2895	5713	4.0
2895	5795	3.0
2895	5876	5.0
2895	5942	5.0
2895	6048	4.0
2895	6150	4.0
2895	6229	4.0
2895	6232	4.0
2895	6342	5.0
2895	6384	3.0
2895	6426	5.0
2895	6472	4.0
2895	6672	5.0
2895	6691	4.0
2895	6773	3.0
2895	6799	2.0
2895	6957	5.0
2911	166	4.0
2911	236	3.0
2911	649	5.0
2911	680	5.0
2911	729	5.0
2911	946	3.0
2911	1042	5.0
2911	1377	4.0
2911	1521	2.0
2911	1629	4.0
2911	1779	4.0
2911	2135	5.0
2911	2159	2.0
2911	2199	4.0
2911	2242	4.0
2911	2262	5.0
2911	2606	3.0
2911	2674	5.0
2911	2763	4.0
2911	2799	4.0
2911	2806	1.0
2911	2874	3.0
2911	2908	4.0
2911	2959	5.0
2911	3089	4.0
2911	3371	4.0
2911	3492	2.0
2911	3511	4.0
2911	3528	5.0
2911	3570	5.0
2911	3649	4.0
2911	3852	4.0
2911	3903	3.0
2911	4056	3.0
2911	4117	4.0
2911	4392	5.0
2911	4462	3.0
2911	4658	5.0
2911	4852	3.0
2911	4889	5.0
2911	4922	5.0
2911	5154	3.0
2911	5328	5.0
2911	5572	4.0
2911	5848	3.0
2911	5856	4.0
2911	5910	4.0
2911	5928	4.0
2911	6040	2.0
2911	6244	4.0
2911	6335	3.0
2911	6653	4.0
2911	6659	3.0
2931	217	3.0
2931	613	3.0
2931	649	5.0
2931	1441	3.0
2931	1503	4.0
2931	1723	4.0
2931	1734	4.0
2931	1770	5.0
2931	1772	3.0
2931	2025	4.0
2931	2159	1.0
2931	2274	4.0
2931	2350	5.0
2931	2528	4.0
2931	2609	4.0
2931	2772	5.0
2931	2848	3.0
2931	3794	4.0
2931	4169	3.0
2931	4295	3.0
2931	4517	3.0
2931	4623	5.0
2931	4643	3.0
2931	4665	5.0
2931	5293	5.0
2931	5566	5.0
2931	5582	5.0
2931	6175	3.0
2931	6229	4.0
2931	6706	3.0
2970	124	4.0
2970	126	3.0
2970	194	3.0
2970	223	5.0
2970	341	3.0
2970	500	4.0
2970	513	3.0
2970	745	3.0
2970	747	5.0
2970	787	3.0
2970	861	3.0
2970	1350	4.0
2970	1379	3.0
2970	1503	4.0
2970	1650	3.0
2970	1779	4.0
2970	1956	4.0
2970	1975	3.0
2970	2186	3.0
2970	2188	4.0
2970	2300	3.0
2970	2384	3.0
2970	2431	3.0
2970	2841	3.0
2970	2972	4.0
2970	2999	3.0
2970	3100	5.0
2970	3109	3.0
2970	3224	3.0
2970	3421	3.0
2970	3568	3.0
2970	3687	4.0
2970	3723	3.0
2970	3738	3.0
2970	3932	3.0
2970	3946	3.0
2970	4394	3.0
2970	4513	1.0
2970	4769	4.0
2970	4851	4.0
2970	5000	4.0
2970	5018	5.0
2970	5049	4.0
2970	5251	4.0
2970	5493	2.0
2970	5508	4.0
2970	5892	4.0
2970	6229	5.0
2970	6252	2.0
2970	6300	2.0
2970	6370	5.0
2970	6637	5.0
2970	6708	3.0
2970	6962	5.0
2986	76	3.0
2986	346	3.0
2986	506	2.0
2986	770	4.0
2986	817	5.0
2986	818	5.0
2986	981	3.0
2986	1070	2.0
2986	1072	5.0
2986	1074	4.0
2986	1377	3.0
2986	1468	3.0
2986	1479	4.0
2986	1630	5.0
2986	1782	4.0
2986	1808	4.0
2986	1951	5.0
2986	2122	4.0
2986	2522	2.0
2986	2609	4.0
2986	2626	5.0
2986	2762	4.0
2986	2818	5.0
2986	3013	5.0
2986	3213	4.0
2986	3386	3.0
2986	3407	3.0
2986	3418	4.0
2986	3627	5.0
2986	3649	4.0
2986	3997	5.0
2986	4291	2.0
2986	4684	4.0
2986	4776	4.0
2986	4796	4.0
2986	4922	3.0
2986	4923	4.0
2986	5005	5.0
2986	5527	3.0
2986	5662	4.0
2986	5718	4.0
2986	5719	4.0
2986	5850	4.0
2986	6138	4.0
2986	6143	5.0
2986	6583	5.0
2986	6659	4.0
