User	Movie	Rating
20	385	4.0
20	627	5.0
20	629	3.0
20	633	4.0
20	747	5.0
20	797	1.0
20	938	3.0
20	1177	4.0
20	1210	5.0
20	1254	5.0
20	2017	4.0
20	2519	3.0
20	2706	5.0
20	2763	3.0
20	2982	4.0
20	3073	3.0
20	3570	4.0
20	3828	3.0
20	4309	5.0
20	5049	4.0
20	5262	3.0
20	5503	5.0
20	5572	4.0
20	5686	3.0
20	5978	4.0
20	6207	5.0
20	6691	5.0
20	6770	3.0
20	6885	3.0
20	6955	5.0
24	133	4.0
24	1012	4.0
24	1257	4.0
24	1483	4.0
24	1770	5.0
24	1894	5.0
24	2135	5.0
24	2384	4.0
24	2845	3.0
24	3295	4.0
24	3512	3.0
24	3645	5.0
24	3649	4.0
24	3740	4.0
24	3796	4.0
24	4135	3.0
24	4171	4.0
24	5071	3.0
24	5097	3.0
24	5124	4.0
24	5252	4.0
24	5578	5.0
24	6925	4.0
25	396	5.0
25	474	4.0
25	557	5.0
25	810	5.0
25	884	3.0
25	1077	4.0
25	1521	3.0
25	1532	3.0
25	1587	4.0
25	1607	5.0
25	1840	5.0
25	1871	3.0
25	2029	5.0
25	2069	4.0
25	2262	5.0
25	2462	5.0
25	2886	4.0
25	2910	5.0
25	3024	5.0
25	3060	4.0
25	3193	5.0
25	3213	4.0
25	3286	5.0
25	3391	5.0
25	3680	3.0
25	3703	4.0
25	3777	5.0
25	3781	5.0
25	3794	5.0
25	4037	5.0
25	4039	4.0
25	4070	3.0
25	4390	2.0
25	4457	3.0
25	4919	3.0
25	5053	4.0
25	5065	5.0
25	5236	3.0
25	5386	5.0
25	5410	5.0
25	5511	5.0
25	5591	4.0
25	5791	4.0
25	6523	5.0
25	6545	4.0
25	6687	4.0
25	6740	3.0
25	6916	5.0
33	256	5.0
33	681	5.0
33	769	3.0
33	804	4.0
33	817	5.0
33	899	4.0
33	958	5.0
33	1335	5.0
33	1765	5.0
33	2079	5.0
33	2528	5.0
33	2824	5.0
33	3200	4.0
33	3275	5.0
33	3517	5.0
33	3528	2.0
33	3595	5.0
33	3649	4.0
33	3754	5.0
33	3955	4.0
33	4221	4.0
33	4277	5.0
33	4307	5.0
33	4779	4.0
33	4932	5.0
33	5082	4.0
33	5117	5.0
33	5389	5.0
33	6327	5.0
49	220	5.0
49	281	4.0
49	356	3.0
49	596	5.0
49	613	3.0
49	708	4.0
49	818	4.0
49	832	5.0
49	919	3.0
49	1072	3.0
49	1076	4.0
49	1191	3.0
49	1432	5.0
49	1488	4.0
49	1813	3.0
49	2221	3.0
49	2824	5.0
49	3214	3.0
49	3301	5.0
49	3371	3.0
49	3739	3.0
49	3777	4.0
49	3778	3.0
49	3991	4.0
49	4296	3.0
49	4644	3.0
49	4791	4.0
49	4926	4.0
49	4934	3.0
49	5049	3.0
49	5546	3.0
49	5663	3.0
49	6190	3.0
49	6327	4.0
49	6881	3.0
66	1	3.0
66	126	3.0
66	170	3.0
66	219	5.0
66	221	4.0
66	223	5.0
66	375	5.0
66	613	3.0
66	806	4.0
66	832	5.0
66	857	3.0
66	929	3.0
66	1022	3.0
66	1071	4.0
66	1080	4.0
66	1271	3.0
66	1361	5.0
66	1677	5.0
66	1681	3.0
66	1770	5.0
66	1776	5.0
66	2017	3.0
66	2036	3.0
66	2089	4.0
66	2246	3.0
66	2274	3.0
66	2971	3.0
66	3052	5.0
66	3138	3.0
66	3170	4.0
66	3366	3.0
66	3400	3.0
66	3777	3.0
66	3783	3.0
66	3812	3.0
66	4037	3.0
66	4039	3.0
66	4054	3.0
66	4276	4.0
66	4338	2.0
66	4484	5.0
66	4684	4.0
66	4767	5.0
66	4924	4.0
66	5034	4.0
66	5082	3.0
66	5187	3.0
66	5236	4.0
66	5259	4.0
66	5301	4.0
66	5314	5.0
66	5407	4.0
66	5740	3.0
66	5911	3.0
66	6275	3.0
66	6456	5.0
66	6457	4.0
66	6667	3.0
66	6868	2.0
66	6923	5.0
90	217	5.0
90	221	5.0
90	421	5.0
90	681	5.0
90	817	5.0
90	931	5.0
90	986	3.0
90	1072	5.0
90	1226	4.0
90	1724	4.0
90	2281	4.0
90	2294	4.0
90	2615	5.0
90	2846	5.0
90	3131	4.0
90	3351	5.0
90	3501	5.0
90	3570	5.0
90	3717	5.0
90	3739	4.0
90	3777	4.0
90	3794	3.0
90	3910	5.0
90	3967	3.0
90	4094	4.0
90	4109	5.0
90	4353	4.0
90	4376	5.0
90	4782	5.0
90	5157	4.0
90	5394	5.0
90	5445	5.0
90	5566	5.0
90	5910	4.0
90	6038	4.0
90	6082	5.0
90	6202	3.0
90	6214	5.0
90	6580	5.0
90	6962	4.0
148	105	4.0
148	371	3.0
148	386	4.0
148	919	3.0
148	1030	4.0
148	1488	4.0
148	1760	3.0
148	1881	2.0
148	2135	4.0
148	2274	4.0
148	2462	5.0
148	2717	5.0
148	3099	4.0
148	3295	4.0
148	3371	4.0
148	3463	3.0
148	3570	4.0
148	3649	3.0
148	4117	4.0
148	4181	3.0
148	4307	5.0
148	4398	3.0
148	4982	4.0
148	5046	4.0
148	5124	4.0
148	5258	4.0
148	5394	5.0
148	6024	4.0
157	96	3.0
157	178	3.0
157	218	2.0
157	223	5.0
157	347	5.0
157	399	4.0
157	465	4.0
157	613	4.0
157	747	5.0
157	1056	5.0
157	1116	3.0
157	1527	3.0
157	1613	4.0
157	1667	2.0
157	1772	5.0
157	2089	5.0
157	2135	5.0
157	2188	4.0
157	2459	3.0
157	2462	5.0
157	2763	3.0
157	2772	5.0
157	2962	4.0
157	3060	4.0
157	3124	5.0
157	3296	4.0
157	3309	4.0
157	3371	5.0
157	3492	2.0
157	3570	4.0
157	3781	5.0
157	3993	3.0
157	4004	2.0
157	4041	3.0
157	4057	3.0
157	4065	3.0
157	4087	3.0
157	4361	3.0
157	4514	5.0
157	4538	4.0
157	4553	3.0
157	4857	4.0
157	5005	4.0
157	5139	3.0
157	5258	3.0
157	5294	5.0
157	5386	4.0
157	5391	4.0
157	5478	3.0
157	5508	4.0
157	5725	4.0
157	5833	5.0
157	5844	5.0
157	5901	5.0
157	5924	3.0
157	5973	3.0
157	6022	4.0
157	6199	4.0
157	6274	3.0
157	6472	5.0
157	6584	5.0
157	6726	4.0
157	6776	4.0
157	6837	3.0
218	141	4.0
218	224	5.0
218	368	4.0
218	459	3.0
218	601	4.0
218	832	4.0
218	833	5.0
218	1625	4.0
218	1653	4.0
218	1759	5.0
218	2321	3.0
218	2862	2.0
218	2901	4.0
218	3060	5.0
218	3307	5.0
218	3597	5.0
218	3671	4.0
218	3781	3.0
218	3794	5.0
218	3905	4.0
218	3993	4.0
218	4037	3.0
218	4101	5.0
218	4109	4.0
218	4206	4.0
218	4307	3.0
218	4417	4.0
218	4513	1.0
218	4684	5.0
218	4879	5.0
218	4924	4.0
218	4926	5.0
218	4928	4.0
218	4982	4.0
218	5892	3.0
218	6115	5.0
218	6428	4.0
218	6448	5.0
218	6691	4.0
218	6787	5.0
240	54	4.0
240	557	5.0
240	668	4.0
240	727	5.0
240	818	4.0
240	827	5.0
240	833	3.0
240	1608	4.0
240	1617	4.0
240	2098	5.0
240	2135	4.0
240	2431	3.0
240	2725	4.0
240	2841	3.0
240	3307	5.0
240	4230	4.0
240	4295	4.0
240	4330	1.0
240	4333	3.0
240	4484	5.0
240	4620	5.0
240	4665	4.0
240	4769	3.0
240	4927	5.0
240	5063	4.0
240	5165	2.0
240	5423	4.0
240	6220	2.0
240	6232	5.0
240	6328	3.0
241	72	4.0
241	223	5.0
241	233	3.0
241	289	5.0
241	320	4.0
241	375	5.0
241	482	3.0
241	535	4.0
241	817	5.0
241	818	5.0
241	919	5.0
241	1000	5.0
241	1030	5.0
241	1458	4.0
241	1506	4.0
241	1713	5.0
241	1770	5.0
241	1951	4.0
241	2132	4.0
241	2252	4.0
241	2268	5.0
241	2283	4.0
241	2628	3.0
241	2686	5.0
241	2989	1.0
241	3024	5.0
241	3099	3.0
241	3100	4.0
241	3130	5.0
241	3613	4.0
241	3649	4.0
241	3679	4.0
241	3876	4.0
241	3974	3.0
241	4192	5.0
241	4315	5.0
241	4316	5.0
241	4461	5.0
241	4480	3.0
241	4673	4.0
241	4706	4.0
241	4759	4.0
241	4782	5.0
241	4791	4.0
241	4922	4.0
241	4927	5.0
241	4932	5.0
241	5258	4.0
241	5299	4.0
241	5386	5.0
241	5592	4.0
241	6010	4.0
241	6139	4.0
241	6147	4.0
241	6193	5.0
241	6232	4.0
241	6327	4.0
241	6363	4.0
241	6545	4.0
241	6782	5.0
248	24	3.0
248	83	4.0
248	96	4.0
248	110	3.0
248	161	4.0
248	351	4.0
248	399	4.0
248	407	3.0
248	485	4.0
248	518	3.0
248	521	4.0
248	680	5.0
248	802	3.0
248	929	3.0
248	1072	3.0
248	1226	4.0
248	1354	3.0
248	1488	5.0
248	1550	5.0
248	1627	3.0
248	1628	4.0
248	1693	3.0
248	1808	4.0
248	1875	5.0
248	1922	5.0
248	2053	4.0
248	2115	5.0
248	2136	4.0
248	2411	4.0
248	2412	4.0
248	2462	4.0
248	2465	4.0
248	2512	3.0
248	2542	5.0
248	2625	4.0
248	2739	5.0
248	2792	5.0
248	2805	3.0
248	2818	4.0
248	2824	4.0
248	2825	3.0
248	2848	4.0
248	2907	5.0
248	2988	5.0
248	3026	4.0
248	3065	3.0
248	3173	3.0
248	3241	4.0
248	3308	4.0
248	3338	4.0
248	3507	5.0
248	3508	4.0
248	3520	3.0
248	3564	3.0
248	3578	3.0
248	3911	3.0
248	3939	3.0
248	4085	4.0
248	4135	4.0
248	4215	4.0
248	4281	2.0
248	4287	3.0
248	4424	4.0
248	4453	4.0
248	4477	3.0
248	4673	4.0
248	4684	4.0
248	4816	3.0
248	4889	3.0
248	4914	3.0
248	5038	3.0
248	5057	4.0
248	5082	3.0
248	5197	4.0
248	5410	5.0
248	5533	5.0
248	5575	4.0
248	5694	5.0
248	5712	4.0
248	5824	4.0
248	5873	3.0
248	5955	3.0
248	5988	3.0
248	6047	3.0
248	6107	4.0
248	6453	5.0
248	6479	4.0
248	6489	4.0
248	6513	3.0
248	6557	3.0
248	6560	5.0
248	6653	5.0
248	6687	4.0
248	6727	3.0
248	6776	4.0
248	6791	3.0
248	6886	5.0
263	220	5.0
263	257	4.0
263	557	5.0
263	748	3.0
263	832	5.0
263	845	3.0
263	1384	4.0
263	1770	4.0
263	2003	2.0
263	2262	5.0
263	2350	4.0
263	2422	2.0
263	2458	4.0
263	2702	4.0
263	3378	3.0
263	4206	4.0
263	4309	4.0
263	4352	4.0
263	4464	3.0
263	4596	2.0
263	4684	3.0
263	4727	3.0
263	4743	5.0
263	4774	3.0
263	4949	3.0
263	5187	4.0
263	5236	4.0
263	5258	4.0
263	5294	4.0
263	5328	4.0
263	5698	4.0
263	5712	5.0
263	6539	3.0
263	6700	3.0
263	6731	2.0
263	6849	4.0
263	6955	4.0
322	38	2.0
322	223	5.0
322	337	3.0
322	500	4.0
322	649	5.0
322	817	5.0
322	919	5.0
322	939	5.0
322	1036	5.0
322	1070	3.0
322	1140	3.0
322	1377	4.0
322	1491	3.0
322	1713	3.0
322	1728	5.0
322	1793	3.0
322	1870	3.0
322	1999	3.0
322	2135	4.0
322	2199	3.0
322	2340	4.0
322	2509	3.0
322	3017	4.0
322	3100	4.0
322	3141	2.0
322	3309	4.0
322	3521	4.0
322	3570	5.0
322	3690	2.0
322	3754	3.0
322	3801	5.0
322	3891	3.0
322	3910	4.0
322	4502	3.0
322	4523	4.0
322	4852	3.0
322	4922	5.0
322	4926	5.0
322	5262	2.0
322	5293	5.0
322	5508	4.0
322	5538	3.0
322	5630	4.0
322	6307	3.0
322	6691	5.0
322	6695	4.0
322	6923	3.0
356	96	4.0
356	124	1.0
356	141	5.0
356	272	3.0
356	421	1.0
356	469	2.0
356	479	5.0
356	561	2.0
356	680	5.0
356	711	3.0
356	827	4.0
356	936	2.0
356	1071	3.0
356	1200	3.0
356	1354	4.0
356	1534	2.0
356	1550	5.0
356	1951	2.0
356	1957	3.0
356	2069	5.0
356	2075	1.0
356	2132	2.0
356	2135	3.0
356	2221	4.0
356	2282	2.0
356	2384	4.0
356	2421	3.0
356	2458	3.0
356	2460	4.0
356	2461	4.0
356	2462	5.0
356	2628	4.0
356	2706	5.0
356	2739	4.0
356	2756	4.0
356	2939	3.0
356	3100	5.0
356	3109	2.0
356	3520	5.0
356	3564	4.0
356	3650	4.0
356	3687	4.0
356	3753	5.0
356	3911	5.0
356	3993	2.0
356	4180	3.0
356	4194	3.0
356	4236	4.0
356	4424	3.0
356	4456	5.0
356	4596	4.0
356	4635	5.0
356	5154	3.0
356	5479	3.0
356	5749	3.0
356	5928	2.0
356	6175	4.0
356	6208	4.0
356	6479	5.0
356	6571	4.0
356	6628	4.0
356	6687	4.0
356	6705	3.0
356	6875	4.0
356	6955	5.0
356	6969	4.0
401	170	4.0
401	281	3.0
401	371	3.0
401	528	4.0
401	817	4.0
401	1177	5.0
401	1191	5.0
401	1841	4.0
401	2069	3.0
401	2436	4.0
401	3026	4.0
401	3271	5.0
401	3378	4.0
401	3650	4.0
401	3690	3.0
401	3781	5.0
401	3951	4.0
401	3993	3.0
401	4291	1.0
401	4457	5.0
401	4513	3.0
401	4750	4.0
401	4924	5.0
401	4926	5.0
401	4928	4.0
401	5378	5.0
401	5387	4.0
401	5572	4.0
401	5672	2.0
401	6105	3.0
401	6691	5.0
401	6695	4.0
431	117	4.0
431	276	5.0
431	832	5.0
431	904	5.0
431	939	5.0
431	1030	4.0
431	1633	3.0
431	1730	4.0
431	2069	5.0
431	2135	5.0
431	2145	5.0
431	2199	3.0
431	2307	3.0
431	2462	5.0
431	2780	5.0
431	2861	4.0
431	2931	5.0
431	3137	4.0
431	3848	4.0
431	4309	4.0
431	4834	4.0
431	5066	4.0
431	5582	5.0
431	6021	5.0
431	6159	5.0
431	6355	4.0
432	110	5.0
432	141	4.0
432	170	5.0
432	190	5.0
432	596	4.0
432	680	4.0
432	833	4.0
432	1196	4.0
432	1279	5.0
432	1585	4.0
432	1770	5.0
432	1959	4.0
432	2462	4.0
432	2531	4.0
432	2606	3.0
432	2956	4.0
432	3023	4.0
432	3033	5.0
432	3649	3.0
432	3657	5.0
432	3794	4.0
432	3796	5.0
432	3895	4.0
432	3910	3.0
432	4015	4.0
432	4457	5.0
432	4658	3.0
432	4857	3.0
432	4924	4.0
432	5330	4.0
432	5655	5.0
432	5864	5.0
432	5873	4.0
432	5973	3.0
432	6029	4.0
432	6066	4.0
432	6497	4.0
432	6682	5.0
432	6685	4.0
432	6691	5.0
432	6758	3.0
432	6956	4.0
433	211	5.0
433	680	5.0
433	1350	4.0
433	1870	4.0
433	1875	4.0
433	2859	5.0
433	3073	5.0
433	3089	4.0
433	3597	5.0
433	3777	3.0
433	3791	5.0
433	4025	5.0
433	4186	5.0
433	4295	5.0
433	4296	4.0
433	4477	5.0
433	4924	5.0
433	5400	5.0
433	5645	5.0
433	6691	4.0
433	6850	3.0
433	6969	5.0
443	76	4.0
443	320	5.0
443	346	3.0
443	429	5.0
443	474	4.0
443	527	5.0
443	770	5.0
443	797	4.0
443	939	4.0
443	966	5.0
443	980	3.0
443	1049	3.0
443	1171	2.0
443	1205	5.0
443	1277	5.0
443	1300	4.0
443	1634	5.0
443	1644	3.0
443	1647	4.0
443	1728	5.0
443	2098	4.0
443	2135	4.0
443	2193	4.0
443	2320	4.0
443	2554	4.0
443	2620	5.0
443	2715	4.0
443	2843	3.0
443	3179	2.0
443	3197	3.0
443	3244	3.0
443	3564	5.0
443	3777	4.0
443	3781	4.0
443	3964	5.0
443	4057	5.0
443	4324	3.0
443	4487	3.0
443	4503	5.0
443	4614	3.0
443	4638	4.0
443	4672	4.0
443	4799	5.0
443	4982	4.0
443	5049	4.0
443	5053	5.0
443	5386	5.0
443	5407	4.0
443	5686	3.0
443	5719	4.0
443	5753	4.0
443	5792	3.0
443	6145	4.0
443	6163	2.0
443	6186	5.0
443	6189	5.0
443	6955	4.0
561	170	4.0
561	223	5.0
561	353	4.0
561	386	3.0
561	656	4.0
561	832	5.0
561	921	3.0
561	1030	4.0
561	1071	4.0
561	1344	5.0
561	1377	3.0
561	1728	5.0
561	1770	5.0
561	1878	5.0
561	2274	5.0
561	2291	4.0
561	2350	4.0
561	2676	4.0
561	2825	3.0
561	2901	3.0
561	3170	5.0
561	3309	5.0
561	3520	5.0
561	3781	5.0
561	3874	5.0
561	3912	5.0
561	3948	4.0
561	4053	5.0
561	4186	4.0
561	4215	5.0
561	4241	3.0
561	4769	5.0
561	4782	4.0
561	4796	3.0
561	4924	5.0
561	5049	3.0
561	5080	3.0
561	5236	4.0
561	5256	5.0
561	5266	5.0
561	5386	5.0
561	6029	4.0
561	6153	4.0
561	6199	4.0
561	6511	5.0
561	6899	4.0
561	6954	4.0
587	54	3.0
587	220	5.0
587	221	4.0
587	448	4.0
587	964	4.0
587	1061	5.0
587	1204	3.0
587	1361	5.0
587	1430	3.0
587	1491	4.0
587	1745	4.0
587	1941	3.0
587	2188	4.0
587	2859	4.0
587	2861	3.0
587	2910	4.0
587	3022	4.0
587	3024	5.0
587	3033	5.0
587	3786	5.0
587	3874	5.0
587	4087	3.0
587	4517	2.0
587	4620	4.0
587	4634	5.0
587	4729	3.0
587	4924	4.0
587	5049	4.0
587	5250	4.0
587	5294	5.0
587	5304	3.0
587	5386	4.0
587	5401	3.0
587	5566	4.0
587	5578	3.0
587	6138	4.0
587	6272	4.0
587	6385	3.0
587	6491	4.0
587	6648	5.0
587	6672	4.0
587	6955	4.0
639	131	5.0
639	562	2.0
639	613	3.0
639	681	3.0
639	711	3.0
639	846	3.0
639	1140	3.0
639	1195	4.0
639	1513	4.0
639	1556	3.0
639	1613	5.0
639	2365	4.0
639	2462	3.0
639	3235	4.0
639	3296	4.0
639	3396	4.0
639	3754	5.0
639	3781	5.0
639	3794	4.0
639	3796	4.0
639	4596	3.0
639	4628	2.0
639	5005	4.0
639	5386	4.0
639	5508	4.0
639	6273	3.0
639	6327	4.0
639	6396	2.0
639	6925	3.0
639	6962	5.0
665	281	3.0
665	289	4.0
665	346	3.0
665	479	5.0
665	817	5.0
665	832	3.0
665	939	4.0
665	1205	3.0
665	1728	5.0
665	1953	1.0
665	2135	4.0
665	2260	5.0
665	2976	2.0
665	3564	4.0
665	3618	4.0
665	3794	5.0
665	3796	4.0
665	4171	4.0
665	4487	3.0
665	4959	5.0
665	5187	3.0
665	5258	5.0
665	5389	3.0
665	5630	4.0
665	5875	5.0
665	6310	5.0
665	6327	5.0
665	6328	3.0
665	6469	3.0
665	6923	3.0
693	174	4.0
693	217	4.0
693	289	3.0
693	827	4.0
693	1488	5.0
693	1733	4.0
693	1772	4.0
693	2069	4.0
693	2235	4.0
693	2248	4.0
693	2320	2.0
693	2356	4.0
693	2384	3.0
693	2838	4.0
693	3028	4.0
693	3538	4.0
693	3613	3.0
693	3791	4.0
693	3794	3.0
693	3796	5.0
693	4037	5.0
693	4215	4.0
693	4260	3.0
693	4924	4.0
693	4926	4.0
693	5057	4.0
693	5286	4.0
693	5389	4.0
693	5515	4.0
693	5663	4.0
693	6106	2.0
693	6145	4.0
693	6169	3.0
693	6253	4.0
693	6327	4.0
693	6382	4.0
693	6469	4.0
693	6542	4.0
693	6583	4.0
693	6773	4.0
693	6953	4.0
742	3	3.0
742	170	3.0
742	220	4.0
742	223	5.0
742	369	4.0
742	479	5.0
742	483	3.0
742	614	5.0
742	1030	4.0
742	1396	2.0
742	1782	3.0
742	2135	4.0
742	2460	5.0
742	2462	4.0
742	2931	3.0
742	3564	4.0
742	3796	5.0
742	3876	4.0
742	4172	4.0
742	4181	4.0
742	4206	5.0
742	4390	2.0
742	4399	4.0
742	4527	4.0
742	4596	4.0
742	4635	5.0
742	5328	5.0
742	5417	3.0
742	5668	4.0
742	5991	2.0
742	6327	5.0
809	72	5.0
809	817	4.0
809	1827	4.0
809	1888	4.0
809	1941	5.0
809	1956	4.0
809	2199	4.0
809	2208	4.0
809	2421	5.0
809	3026	5.0
809	3206	5.0
809	3517	5.0
809	3649	4.0
809	3650	5.0
809	3955	5.0
809	3992	4.0
809	4053	5.0
809	4180	3.0
809	4329	3.0
809	4390	4.0
809	4457	5.0
809	4706	4.0
809	4932	5.0
809	4953	3.0
809	5294	4.0
809	5311	5.0
809	5317	4.0
809	5569	1.0
809	5668	4.0
809	5934	4.0
809	6407	4.0
809	6544	5.0
809	6851	5.0
875	117	2.0
875	319	4.0
875	350	3.0
875	703	3.0
875	912	4.0
875	934	2.0
875	939	5.0
875	1177	4.0
875	1377	3.0
875	1642	3.0
875	1728	5.0
875	1760	3.0
875	1779	4.0
875	1854	3.0
875	1881	3.0
875	2075	3.0
875	2132	4.0
875	2283	3.0
875	2608	4.0
875	2628	2.0
875	2787	4.0
875	2818	4.0
875	2997	3.0
875	3026	3.0
875	3028	3.0
875	3100	5.0
875	3292	3.0
875	3378	4.0
875	3437	2.0
875	3613	3.0
875	3676	3.0
875	3755	3.0
875	3869	2.0
875	4054	3.0
875	4457	5.0
875	4852	3.0
875	4919	2.0
875	4993	3.0
875	5049	3.0
875	5150	3.0
875	5251	4.0
875	5394	4.0
875	5578	3.0
875	5791	5.0
875	5844	5.0
875	6105	5.0
875	6659	4.0
875	6695	3.0
927	601	3.0
927	687	4.0
927	711	3.0
927	1012	4.0
927	1064	4.0
927	1468	4.0
927	1534	3.0
927	1760	2.0
927	1826	2.0
927	1941	3.0
927	2135	4.0
927	2284	5.0
927	2320	3.0
927	2384	5.0
927	2825	3.0
927	3594	3.0
927	3910	3.0
927	4333	2.0
927	4658	3.0
927	4738	3.0
927	5407	4.0
927	5569	2.0
927	5572	4.0
927	5581	3.0
927	5582	5.0
927	5720	3.0
927	5842	2.0
927	6695	4.0
927	6792	5.0
927	6967	3.0
1020	3	4.0
1020	224	5.0
1020	479	3.0
1020	500	3.0
1020	641	2.0
1020	699	4.0
1020	816	5.0
1020	829	4.0
1020	831	3.0
1020	913	3.0
1020	919	2.0
1020	965	2.0
1020	1189	3.0
1020	1749	3.0
1020	2015	3.0
1020	2017	3.0
1020	2132	5.0
1020	2384	3.0
1020	2421	3.0
1020	2607	3.0
1020	2730	3.0
1020	3024	5.0
1020	3492	1.0
1020	3564	4.0
1020	3661	3.0
1020	3794	3.0
1020	3876	5.0
1020	3950	1.0
1020	3991	3.0
1020	4053	4.0
1020	4097	4.0
1020	4186	4.0
1020	4645	1.0
1020	4684	5.0
1020	4748	3.0
1020	4793	2.0
1020	5100	5.0
1020	5129	3.0
1020	5293	3.0
1020	5297	4.0
1020	5304	3.0
1020	5322	3.0
1020	5504	3.0
1020	5531	3.0
1020	5572	4.0
1020	5753	5.0
1020	6084	2.0
1020	6145	5.0
1020	6302	3.0
1020	6370	3.0
1020	6465	2.0
1020	6544	3.0
1020	6578	3.0
1020	6708	3.0
1020	6878	3.0
1020	6956	5.0
1023	220	5.0
1023	449	4.0
1023	799	3.0
1023	1061	4.0
1023	1294	4.0
1023	1770	4.0
1023	1876	5.0
1023	2044	3.0
1023	2421	4.0
1023	2603	4.0
1023	2613	5.0
1023	2706	5.0
1023	2736	3.0
1023	2858	5.0
1023	3510	3.0
1023	3676	4.0
1023	4037	4.0
1023	4421	5.0
1023	4673	4.0
1023	4771	4.0
1023	4885	5.0
1023	5194	4.0
1023	5656	4.0
1023	5725	4.0
1023	6024	3.0
1023	6648	5.0
1023	6691	5.0
1023	6731	4.0
1023	6745	4.0
1046	210	4.0
1046	365	2.0
1046	375	3.0
1046	699	3.0
1046	1055	3.0
1046	1234	2.0
1046	1263	3.0
1046	1299	3.0
1046	1377	2.0
1046	1448	3.0
1046	1488	3.0
1046	1521	4.0
1046	1522	3.0
1046	1574	2.0
1046	1629	3.0
1046	2099	4.0
1046	2428	2.0
1046	2462	3.0
1046	2612	3.0
1046	2792	4.0
1046	2842	3.0
1046	2850	3.0
1046	2861	3.0
1046	2908	2.0
1046	2917	2.0
1046	2924	3.0
1046	2958	4.0
1046	2959	3.0
1046	2975	2.0
1046	3062	3.0
1046	3371	2.0
1046	3445	4.0
1046	3600	3.0
1046	3604	3.0
1046	3610	2.0
1046	3647	2.0
1046	3651	3.0
1046	3777	3.0
1046	3779	2.0
1046	3796	3.0
1046	3908	3.0
1046	4030	3.0
1046	4211	3.0
1046	4246	4.0
1046	4361	3.0
1046	4388	3.0
1046	4398	4.0
1046	4538	3.0
1046	4658	1.0
1046	4665	2.0
1046	4743	5.0
1046	4842	4.0
1046	4857	4.0
1046	4868	3.0
1046	4889	3.0
1046	4906	2.0
1046	4975	2.0
1046	5178	2.0
1046	5274	3.0
1046	5291	2.0
1046	5294	3.0
1046	5303	2.0
1046	5304	3.0
1046	5531	3.0
1046	5713	3.0
1046	5964	2.0
1046	6199	3.0
1046	6208	3.0
1046	6307	2.0
1046	6313	3.0
1046	6336	3.0
1046	6449	3.0
1046	6472	4.0
1046	6577	2.0
1046	6584	3.0
1046	6772	3.0
1046	6774	3.0
1046	6861	3.0
1046	6881	3.0
1046	6955	3.0
1046	6956	4.0
1046	6969	3.0
1050	1	4.0
1050	220	5.0
1050	243	2.0
1050	257	5.0
1050	513	2.0
1050	817	5.0
1050	823	2.0
1050	1072	4.0
1050	1074	4.0
1050	1377	4.0
1050	1608	4.0
1050	1617	5.0
1050	1728	4.0
1050	1740	5.0
1050	2186	3.0
1050	2285	3.0
1050	2678	3.0
1050	2841	2.0
1050	3100	2.0
1050	3309	3.0
1050	3418	5.0
1050	3613	2.0
1050	3910	4.0
1050	4202	3.0
1050	4269	3.0
1050	4392	3.0
1050	4469	4.0
1050	4596	3.0
1050	4817	1.0
1050	5005	2.0
1050	5124	5.0
1050	5151	4.0
1050	5214	2.0
1050	5293	4.0
1050	5401	3.0
1050	6097	3.0
1050	6204	5.0
1050	6261	3.0
1050	6275	4.0
1050	6300	2.0
1050	6370	4.0
1050	6554	3.0
1106	217	5.0
1106	223	5.0
1106	350	5.0
1106	557	4.0
1106	707	4.0
1106	818	5.0
1106	1076	4.0
1106	1483	4.0
1106	1683	5.0
1106	2279	3.0
1106	2706	4.0
1106	2792	4.0
1106	2824	5.0
1106	3102	5.0
1106	3270	4.0
1106	3371	4.0
1106	3874	4.0
1106	4171	5.0
1106	4302	3.0
1106	4307	4.0
1106	4316	4.0
1106	4453	5.0
1106	4457	5.0
1106	4684	5.0
1106	4982	5.0
1106	5034	4.0
1106	5258	4.0
1106	5266	4.0
1106	5389	4.0
1106	5476	4.0
1106	5668	5.0
1106	6220	4.0
1106	6572	5.0
1106	6685	5.0
1133	97	3.0
1133	323	3.0
1133	351	4.0
1133	629	5.0
1133	770	4.0
1133	773	5.0
1133	832	5.0
1133	861	4.0
1133	921	5.0
1133	936	4.0
1133	1030	4.0
1133	1140	3.0
1133	1148	4.0
1133	1189	3.0
1133	1522	5.0
1133	1760	4.0
1133	1770	5.0
1133	2159	3.0
1133	2324	4.0
1133	2498	5.0
1133	2590	3.0
1133	3124	4.0
1133	3345	4.0
1133	3378	4.0
1133	3570	3.0
1133	3649	5.0
1133	3910	3.0
1133	4309	3.0
1133	4369	5.0
1133	4390	3.0
1133	4767	5.0
1133	4928	5.0
1133	5096	2.0
1133	5187	4.0
1133	5194	4.0
1133	5195	4.0
1133	5207	5.0
1133	5236	4.0
1133	5283	4.0
1133	5344	4.0
1133	5387	5.0
1133	5472	3.0
1133	5507	3.0
1133	5508	4.0
1133	5619	3.0
1133	5718	5.0
1133	5848	4.0
1133	6084	3.0
1133	6261	5.0
1133	6302	4.0
1133	6328	5.0
1133	6396	4.0
1133	6774	5.0
1133	6952	5.0
1139	386	4.0
1139	692	5.0
1139	1056	4.0
1139	1065	3.0
1139	1384	4.0
1139	1793	4.0
1139	2260	5.0
1139	2772	5.0
1139	3100	4.0
1139	3284	3.0
1139	3650	5.0
1139	4236	4.0
1139	4857	5.0
1139	5187	4.0
1139	5294	5.0
1139	5394	5.0
1139	5582	5.0
1139	5663	5.0
1139	5827	5.0
1139	6476	5.0
1139	6629	4.0
1139	6708	4.0
1176	513	3.0
1176	719	4.0
1176	1377	4.0
1176	1461	3.0
1176	2017	3.0
1176	2132	4.0
1176	2188	4.0
1176	2609	4.0
1176	2739	4.0
1176	2923	3.0
1176	3239	4.0
1176	3409	4.0
1176	3492	3.0
1176	3670	4.0
1176	3754	4.0
1176	4001	3.0
1176	4186	4.0
1176	4202	4.0
1176	4230	3.0
1176	4305	4.0
1176	4312	4.0
1176	4398	4.0
1176	4623	4.0
1176	4665	4.0
1176	4748	4.0
1176	5005	4.0
1176	5082	4.0
1176	5297	4.0
1176	5304	3.0
1176	5597	3.0
1176	5662	4.0
1176	6055	4.0
1176	6145	4.0
1176	6199	4.0
1176	6208	4.0
1176	6956	4.0
1245	170	5.0
1245	220	5.0
1245	1030	5.0
1245	1049	3.0
1245	1061	5.0
1245	1076	5.0
1245	1228	5.0
1245	1248	5.0
1245	1488	5.0
1245	2462	5.0
1245	2463	5.0
1245	3295	5.0
1245	3371	4.0
1245	3378	4.0
1245	3528	5.0
1245	3781	5.0
1245	3822	4.0
1245	4151	4.0
1245	4295	4.0
1245	4390	3.0
1245	4927	5.0
1245	5124	4.0
1245	5236	5.0
1245	6109	3.0
1245	6310	5.0
1245	6789	3.0
1254	166	4.0
1254	857	3.0
1254	895	4.0
1254	912	4.0
1254	919	4.0
1254	953	3.0
1254	1083	3.0
1254	1233	3.0
1254	1488	3.0
1254	1601	3.0
1254	1881	5.0
1254	2240	3.0
1254	2243	5.0
1254	2283	3.0
1254	2288	4.0
1254	2676	3.0
1254	2711	4.0
1254	3145	4.0
1254	3371	4.0
1254	3568	3.0
1254	3649	3.0
1254	3692	4.0
1254	3783	3.0
1254	3835	4.0
1254	4030	3.0
1254	4242	3.0
1254	4340	3.0
1254	4390	3.0
1254	4566	3.0
1254	4926	2.0
1254	5021	5.0
1254	5097	4.0
1254	5258	3.0
1254	5436	3.0
1254	5515	3.0
1254	5566	5.0
1254	5792	3.0
1254	5795	4.0
1254	6010	4.0
1254	6154	4.0
1254	6310	3.0
1254	6495	4.0
1254	6672	4.0
1261	223	4.0
1261	629	4.0
1261	719	3.0
1261	747	4.0
1261	808	3.0
1261	817	4.0
1261	818	4.0
1261	1030	3.0
1261	1888	3.0
1261	2178	2.0
1261	2227	3.0
1261	2519	4.0
1261	2763	3.0
1261	3024	4.0
1261	3100	4.0
1261	3521	4.0
1261	3564	4.0
1261	3756	4.0
1261	3775	3.0
1261	3950	3.0
1261	4025	3.0
1261	4307	4.0
1261	5213	3.0
1261	5258	4.0
1261	5978	3.0
1261	6208	4.0
1261	6693	3.0
1261	6878	3.0
1262	790	5.0
1262	797	3.0
1262	1499	4.0
1262	1847	5.0
1262	1869	4.0
1262	2027	5.0
1262	2033	5.0
1262	2302	4.0
1262	3147	3.0
1262	3733	5.0
1262	3781	4.0
1262	3876	4.0
1262	4063	5.0
1262	4894	5.0
1262	5256	5.0
1262	5389	5.0
1262	5446	5.0
1262	5868	5.0
1262	6174	4.0
1262	6206	3.0
1357	221	4.0
1357	375	5.0
1357	475	5.0
1357	479	4.0
1357	557	5.0
1357	720	5.0
1357	747	5.0
1357	1263	5.0
1357	1384	5.0
1357	1728	5.0
1357	1881	4.0
1357	2135	3.0
1357	2462	5.0
1357	2859	4.0
1357	2861	4.0
1357	2938	4.0
1357	3027	4.0
1357	3100	5.0
1357	3371	5.0
1357	3585	5.0
1357	3777	5.0
1357	3791	4.0
1357	3977	4.0
1357	4658	4.0
1357	4743	5.0
1357	4868	5.0
1357	4924	5.0
1357	5037	4.0
1357	5124	4.0
1357	5389	5.0
1357	5446	5.0
1357	5572	3.0
1357	5785	5.0
1357	5863	4.0
1357	6672	5.0
1357	6682	4.0
1357	6685	4.0
1357	6691	5.0
1388	31	3.0
1388	479	5.0
1388	557	5.0
1388	821	4.0
1388	1030	4.0
1388	1121	2.0
1388	1248	4.0
1388	2069	5.0
1388	2135	4.0
1388	2244	3.0
1388	2462	5.0
1388	2824	4.0
1388	2840	4.0
1388	3026	5.0
1388	3794	4.0
1388	4037	4.0
1388	5124	4.0
1388	5386	3.0
1388	5566	4.0
1388	6253	4.0
1388	6327	5.0
1388	6370	3.0
1388	6700	4.0
1388	6953	4.0
1395	223	5.0
1395	818	4.0
1395	1101	3.0
1395	1441	4.0
1395	1577	3.0
1395	1728	4.0
1395	2080	3.0
1395	2135	5.0
1395	2188	2.0
1395	2246	5.0
1395	2320	4.0
1395	2719	4.0
1395	3440	4.0
1395	3538	5.0
1395	3866	5.0
1395	4706	2.0
1395	4774	4.0
1395	4934	4.0
1395	5005	3.0
1395	5581	3.0
1395	5582	5.0
1395	5808	3.0
1395	5892	4.0
1395	5964	4.0
1395	6116	3.0
1395	6208	4.0
1395	6327	5.0
1395	6606	3.0
1416	217	4.0
1416	220	5.0
1416	221	4.0
1416	817	5.0
1416	904	4.0
1416	939	3.0
1416	1061	5.0
1416	1076	5.0
1416	1080	5.0
1416	1248	4.0
1416	1647	5.0
1416	1690	5.0
1416	1745	4.0
1416	1770	4.0
1416	1772	3.0
1416	1928	5.0
1416	1941	5.0
1416	2049	5.0
1416	2444	5.0
1416	2858	5.0
1416	3099	4.0
1416	3309	4.0
1416	3341	4.0
1416	3520	5.0
1416	3528	4.0
1416	4173	4.0
1416	4340	5.0
1416	4390	3.0
1416	4638	5.0
1416	4673	4.0
1416	4771	3.0
1416	4852	3.0
1416	4862	4.0
1416	4923	4.0
1416	5049	5.0
1416	5373	5.0
1416	5386	4.0
1416	5445	5.0
1416	5663	3.0
1416	5672	4.0
1416	5691	4.0
1416	5791	3.0
1416	6112	4.0
1416	6955	4.0
1473	818	5.0
1473	1030	4.0
1473	1166	5.0
1473	1195	4.0
1473	1384	5.0
1473	1488	4.0
1473	2135	5.0
1473	2242	5.0
1473	2462	5.0
1473	2717	5.0
1473	2824	5.0
1473	2959	5.0
1473	3371	4.0
1473	4186	5.0
1473	4684	5.0
1473	4743	5.0
1473	4857	5.0
1473	4934	4.0
1473	5057	4.0
1473	5294	5.0
1473	5389	5.0
1473	5394	5.0
1473	6208	5.0
1473	6327	4.0
1473	6529	4.0
1473	6881	4.0
1473	6958	4.0
1542	96	4.0
1542	524	4.0
1542	818	5.0
1542	858	3.0
1542	912	5.0
1542	919	5.0
1542	1377	5.0
1542	1743	4.0
1542	1782	3.0
1542	1881	4.0
1542	2004	3.0
1542	2135	4.0
1542	2461	5.0
1542	2462	5.0
1542	2706	5.0
1542	2739	5.0
1542	2824	5.0
1542	2845	3.0
1542	2859	4.0
1542	3228	3.0
1542	3371	5.0
1542	3517	4.0
1542	3649	4.0
1542	3692	5.0
1542	3739	4.0
1542	3742	3.0
1542	3926	5.0
1542	4169	3.0
1542	4194	5.0
1542	4309	4.0
1542	4527	3.0
1542	4594	3.0
1542	4639	3.0
1542	4982	5.0
1542	5258	5.0
1542	5582	4.0
1542	5928	4.0
1598	170	4.0
1598	375	3.0
1598	755	4.0
1598	831	3.0
1598	912	4.0
1598	1076	4.0
1598	1196	5.0
1598	1219	3.0
1598	1782	5.0
1598	2135	3.0
1598	2274	4.0
1598	2907	4.0
1598	2938	3.0
1598	3026	3.0
1598	3056	3.0
1598	3089	3.0
1598	3307	4.0
1598	3511	4.0
1598	3527	3.0
1598	3649	3.0
1598	3650	3.0
1598	3709	5.0
1598	3743	4.0
1598	4053	3.0
1598	4307	4.0
1598	4457	3.0
1598	5222	2.0
1598	5507	4.0
1598	5937	3.0
1598	6066	3.0
1598	6328	5.0
1598	6691	5.0
1635	183	4.0
1635	220	5.0
1635	353	5.0
1635	723	5.0
1635	747	5.0
1635	818	5.0
1635	821	5.0
1635	832	5.0
1635	904	5.0
1635	1030	5.0
1635	1276	5.0
1635	1354	5.0
1635	1565	5.0
1635	2216	5.0
1635	2371	5.0
1635	2565	5.0
1635	2818	5.0
1635	2846	5.0
1635	3247	5.0
1635	3371	5.0
1635	3383	5.0
1635	3423	5.0
1635	3613	5.0
1635	3649	5.0
1635	3910	5.0
1635	4096	5.0
1635	4894	5.0
1635	5331	5.0
1635	5387	5.0
1635	5553	5.0
1635	5662	5.0
1635	5668	5.0
1635	5681	4.0
1635	5873	5.0
1635	6227	5.0
1635	6609	5.0
1635	6758	4.0
1635	6874	5.0
1635	6886	5.0
1635	6955	5.0
1643	220	4.0
1643	223	4.0
1643	680	4.0
1643	681	3.0
1643	818	2.0
1643	1012	4.0
1643	1226	4.0
1643	1384	3.0
1643	1628	3.0
1643	2739	4.0
1643	2846	4.0
1643	2859	4.0
1643	2939	4.0
1643	3419	4.0
1643	4053	4.0
1643	4260	4.0
1643	5057	4.0
1643	5294	4.0
1643	5445	4.0
1643	5566	4.0
1643	6327	4.0
1643	6881	4.0
1712	48	3.0
1712	475	4.0
1712	596	4.0
1712	681	3.0
1712	1076	4.0
1712	1162	5.0
1712	1219	3.0
1712	1361	5.0
1712	1441	3.0
1712	1486	3.0
1712	2025	4.0
1712	2462	4.0
1712	2528	5.0
1712	2706	4.0
1712	2824	4.0
1712	3378	3.0
1712	3794	3.0
1712	4295	3.0
1712	4441	3.0
1712	4477	5.0
1712	5100	4.0
1712	5386	5.0
1712	6220	2.0
1712	6355	3.0
1712	6700	5.0
1777	217	5.0
1777	221	5.0
1777	223	5.0
1777	320	4.0
1777	321	4.0
1777	537	3.0
1777	629	3.0
1777	1177	5.0
1777	1348	3.0
1777	1468	4.0
1777	2855	4.0
1777	2907	5.0
1777	3008	5.0
1777	3017	4.0
1777	3024	4.0
1777	3124	4.0
1777	3632	4.0
1777	3804	4.0
1777	4042	3.0
1777	4317	3.0
1777	4321	3.0
1777	4924	4.0
1777	5049	4.0
1777	5476	5.0
1777	5555	3.0
1777	5910	4.0
1777	6328	4.0
1777	6691	5.0
1777	6770	4.0
1836	192	3.0
1836	265	3.0
1836	921	3.0
1836	923	2.0
1836	983	4.0
1836	1155	5.0
1836	1294	4.0
1836	1698	4.0
1836	1707	4.0
1836	1770	5.0
1836	1782	3.0
1836	1876	5.0
1836	1927	4.0
1836	2017	5.0
1836	2029	5.0
1836	2421	5.0
1836	2458	3.0
1836	2552	2.0
1836	2606	3.0
1836	2870	5.0
1836	3007	3.0
1836	3008	3.0
1836	3270	5.0
1836	3568	4.0
1836	3583	5.0
1836	3649	2.0
1836	3723	4.0
1836	3786	3.0
1836	3814	3.0
1836	4039	4.0
1836	4246	5.0
1836	4725	3.0
1836	5213	2.0
1836	5225	2.0
1836	6072	4.0
1836	6163	2.0
1836	6217	3.0
1836	6369	3.0
1836	6691	5.0
1836	6693	2.0
1836	6726	2.0
1844	2	4.0
1844	701	3.0
1844	702	5.0
1844	817	4.0
1844	818	5.0
1844	1666	4.0
1844	1728	5.0
1844	2098	5.0
1844	2275	4.0
1844	2462	5.0
1844	2717	5.0
1844	2763	4.0
1844	3102	4.0
1844	3226	3.0
1844	3371	5.0
1844	3413	3.0
1844	3948	3.0
1844	4169	5.0
1844	4319	4.0
1844	4387	4.0
1844	4414	4.0
1844	4420	2.0
1844	4684	5.0
1844	4762	1.0
1844	5108	5.0
1844	5341	4.0
1844	6273	4.0
1844	6348	4.0
1844	6637	4.0
1844	6957	4.0
1947	141	5.0
1947	797	1.0
1947	821	5.0
1947	912	3.0
1947	1171	3.0
1947	1336	5.0
1947	1520	3.0
1947	1963	3.0
1947	2462	5.0
1947	2512	3.0
1947	2528	5.0
1947	2706	5.0
1947	3564	5.0
1947	3731	5.0
1947	3781	5.0
1947	3874	5.0
1947	4037	3.0
1947	4117	4.0
1947	4307	5.0
1947	4781	5.0
1947	4924	4.0
1947	5046	4.0
1947	5283	4.0
1947	5294	4.0
1947	6071	5.0
1947	6606	4.0
1947	6626	4.0
1947	6691	5.0
1957	223	5.0
1957	931	4.0
1957	1249	3.0
1957	1421	3.0
1957	2029	4.0
1957	2135	4.0
1957	3084	3.0
1957	3188	5.0
1957	3649	3.0
1957	3864	3.0
1957	4172	4.0
1957	4477	4.0
1957	4527	3.0
1957	4590	2.0
1957	4635	4.0
1957	4726	4.0
1957	5258	3.0
1957	5294	4.0
1957	5507	4.0
1957	5515	4.0
1957	5781	5.0
1957	6208	4.0
1957	6534	3.0
1957	6878	5.0
1963	170	3.0
1963	221	4.0
1963	281	5.0
1963	339	4.0
1963	386	2.0
1963	479	3.0
1963	502	3.0
1963	605	4.0
1963	817	4.0
1963	913	4.0
1963	1012	4.0
1963	1072	5.0
1963	1384	3.0
1963	1728	3.0
1963	1776	5.0
1963	1792	4.0
1963	1799	3.0
1963	1813	4.0
1963	1925	3.0
1963	1963	2.0
1963	1976	5.0
1963	2027	4.0
1963	2033	4.0
1963	2132	2.0
1963	2245	3.0
1963	2300	2.0
1963	2841	2.0
1963	2907	4.0
1963	2959	4.0
1963	3022	3.0
1963	3089	3.0
1963	3203	4.0
1963	3213	2.0
1963	3214	5.0
1963	3269	2.0
1963	3271	4.0
1963	3301	5.0
1963	3378	4.0
1963	3422	4.0
1963	3463	4.0
1963	3717	3.0
1963	3876	5.0
1963	4077	5.0
1963	4139	3.0
1963	4171	3.0
1963	4311	2.0
1963	4353	4.0
1963	4765	4.0
1963	4868	3.0
1963	4924	5.0
1963	5258	5.0
1963	5266	5.0
1963	5294	4.0
1963	5322	3.0
1963	5445	3.0
1963	5572	3.0
1963	5662	3.0
1963	5664	3.0
1963	6283	3.0
1963	6327	4.0
1963	6370	3.0
1963	6851	4.0
1963	6952	2.0
1991	350	4.0
1991	483	3.0
1991	557	4.0
1991	629	3.0
1991	929	4.0
1991	1175	3.0
1991	1248	5.0
1991	1355	4.0
1991	1776	5.0
1991	1881	3.0
1991	2135	4.0
1991	2282	3.0
1991	2501	4.0
1991	2522	4.0
1991	2528	4.0
1991	3026	5.0
1991	3125	4.0
1991	3235	4.0
1991	3263	4.0
1991	3269	4.0
1991	3486	4.0
1991	3649	3.0
1991	3781	5.0
1991	4323	4.0
1991	4446	5.0
1991	4453	5.0
1991	4706	4.0
1991	4808	3.0
1991	4894	4.0
1991	5040	3.0
1991	5049	3.0
1991	5507	3.0
1991	5534	3.0
1991	5719	3.0
1991	5873	5.0
1991	5928	4.0
1991	5934	3.0
1991	5987	5.0
1991	6214	3.0
1991	6439	3.0
1991	6720	3.0
1991	6770	3.0
1991	6952	4.0
1999	557	5.0
1999	1296	3.0
1999	1488	4.0
1999	1532	4.0
1999	1808	5.0
1999	1875	5.0
1999	1953	5.0
1999	2135	5.0
1999	2176	5.0
1999	2283	5.0
1999	2299	5.0
1999	2739	5.0
1999	2788	4.0
1999	3144	5.0
1999	3418	3.0
1999	3570	5.0
1999	3645	5.0
1999	3740	4.0
1999	3774	2.0
1999	3777	3.0
1999	3781	5.0
1999	3794	5.0
1999	3884	4.0
1999	4333	3.0
1999	4665	4.0
1999	4791	4.0
1999	4927	4.0
1999	5187	3.0
1999	5283	5.0
1999	5389	5.0
1999	5508	4.0
1999	5670	5.0
1999	6201	5.0
1999	6370	5.0
1999	6691	4.0
2010	172	4.0
2010	180	5.0
2010	217	4.0
2010	243	4.0
2010	524	4.0
2010	827	5.0
2010	1001	3.0
2010	1808	5.0
2010	1957	3.0
2010	2133	4.0
2010	2188	3.0
2010	2242	4.0
2010	2250	3.0
2010	2320	3.0
2010	2323	3.0
2010	2421	4.0
2010	2443	3.0
2010	2574	3.0
2010	2858	5.0
2010	2971	4.0
2010	3170	4.0
2010	3197	4.0
2010	3295	4.0
2010	3301	5.0
2010	3564	4.0
2010	3763	3.0
2010	3777	5.0
2010	4067	4.0
2010	4527	4.0
2010	4673	3.0
2010	4684	3.0
2010	4782	5.0
2010	4836	4.0
2010	4851	3.0
2010	4852	4.0
2010	5210	4.0
2010	5294	4.0
2010	5328	5.0
2010	5341	4.0
2010	5344	4.0
2010	5639	3.0
2010	5664	4.0
2010	5936	2.0
2010	6232	4.0
2010	6426	4.0
2010	6685	5.0
2010	6948	3.0
2010	6955	3.0
2039	99	5.0
2039	760	5.0
2039	761	5.0
2039	1000	5.0
2039	1421	3.0
2039	1494	5.0
2039	1622	4.0
2039	1754	4.0
2039	2089	5.0
2039	2375	5.0
2039	2619	5.0
2039	2699	5.0
2039	3423	4.0
2039	3649	4.0
2039	4771	3.0
2039	5152	5.0
2039	5572	3.0
2039	5987	5.0
2039	6019	3.0
2039	6188	5.0
2039	6449	5.0
2039	6456	5.0
2039	6691	5.0
2050	223	3.0
2050	369	3.0
2050	449	4.0
2050	601	4.0
2050	703	4.0
2050	729	4.0
2050	763	3.0
2050	832	4.0
2050	939	4.0
2050	1049	3.0
2050	1161	4.0
2050	1407	5.0
2050	1639	4.0
2050	1732	3.0
2050	1814	4.0
2050	2095	4.0
2050	2279	3.0
2050	2522	3.0
2050	2959	5.0
2050	3102	5.0
2050	3186	3.0
2050	3268	5.0
2050	3270	4.0
2050	3419	4.0
2050	3649	3.0
2050	3741	4.0
2050	3874	3.0
2050	4206	4.0
2050	4485	4.0
2050	4935	4.0
2050	4982	3.0
2050	5053	5.0
2050	5175	4.0
2050	5286	4.0
2050	5328	4.0
2050	5389	4.0
2050	5764	4.0
2050	5827	5.0
2050	6253	5.0
2050	6449	3.0
2050	6523	3.0
2050	6534	3.0
2050	6725	3.0
2077	217	4.0
2077	280	3.0
2077	512	5.0
2077	1111	3.0
2077	1246	5.0
2077	1488	4.0
2077	1941	3.0
2077	2168	4.0
2077	2356	4.0
2077	2434	4.0
2077	2462	4.0
2077	2900	5.0
2077	3099	4.0
2077	3309	5.0
2077	3371	4.0
2077	3440	4.0
2077	3613	5.0
2077	3831	4.0
2077	4140	5.0
2077	4171	4.0
2077	4295	5.0
2077	4695	5.0
2077	5005	5.0
2077	5252	4.0
2077	5258	5.0
2077	5293	5.0
2077	5386	4.0
2077	5489	4.0
2077	5844	5.0
2077	5924	4.0
2077	5979	4.0
2077	6002	4.0
2077	6275	4.0
2077	6576	3.0
2096	131	3.0
2096	174	4.0
2096	512	5.0
2096	613	4.0
2096	654	5.0
2096	711	4.0
2096	1074	4.0
2096	1488	5.0
2096	1503	4.0
2096	1533	5.0
2096	1888	3.0
2096	1941	5.0
2096	2032	3.0
2096	2116	5.0
2096	2196	3.0
2096	2455	5.0
2096	2462	5.0
2096	2901	4.0
2096	2982	2.0
2096	3129	5.0
2096	3345	3.0
2096	3777	5.0
2096	3778	5.0
2096	4533	4.0
2096	4665	4.0
2096	4759	3.0
2096	5258	5.0
2096	5311	4.0
2096	6208	5.0
2096	6383	4.0
2096	6390	2.0
2149	170	4.0
2149	286	4.0
2149	296	2.0
2149	369	5.0
2149	575	3.0
2149	680	5.0
2149	818	4.0
2149	887	3.0
2149	1004	4.0
2149	1030	5.0
2149	1377	4.0
2149	1703	4.0
2149	1813	4.0
2149	1883	4.0
2149	1899	3.0
2149	1941	3.0
2149	2102	5.0
2149	2135	5.0
2149	2177	1.0
2149	2446	4.0
2149	2517	4.0
2149	3085	3.0
2149	3325	3.0
2149	3363	3.0
2149	3437	2.0
2149	3564	5.0
2149	3649	5.0
2149	3680	3.0
2149	3781	5.0
2149	3785	4.0
2149	3796	5.0
2149	4155	4.0
2149	4161	4.0
2149	4307	5.0
2149	4315	3.0
2149	4321	4.0
2149	4349	4.0
2149	4421	5.0
2149	4508	3.0
2149	4997	3.0
2149	5716	3.0
2149	6220	2.0
2149	6578	4.0
2149	6778	5.0
2149	6792	5.0
2149	6799	3.0
2149	6939	4.0
2149	6953	5.0
2149	6955	5.0
2157	126	3.0
2157	217	5.0
2157	611	3.0
2157	832	5.0
2157	835	4.0
2157	1030	3.0
2157	1139	4.0
2157	1513	5.0
2157	1544	4.0
2157	1770	4.0
2157	2033	4.0
2157	2135	3.0
2157	2274	4.0
2157	2606	3.0
2157	2861	4.0
2157	3197	4.0
2157	3295	4.0
2157	3420	3.0
2157	3650	3.0
2157	3794	5.0
2157	3874	3.0
2157	4053	4.0
2157	4569	4.0
2157	4894	5.0
2157	5082	5.0
2157	5289	3.0
2157	5507	4.0
2157	5928	4.0
2157	6066	3.0
2157	6142	4.0
2157	6199	5.0
2157	6327	3.0
2157	6370	4.0
2157	6953	4.0
2162	613	5.0
2162	614	4.0
2162	629	4.0
2162	1301	4.0
2162	1613	4.0
2162	2221	3.0
2162	2339	4.0
2162	2458	4.0
2162	2461	3.0
2162	2462	4.0
2162	2722	3.0
2162	2825	4.0
2162	2962	5.0
2162	3028	4.0
2162	3296	4.0
2162	3307	5.0
2162	3630	2.0
2162	3754	5.0
2162	3786	4.0
2162	3876	4.0
2162	4037	4.0
2162	4115	3.0
2162	4186	2.0
2162	4296	5.0
2162	4541	4.0
2162	4779	3.0
2162	5566	3.0
2162	5575	5.0
2162	5892	4.0
2162	6175	3.0
2162	6208	4.0
2162	6536	4.0
2162	6537	4.0
2162	6682	5.0
2162	6969	5.0
2168	248	4.0
2168	346	3.0
2168	447	5.0
2168	532	4.0
2168	605	4.0
2168	699	4.0
2168	789	3.0
2168	832	5.0
2168	861	4.0
2168	1030	5.0
2168	1076	5.0
2168	1248	5.0
2168	1294	5.0
2168	1707	3.0
2168	1999	3.0
2168	2144	3.0
2168	2560	3.0
2168	2772	5.0
2168	2982	3.0
2168	3124	5.0
2168	3418	4.0
2168	3777	4.0
2168	3794	5.0
2168	4037	5.0
2168	4187	5.0
2168	4230	3.0
2168	4340	2.0
2168	4814	3.0
2168	4894	3.0
2168	5150	5.0
2168	5262	4.0
2168	5844	5.0
2168	6253	5.0
2168	6558	3.0
2168	6952	4.0
2180	113	4.0
2180	194	3.0
2180	217	5.0
2180	353	5.0
2180	412	3.0
2180	474	3.0
2180	532	3.0
2180	778	4.0
2180	859	3.0
2180	861	5.0
2180	1957	5.0
2180	2028	5.0
2180	2186	4.0
2180	2245	1.0
2180	2278	5.0
2180	2356	5.0
2180	2458	5.0
2180	2461	3.0
2180	2511	3.0
2180	2606	3.0
2180	3056	5.0
2180	3060	4.0
2180	3080	4.0
2180	3150	2.0
2180	3378	3.0
2180	3406	3.0
2180	3449	5.0
2180	3679	5.0
2180	3873	5.0
2180	3890	3.0
2180	3906	4.0
2180	4034	4.0
2180	4054	3.0
2180	4119	4.0
2180	4202	5.0
2180	4365	5.0
2180	4477	5.0
2180	4485	3.0
2180	4658	5.0
2180	4799	3.0
2180	4951	5.0
2180	5166	1.0
2180	5386	5.0
2180	5417	4.0
2180	5663	5.0
2180	5789	3.0
2180	6175	3.0
2180	6187	3.0
2180	6214	3.0
2180	6285	3.0
2180	6735	5.0
2180	6925	3.0
2204	1	4.0
2204	31	5.0
2204	173	4.0
2204	217	5.0
2204	219	4.0
2204	220	5.0
2204	221	4.0
2204	475	5.0
2204	557	4.0
2204	596	5.0
2204	618	5.0
2204	838	5.0
2204	1061	5.0
2204	1162	5.0
2204	1432	4.0
2204	1494	5.0
2204	1674	4.0
2204	1772	4.0
2204	2421	5.0
2204	2976	5.0
2204	3099	4.0
2204	3102	5.0
2204	3192	5.0
2204	3303	5.0
2204	3309	5.0
2204	3397	5.0
2204	3676	5.0
2204	3747	5.0
2204	3787	5.0
2204	3852	4.0
2204	3874	5.0
2204	4090	5.0
2204	4227	5.0
2204	4295	5.0
2204	4385	4.0
2204	4581	5.0
2204	4589	5.0
2204	4594	4.0
2204	4596	4.0
2204	4927	5.0
2204	4947	4.0
2204	5258	5.0
2204	5293	4.0
2204	5386	4.0
2204	5387	5.0
2204	5423	3.0
2204	5533	5.0
2204	6193	5.0
2204	6253	5.0
2204	6265	5.0
2204	6327	5.0
2204	6681	5.0
2204	6758	4.0
2204	6881	5.0
2204	6967	4.0
2228	199	4.0
2228	220	4.0
2228	223	4.0
2228	353	3.0
2228	403	3.0
2228	439	4.0
2228	629	4.0
2228	816	5.0
2228	817	3.0
2228	821	4.0
2228	913	3.0
2228	939	4.0
2228	1140	4.0
2228	1298	3.0
2228	1361	5.0
2228	1746	5.0
2228	1840	5.0
2228	1962	2.0
2228	2132	3.0
2228	2322	1.0
2228	2401	5.0
2228	2603	5.0
2228	2714	4.0
2228	2756	5.0
2228	2819	3.0
2228	2886	2.0
2228	3198	1.0
2228	3269	3.0
2228	3423	3.0
2228	3825	4.0
2228	3852	3.0
2228	3876	5.0
2228	4029	3.0
2228	4169	4.0
2228	4256	3.0
2228	4265	4.0
2228	4316	5.0
2228	4462	3.0
2228	4487	2.0
2228	4527	3.0
2228	4547	4.0
2228	4612	5.0
2228	4644	4.0
2228	4703	5.0
2228	4853	4.0
2228	4924	5.0
2228	4927	5.0
2228	5160	4.0
2228	5252	1.0
2228	5294	5.0
2228	5412	4.0
2228	5600	3.0
2228	5700	5.0
2228	6114	4.0
2228	6208	4.0
2228	6370	5.0
2228	6443	4.0
2228	6544	4.0
2228	6561	1.0
2228	6577	3.0
2228	6691	4.0
2228	6740	4.0
2228	6953	5.0
2240	180	3.0
2240	219	5.0
2240	281	5.0
2240	300	5.0
2240	375	4.0
2240	475	3.0
2240	682	4.0
2240	887	3.0
2240	959	4.0
2240	1061	4.0
2240	1166	3.0
2240	1488	3.0
2240	1587	3.0
2240	1677	3.0
2240	1759	4.0
2240	2033	4.0
2240	2240	4.0
2240	2320	3.0
2240	2326	4.0
2240	2706	5.0
2240	2839	4.0
2240	2859	4.0
2240	2939	4.0
2240	2959	4.0
2240	2968	3.0
2240	3060	3.0
2240	3102	5.0
2240	3186	3.0
2240	3440	3.0
2240	3515	2.0
2240	3533	4.0
2240	3535	4.0
2240	3604	2.0
2240	3779	3.0
2240	3872	3.0
2240	3977	4.0
2240	4025	4.0
2240	4186	4.0
2240	4206	5.0
2240	4215	4.0
2240	4457	5.0
2240	4519	4.0
2240	4523	3.0
2240	4592	3.0
2240	4665	4.0
2240	4743	5.0
2240	4828	2.0
2240	4885	3.0
2240	4889	5.0
2240	4922	2.0
2240	4926	4.0
2240	4985	4.0
2240	5274	5.0
2240	5294	3.0
2240	5394	4.0
2240	5479	3.0
2240	5566	5.0
2240	5664	4.0
2240	5868	5.0
2240	5879	3.0
2240	6155	3.0
2240	6208	4.0
2240	6255	3.0
2240	6685	5.0
2240	6759	3.0
2240	6772	3.0
2240	6881	4.0
2240	6948	3.0
2251	62	3.0
2251	282	3.0
2251	371	3.0
2251	399	4.0
2251	402	4.0
2251	501	2.0
2251	553	3.0
2251	1587	3.0
2251	1707	3.0
2251	2350	5.0
2251	2353	3.0
2251	3152	3.0
2251	3407	2.0
2251	3492	3.0
2251	3564	5.0
2251	3623	4.0
2251	3796	5.0
2251	3831	5.0
2251	3873	4.0
2251	3963	3.0
2251	4487	4.0
2251	4517	3.0
2251	4852	3.0
2251	4924	5.0
2251	4928	3.0
2251	5049	3.0
2251	5386	4.0
2251	5555	3.0
2251	5849	3.0
2251	6328	4.0
2251	6370	3.0
2251	6630	3.0
2251	6637	4.0
2251	6923	4.0
2274	369	4.0
2274	729	3.0
2274	1030	4.0
2274	1144	3.0
2274	1257	4.0
2274	1384	5.0
2274	2098	5.0
2274	2135	5.0
2274	2322	2.0
2274	2824	5.0
2274	3052	4.0
2274	3570	4.0
2274	3649	3.0
2274	3781	5.0
2274	3794	5.0
2274	3876	5.0
2274	4135	3.0
2274	4186	4.0
2274	4206	5.0
2274	4236	5.0
2274	4307	4.0
2274	4309	4.0
2274	4390	3.0
2274	5389	4.0
2274	5508	4.0
2274	6174	3.0
2274	6196	3.0
2274	6590	3.0
2274	6952	4.0
2287	112	4.0
2287	217	5.0
2287	747	5.0
2287	827	4.0
2287	1629	4.0
2287	1699	4.0
2287	2904	5.0
2287	2931	4.0
2287	3239	5.0
2287	3309	5.0
2287	3318	3.0
2287	3363	4.0
2287	3371	4.0
2287	3722	4.0
2287	3777	4.0
2287	3891	5.0
2287	3955	4.0
2287	4167	4.0
2287	4295	4.0
2287	4457	5.0
2287	4684	5.0
2287	4747	4.0
2287	4924	4.0
2287	5034	4.0
2287	5210	4.0
2287	5328	5.0
2287	5663	5.0
2287	5792	2.0
2287	6048	4.0
2287	6208	5.0
2287	6370	5.0
2287	6685	5.0
2287	6969	5.0
2325	141	3.0
2325	170	4.0
2325	223	5.0
2325	381	5.0
2325	479	5.0
2325	509	4.0
2325	596	5.0
2325	758	5.0
2325	759	5.0
2325	760	5.0
2325	1436	5.0
2325	1503	4.0
2325	1608	3.0
2325	1813	4.0
2325	2188	4.0
2325	2350	4.0
2325	2487	5.0
2325	2886	3.0
2325	3022	5.0
2325	3794	5.0
2325	3831	4.0
2325	3852	3.0
2325	3876	5.0
2325	4316	5.0
2325	4392	4.0
2325	4594	4.0
2325	4635	5.0
2325	4684	5.0
2325	5093	5.0
2325	5387	4.0
2325	5389	5.0
2325	5668	5.0
2325	5734	5.0
2325	5753	5.0
2325	5781	5.0
2325	5934	4.0
2325	6229	5.0
2325	6370	5.0
2325	6953	5.0
2325	6956	5.0
2378	170	5.0
2378	220	5.0
2378	557	5.0
2378	832	5.0
2378	904	5.0
2378	1233	3.0
2378	1782	3.0
2378	1881	3.0
2378	1928	3.0
2378	1941	4.0
2378	2069	5.0
2378	2135	3.0
2378	2282	3.0
2378	2350	5.0
2378	3026	5.0
2378	3084	4.0
2378	3649	3.0
2378	3794	5.0
2378	3911	4.0
2378	4037	3.0
2378	4135	3.0
2378	4206	4.0
2378	4390	3.0
2378	4555	3.0
2378	4590	3.0
2378	4638	5.0
2378	4684	4.0
2378	4894	4.0
2378	4990	5.0
2378	5100	3.0
2378	5249	4.0
2378	5294	5.0
2378	5873	4.0
2378	6193	4.0
2378	6544	4.0
2378	6687	5.0
2378	6955	4.0
2490	72	2.0
2490	101	4.0
2490	174	5.0
2490	180	3.0
2490	371	3.0
2490	372	4.0
2490	453	2.0
2490	475	5.0
2490	535	3.0
2490	1005	3.0
2490	1122	3.0
2490	1195	3.0
2490	1813	2.0
2490	1859	2.0
2490	1888	3.0
2490	2135	3.0
2490	2171	3.0
2490	2325	4.0
2490	2350	3.0
2490	2425	3.0
2490	2520	2.0
2490	2586	4.0
2490	2783	4.0
2490	2823	4.0
2490	2916	4.0
2490	3186	3.0
2490	3301	5.0
2490	3412	2.0
2490	3670	3.0
2490	3692	2.0
2490	3753	3.0
2490	3773	3.0
2490	3911	4.0
2490	3963	3.0
2490	4014	4.0
2490	4020	3.0
2490	4090	5.0
2490	4099	3.0
2490	4168	3.0
2490	4186	3.0
2490	4307	4.0
2490	4362	3.0
2490	4444	3.0
2490	4857	3.0
2490	4958	4.0
2490	5005	2.0
2490	5071	3.0
2490	5197	4.0
2490	5258	4.0
2490	5394	3.0
2490	5881	4.0
2490	5928	3.0
2490	6052	2.0
2490	6067	3.0
2490	6182	3.0
2490	6208	3.0
2568	289	5.0
2568	330	3.0
2568	747	3.0
2568	817	4.0
2568	913	3.0
2568	1030	3.0
2568	1076	4.0
2568	1629	3.0
2568	2135	4.0
2568	2462	3.0
2568	2824	4.0
2568	2931	2.0
2568	3239	3.0
2568	3271	4.0
2568	3371	4.0
2568	3564	4.0
2568	3613	2.0
2568	3650	4.0
2568	3876	4.0
2568	3950	3.0
2568	4256	3.0
2568	4305	3.0
2568	4517	2.0
2568	4665	3.0
2568	4668	2.0
2568	4684	5.0
2568	4924	3.0
2568	5054	3.0
2568	5222	1.0
2568	5258	3.0
2568	5302	2.0
2568	5582	3.0
2568	5670	3.0
2568	5978	3.0
2568	6262	4.0
2568	6348	3.0
2568	6691	5.0
2568	6953	4.0
2568	6957	4.0
2572	281	5.0
2572	832	5.0
2572	918	4.0
2572	1005	4.0
2572	1012	5.0
2572	1072	5.0
2572	1728	4.0
2572	2123	5.0
2572	2242	4.0
2572	2243	5.0
2572	3025	5.0
2572	3165	4.0
2572	3309	4.0
2572	3780	5.0
2572	3821	5.0
2572	3911	5.0
2572	3963	4.0
2572	4760	3.0
2572	5597	4.0
2572	5713	3.0
2572	6273	4.0
2572	6327	4.0
2572	6529	4.0
2587	170	4.0
2587	557	5.0
2587	1226	5.0
2587	1629	5.0
2587	1770	5.0
2587	3088	4.0
2587	3564	5.0
2587	3670	5.0
2587	3777	5.0
2587	3781	5.0
2587	3787	5.0
2587	3828	5.0
2587	3996	4.0
2587	4398	4.0
2587	4421	5.0
2587	4932	4.0
2587	4997	5.0
2587	5194	4.0
2587	5781	5.0
2587	6214	5.0
2587	6284	4.0
2587	6558	4.0
2587	6698	5.0
2587	6955	5.0
2602	1	4.0
2602	220	5.0
2602	375	4.0
2602	392	4.0
2602	680	5.0
2602	832	4.0
2602	856	4.0
2602	857	4.0
2602	1012	5.0
2602	1072	4.0
2602	1448	2.0
2602	1521	4.0
2602	1666	4.0
2602	1770	4.0
2602	1772	3.0
2602	1821	4.0
2602	1843	3.0
2602	1876	5.0
2602	1928	4.0
2602	2025	5.0
2602	2089	5.0
2602	2274	4.0
2602	2294	4.0
2602	3309	5.0
2602	3513	4.0
2602	3830	4.0
2602	3876	3.0
2602	3984	5.0
2602	4171	3.0
2602	4345	5.0
2602	4572	4.0
2602	4639	3.0
2602	4774	4.0
2602	4808	3.0
2602	5029	5.0
2602	5082	4.0
2602	5213	2.0
2602	5385	3.0
2602	5400	4.0
2602	5565	5.0
2602	5582	4.0
2602	5850	4.0
2602	6022	4.0
2602	6327	4.0
2635	133	3.0
2635	217	5.0
2635	220	5.0
2635	316	2.0
2635	551	3.0
2635	633	4.0
2635	676	4.0
2635	931	5.0
2635	1140	3.0
2635	1374	3.0
2635	1388	3.0
2635	1488	4.0
2635	1590	3.0
2635	1776	3.0
2635	1843	5.0
2635	2384	2.0
2635	2444	2.0
2635	2676	4.0
2635	2971	4.0
2635	3028	3.0
2635	3035	4.0
2635	3192	5.0
2635	3277	3.0
2635	3317	4.0
2635	3497	5.0
2635	3613	3.0
2635	3690	2.0
2635	3701	3.0
2635	3991	3.0
2635	4037	5.0
2635	4169	2.0
2635	4894	3.0
2635	5257	3.0
2635	5258	2.0
2635	5262	3.0
2635	5293	4.0
2635	5928	3.0
2635	6169	4.0
2635	6174	3.0
2635	6630	5.0
2635	6724	4.0
2635	6839	3.0
2635	6952	2.0
2735	29	3.0
2735	817	3.0
2735	936	3.0
2735	1071	5.0
2735	1204	4.0
2735	1266	3.0
2735	1301	5.0
2735	1728	4.0
2735	1953	1.0
2735	2135	3.0
2735	2283	2.0
2735	2431	1.0
2735	2824	3.0
2735	2910	5.0
2735	3104	5.0
2735	3215	2.0
2735	3371	4.0
2735	3568	3.0
2735	4487	2.0
2735	4706	5.0
2735	5258	5.0
2735	5347	5.0
2735	5581	3.0
2735	5686	3.0
2735	5873	3.0
2735	6795	4.0
2789	87	5.0
2789	111	3.0
2789	126	4.0
2789	552	3.0
2789	711	3.0
2789	912	2.0
2789	1137	3.0
2789	1195	5.0
2789	1421	4.0
2789	1621	4.0
2789	2462	5.0
2789	2645	4.0
2789	2801	2.0
2789	2825	4.0
2789	3492	3.0
2789	3517	3.0
2789	3649	4.0
2789	3755	4.0
2789	3781	4.0
2789	3955	5.0
2789	4056	3.0
2789	4067	3.0
2789	4161	4.0
2789	4168	2.0
2789	5005	3.0
2789	5049	3.0
2789	5236	3.0
2789	5572	4.0
2789	5732	5.0
2789	6198	2.0
2789	6691	5.0
2789	6770	4.0
2821	190	4.0
2821	912	4.0
2821	919	5.0
2821	1441	5.0
2821	1917	5.0
2821	2252	3.0
2821	2431	2.0
2821	2931	5.0
2821	3371	4.0
2821	3386	2.0
2821	3568	4.0
2821	3649	3.0
2821	3655	4.0
2821	3692	3.0
2821	4767	4.0
2821	5071	3.0
2821	5259	4.0
2821	5311	3.0
2821	5581	3.0
2821	6123	3.0
2821	6217	5.0
2821	6851	4.0
2821	6925	4.0
2856	223	5.0
2856	496	4.0
2856	509	5.0
2856	1030	4.0
2856	1159	4.0
2856	1175	4.0
2856	1506	5.0
2856	1782	4.0
2856	1802	4.0
2856	1813	5.0
2856	1827	5.0
2856	1881	5.0
2856	1956	4.0
2856	2268	5.0
2856	2422	3.0
2856	2564	5.0
2856	2603	4.0
2856	2715	5.0
2856	2818	4.0
2856	3084	5.0
2856	3307	5.0
2856	3787	2.0
2856	3803	3.0
2856	3910	5.0
2856	3945	3.0
2856	3953	4.0
2856	3977	3.0
2856	4037	5.0
2856	4053	5.0
2856	4169	3.0
2856	4349	2.0
2856	4390	3.0
2856	4421	5.0
2856	4457	4.0
2856	4596	3.0
2856	4894	4.0
2856	4932	5.0
2856	4982	3.0
2856	5236	4.0
2856	5294	5.0
2856	5389	5.0
2856	6138	4.0
2856	6154	4.0
2856	6358	5.0
2856	6646	5.0
2856	6829	4.0
2856	6881	5.0
2913	141	4.0
2913	194	4.0
2913	241	2.0
2913	594	3.0
2913	818	4.0
2913	832	4.0
2913	912	4.0
2913	980	4.0
2913	1071	3.0
2913	1076	4.0
2913	1300	4.0
2913	1352	4.0
2913	1607	3.0
2913	1782	4.0
2913	1799	4.0
2913	1826	3.0
2913	2075	3.0
2913	2104	4.0
2913	2169	3.0
2913	2322	2.0
2913	2841	2.0
2913	3056	3.0
2913	3060	3.0
2913	3592	4.0
2913	3743	3.0
2913	4307	5.0
2913	4487	2.0
2913	4608	1.0
2913	4617	2.0
2913	4854	4.0
2913	4934	5.0
2913	4951	4.0
2913	5049	3.0
2913	5575	4.0
2913	5663	5.0
2913	5698	4.0
2913	5712	4.0
2913	5789	3.0
2913	6439	4.0
2913	6561	4.0
2913	6735	5.0
2913	6916	3.0
2913	6953	3.0
