User	Movie	Rating
26	471	5.0
26	861	3.0
26	1297	4.0
26	1483	5.0
26	1584	4.0
26	1613	5.0
26	1770	5.0
26	1776	5.0
26	2350	4.0
26	2425	5.0
26	3269	3.0
26	3294	4.0
26	3517	5.0
26	3781	4.0
26	4161	4.0
26	4171	3.0
26	4187	4.0
26	4203	4.0
26	4592	5.0
26	4617	1.0
26	4922	3.0
26	4923	4.0
26	5274	3.0
26	5287	4.0
26	5294	4.0
26	5385	4.0
26	5566	5.0
26	5713	5.0
26	6182	5.0
26	6328	3.0
26	6513	2.0
88	300	5.0
88	537	4.0
88	699	4.0
88	816	5.0
88	818	5.0
88	919	5.0
88	1072	5.0
88	1076	5.0
88	1257	5.0
88	1336	5.0
88	1361	5.0
88	1400	5.0
88	1513	5.0
88	1628	5.0
88	1799	5.0
88	1808	5.0
88	2069	5.0
88	2135	5.0
88	2325	5.0
88	2356	5.0
88	2574	5.0
88	2715	5.0
88	2750	5.0
88	2839	5.0
88	2855	5.0
88	3022	4.0
88	3025	5.0
88	3026	5.0
88	3102	5.0
88	3214	5.0
88	3371	5.0
88	3570	5.0
88	3753	5.0
88	3754	5.0
88	3779	5.0
88	3876	5.0
88	4077	5.0
88	4117	4.0
88	4140	5.0
88	4186	5.0
88	4215	5.0
88	4296	5.0
88	4312	5.0
88	4459	5.0
88	4487	4.0
88	4684	5.0
88	4781	5.0
88	4857	5.0
88	4877	5.0
88	4926	4.0
88	4985	5.0
88	5328	5.0
88	5434	3.0
88	5467	5.0
88	5476	5.0
88	5575	5.0
88	5668	5.0
88	5753	5.0
88	5781	5.0
88	5810	4.0
88	5873	4.0
88	6193	5.0
88	6327	5.0
88	6350	4.0
88	6609	5.0
88	6685	5.0
88	6851	5.0
88	6881	4.0
88	6956	5.0
129	112	3.0
129	524	4.0
129	724	3.0
129	770	3.0
129	970	4.0
129	2774	3.0
129	2962	4.0
129	3431	4.0
129	3747	4.0
129	3779	4.0
129	3781	5.0
129	3787	4.0
129	4246	4.0
129	5386	4.0
129	5391	3.0
129	5507	5.0
129	5719	3.0
129	6207	3.0
129	6261	3.0
129	6378	3.0
129	6881	5.0
147	233	2.0
147	276	5.0
147	371	3.0
147	1384	4.0
147	1483	4.0
147	1594	3.0
147	1608	4.0
147	1681	3.0
147	2132	3.0
147	2196	3.0
147	2250	4.0
147	2384	4.0
147	2430	3.0
147	2501	3.0
147	2792	5.0
147	3033	3.0
147	3650	5.0
147	3690	3.0
147	3777	4.0
147	4001	5.0
147	4186	4.0
147	4457	5.0
147	4542	4.0
147	5074	3.0
147	5100	2.0
147	5124	5.0
147	5386	5.0
147	5389	5.0
147	5595	3.0
147	6150	3.0
147	6164	5.0
147	6370	4.0
152	132	4.0
152	176	2.0
152	194	1.0
152	371	3.0
152	401	3.0
152	483	1.0
152	629	2.0
152	797	1.0
152	1397	4.0
152	1415	3.0
152	1587	3.0
152	1588	3.0
152	1607	1.0
152	1632	4.0
152	1681	4.0
152	1738	4.0
152	2029	5.0
152	2384	3.0
152	2460	4.0
152	2714	4.0
152	2758	5.0
152	3130	4.0
152	3196	5.0
152	3269	5.0
152	3331	3.0
152	3527	1.0
152	3630	2.0
152	3670	4.0
152	4054	3.0
152	4172	3.0
152	4186	5.0
152	4323	4.0
152	4673	3.0
152	4781	5.0
152	4922	3.0
152	4927	5.0
152	5100	4.0
152	5124	5.0
152	5386	4.0
152	5430	1.0
152	5440	3.0
152	5515	4.0
152	5534	4.0
152	5719	5.0
152	5800	3.0
152	6203	4.0
152	6217	5.0
152	6469	4.0
152	6637	4.0
152	6953	5.0
158	7	4.0
158	176	1.0
158	180	5.0
158	453	5.0
158	475	4.0
158	547	3.0
158	649	4.0
158	680	5.0
158	699	4.0
158	923	2.0
158	946	5.0
158	1105	3.0
158	1247	4.0
158	1263	3.0
158	1759	4.0
158	1782	4.0
158	1799	5.0
158	1808	4.0
158	1933	3.0
158	1941	4.0
158	2028	5.0
158	2274	4.0
158	2307	4.0
158	2717	4.0
158	2839	4.0
158	2931	5.0
158	3046	4.0
158	3248	4.0
158	3564	3.0
158	3668	3.0
158	3717	3.0
158	3923	4.0
158	4053	4.0
158	4159	4.0
158	4186	4.0
158	4246	4.0
158	4258	4.0
158	4296	4.0
158	4487	4.0
158	4513	1.0
158	4560	3.0
158	4695	4.0
158	4854	3.0
158	4889	3.0
158	4923	4.0
158	4928	5.0
158	5057	5.0
158	5124	5.0
158	5150	3.0
158	5247	5.0
158	5266	5.0
158	5283	3.0
158	5344	4.0
158	5389	5.0
158	5423	3.0
158	5476	4.0
158	5566	4.0
158	5581	3.0
158	5686	3.0
158	6208	4.0
158	6577	4.0
158	6826	5.0
158	6887	3.0
158	6955	5.0
163	2	4.0
163	170	5.0
163	174	5.0
163	180	5.0
163	817	5.0
163	1180	4.0
163	1396	5.0
163	1441	4.0
163	2079	5.0
163	2186	4.0
163	2365	4.0
163	2462	3.0
163	2546	3.0
163	3024	5.0
163	3145	5.0
163	3422	4.0
163	3564	5.0
163	3777	5.0
163	3911	4.0
163	4743	5.0
163	5297	5.0
163	5795	5.0
163	5873	5.0
163	6629	4.0
182	223	5.0
182	276	3.0
182	289	4.0
182	2242	3.0
182	2825	4.0
182	3024	4.0
182	3062	3.0
182	3670	5.0
182	3781	5.0
182	3950	4.0
182	4161	4.0
182	4459	5.0
182	4596	3.0
182	4727	3.0
182	4885	4.0
182	4923	5.0
182	4926	5.0
182	5394	4.0
182	6066	4.0
182	6182	4.0
182	6493	2.0
182	6922	5.0
182	6928	3.0
326	174	4.0
326	223	4.0
326	605	4.0
326	1171	3.0
326	1248	3.0
326	1432	4.0
326	1441	3.0
326	2029	4.0
326	2069	4.0
326	2361	4.0
326	2630	3.0
326	3102	3.0
326	3192	4.0
326	3193	4.0
326	3255	3.0
326	3432	3.0
326	3513	4.0
326	3751	3.0
326	3905	3.0
326	4256	5.0
326	4527	3.0
326	4728	3.0
326	4924	4.0
326	5664	3.0
326	5950	3.0
326	6173	3.0
326	6327	3.0
326	6878	4.0
326	6879	4.0
391	174	5.0
391	223	5.0
391	234	4.0
391	323	3.0
391	649	5.0
391	808	4.0
391	827	4.0
391	1077	5.0
391	1171	3.0
391	1300	4.0
391	1516	4.0
391	1799	5.0
391	1953	2.0
391	2089	4.0
391	2135	5.0
391	3024	5.0
391	3564	5.0
391	3781	5.0
391	3905	4.0
391	4110	4.0
391	4117	4.0
391	4323	4.0
391	4617	3.0
391	4726	3.0
391	4748	4.0
391	5387	3.0
391	5991	4.0
391	6208	5.0
391	6683	4.0
391	6731	4.0
391	6878	4.0
391	6962	4.0
393	708	3.0
393	1679	5.0
393	2133	4.0
393	2421	5.0
393	2739	4.0
393	3102	4.0
393	3570	3.0
393	3649	3.0
393	3650	3.0
393	3754	4.0
393	3781	5.0
393	3948	3.0
393	3953	3.0
393	4239	5.0
393	4248	5.0
393	4295	5.0
393	4459	4.0
393	5274	4.0
393	5386	3.0
393	5407	5.0
408	174	4.0
408	238	4.0
408	281	3.0
408	304	4.0
408	629	3.0
408	770	3.0
408	821	5.0
408	1450	4.0
408	1674	4.0
408	1812	4.0
408	1827	4.0
408	1925	4.0
408	2501	4.0
408	2976	4.0
408	3021	4.0
408	3102	4.0
408	3106	3.0
408	3423	5.0
408	3533	3.0
408	3650	4.0
408	3781	4.0
408	4135	3.0
408	5116	4.0
408	5389	4.0
408	5423	4.0
408	5582	4.0
408	5850	3.0
408	6199	3.0
408	6849	3.0
408	6923	2.0
408	6927	3.0
506	96	4.0
506	190	4.0
506	276	5.0
506	375	4.0
506	699	4.0
506	857	5.0
506	1005	4.0
506	1171	2.0
506	1400	5.0
506	1536	3.0
506	1681	5.0
506	1723	3.0
506	1847	4.0
506	2248	4.0
506	2274	4.0
506	2739	4.0
506	2779	5.0
506	2792	5.0
506	3028	5.0
506	3440	4.0
506	3650	4.0
506	3717	4.0
506	3874	4.0
506	4468	4.0
506	4794	4.0
506	4924	5.0
506	5274	4.0
506	6010	4.0
506	6370	5.0
506	6695	4.0
830	112	4.0
830	180	5.0
830	222	5.0
830	223	5.0
830	535	5.0
830	668	5.0
830	696	4.0
830	729	3.0
830	1061	4.0
830	1079	4.0
830	1116	4.0
830	1513	4.0
830	1631	4.0
830	1876	5.0
830	1964	4.0
830	2141	5.0
830	2196	5.0
830	2304	4.0
830	2365	4.0
830	2574	4.0
830	2706	5.0
830	2739	5.0
830	3024	5.0
830	3170	4.0
830	3455	5.0
830	3908	4.0
830	4072	4.0
830	4289	4.0
830	4295	5.0
830	4501	4.0
830	4523	4.0
830	4671	5.0
830	4743	5.0
830	4791	5.0
830	4889	5.0
830	5108	5.0
830	5136	4.0
830	5253	5.0
830	5274	5.0
830	5294	5.0
830	5394	5.0
830	5795	4.0
830	6022	4.0
878	174	5.0
878	219	4.0
878	350	5.0
878	471	4.0
878	929	5.0
878	1080	4.0
878	1158	4.0
878	1162	4.0
878	1398	5.0
878	1881	4.0
878	1956	3.0
878	2100	5.0
878	2357	5.0
878	2544	3.0
878	2995	4.0
878	3025	4.0
878	3126	3.0
878	3709	4.0
878	3722	3.0
878	3791	4.0
878	3794	5.0
878	3874	5.0
878	3962	4.0
878	4161	4.0
878	4341	5.0
878	4380	4.0
878	4392	4.0
878	4457	5.0
878	4685	5.0
878	4748	4.0
878	4889	4.0
878	4923	5.0
878	5389	5.0
878	5467	4.0
878	5821	3.0
878	6056	5.0
878	6350	3.0
878	6609	4.0
878	6687	5.0
878	6955	5.0
881	220	4.0
881	281	5.0
881	353	3.0
881	649	5.0
881	680	4.0
881	827	3.0
881	832	5.0
881	1012	3.0
881	1722	5.0
881	1776	5.0
881	1799	3.0
881	2220	4.0
881	2242	5.0
881	2274	4.0
881	3024	5.0
881	3027	4.0
881	3033	4.0
881	3307	3.0
881	3371	3.0
881	3655	3.0
881	3781	5.0
881	4053	5.0
881	4187	4.0
881	4206	4.0
881	4684	4.0
881	4748	3.0
881	4927	5.0
881	5573	5.0
881	5664	3.0
881	6208	4.0
881	6253	4.0
881	6851	4.0
881	6852	4.0
881	6878	3.0
881	6923	3.0
881	6927	3.0
881	6963	3.0
913	46	4.0
913	130	3.0
913	170	5.0
913	177	5.0
913	194	4.0
913	217	5.0
913	222	5.0
913	223	5.0
913	279	5.0
913	309	5.0
913	337	2.0
913	350	5.0
913	359	2.0
913	459	3.0
913	535	5.0
913	549	4.0
913	649	5.0
913	680	5.0
913	714	5.0
913	808	2.0
913	817	4.0
913	827	3.0
913	887	3.0
913	1077	3.0
913	1159	3.0
913	1187	4.0
913	1329	4.0
913	1377	4.0
913	1432	5.0
913	1483	4.0
913	1488	5.0
913	1521	3.0
913	1684	3.0
913	1728	5.0
913	1819	4.0
913	1885	2.0
913	1931	3.0
913	1972	4.0
913	2010	3.0
913	2132	5.0
913	2133	4.0
913	2135	5.0
913	2179	1.0
913	2180	5.0
913	2186	3.0
913	2250	5.0
913	2326	5.0
913	2339	4.0
913	2431	4.0
913	2458	5.0
913	2477	4.0
913	2486	4.0
913	2515	5.0
913	2519	3.0
913	2531	5.0
913	2535	4.0
913	2627	5.0
913	2702	4.0
913	2717	3.0
913	2859	5.0
913	3027	5.0
913	3062	5.0
913	3102	5.0
913	3103	5.0
913	3186	5.0
913	3213	4.0
913	3371	5.0
913	3373	5.0
913	3409	4.0
913	3412	3.0
913	3521	5.0
913	3527	3.0
913	3528	4.0
913	3535	5.0
913	3555	2.0
913	3564	4.0
913	3601	5.0
913	3615	3.0
913	3650	5.0
913	3675	4.0
913	3676	5.0
913	3679	5.0
913	3680	1.0
913	3711	5.0
913	3796	5.0
913	3856	2.0
913	4001	4.0
913	4094	3.0
913	4164	3.0
913	4187	5.0
913	4203	5.0
913	4305	5.0
913	4307	5.0
913	4392	4.0
913	4421	5.0
913	4437	3.0
913	4438	5.0
913	4441	5.0
913	4462	4.0
913	4617	3.0
913	4619	2.0
913	4637	5.0
913	4665	4.0
913	4666	5.0
913	4695	5.0
913	4726	3.0
913	4774	4.0
913	4791	5.0
913	4889	5.0
913	4916	2.0
913	4920	5.0
913	4928	5.0
913	4951	3.0
913	4983	4.0
913	5000	4.0
913	5084	3.0
913	5178	5.0
913	5190	3.0
913	5193	1.0
913	5236	3.0
913	5250	5.0
913	5294	5.0
913	5364	3.0
913	5401	4.0
913	5423	4.0
913	5432	3.0
913	5559	4.0
913	5575	5.0
913	5581	3.0
913	5597	4.0
913	5663	5.0
913	5664	5.0
913	5725	4.0
913	5780	5.0
913	5800	3.0
913	5805	3.0
913	5872	4.0
913	5876	5.0
913	5879	4.0
913	5962	3.0
913	6023	5.0
913	6182	4.0
913	6199	4.0
913	6283	3.0
913	6301	5.0
913	6302	4.0
913	6307	3.0
913	6427	5.0
913	6433	5.0
913	6484	3.0
913	6536	4.0
913	6561	2.0
913	6597	5.0
913	6622	5.0
913	6666	4.0
913	6681	3.0
913	6685	5.0
913	6691	5.0
913	6693	1.0
913	6772	4.0
913	6773	5.0
913	6774	4.0
913	6877	4.0
913	6910	4.0
913	6955	4.0
1056	133	5.0
1056	190	5.0
1056	220	5.0
1056	353	5.0
1056	601	3.0
1056	678	4.0
1056	793	5.0
1056	1361	3.0
1056	1400	5.0
1056	1483	4.0
1056	1617	5.0
1056	1628	5.0
1056	1799	3.0
1056	2135	5.0
1056	2220	5.0
1056	2242	5.0
1056	2243	4.0
1056	2325	4.0
1056	2839	3.0
1056	2859	3.0
1056	3022	3.0
1056	3033	3.0
1056	3517	4.0
1056	3781	5.0
1056	3955	5.0
1056	4296	4.0
1056	4684	4.0
1056	4748	4.0
1056	4982	5.0
1056	5328	4.0
1056	5575	5.0
1056	5664	4.0
1056	5873	3.0
1056	6327	4.0
1056	6685	4.0
1056	6927	4.0
1056	6953	4.0
1068	190	4.0
1068	192	3.0
1068	300	5.0
1068	341	3.0
1068	512	5.0
1068	613	4.0
1068	681	3.0
1068	831	4.0
1068	1001	4.0
1068	1012	5.0
1068	1336	5.0
1068	1400	4.0
1068	1458	3.0
1068	1728	5.0
1068	2017	5.0
1068	2122	4.0
1068	2274	4.0
1068	2384	4.0
1068	2509	3.0
1068	2721	4.0
1068	2959	5.0
1068	3025	5.0
1068	3144	4.0
1068	3409	3.0
1068	3449	4.0
1068	3564	5.0
1068	3655	5.0
1068	3781	5.0
1068	3796	3.0
1068	3874	4.0
1068	4161	5.0
1068	4171	5.0
1068	4206	4.0
1068	4236	3.0
1068	4307	5.0
1068	4309	3.0
1068	4457	5.0
1068	4915	5.0
1068	4927	5.0
1068	4928	4.0
1068	5187	4.0
1068	5297	3.0
1068	5394	5.0
1068	5515	4.0
1068	5606	4.0
1068	5936	4.0
1068	6010	4.0
1068	6275	4.0
1068	6574	5.0
1068	6963	4.0
1068	6969	5.0
1223	144	3.0
1223	180	3.0
1223	217	4.0
1223	385	3.0
1223	473	1.0
1223	656	3.0
1223	793	3.0
1223	835	2.0
1223	1106	3.0
1223	1166	2.0
1223	1323	3.0
1223	1400	4.0
1223	1536	3.0
1223	1611	5.0
1223	1754	3.0
1223	1964	1.0
1223	2274	3.0
1223	2722	2.0
1223	2741	4.0
1223	2847	3.0
1223	2939	5.0
1223	2959	5.0
1223	3024	4.0
1223	3025	3.0
1223	3028	4.0
1223	3302	4.0
1223	3362	3.0
1223	3532	3.0
1223	3567	2.0
1223	3707	2.0
1223	3717	4.0
1223	3777	2.0
1223	3980	4.0
1223	4274	1.0
1223	4386	3.0
1223	4509	3.0
1223	4752	3.0
1223	4982	5.0
1223	5258	2.0
1223	5295	4.0
1223	5296	2.0
1223	5400	2.0
1223	5516	2.0
1223	5591	1.0
1223	5594	4.0
1223	5657	2.0
1223	5664	3.0
1223	5836	3.0
1223	5973	4.0
1223	6010	4.0
1223	6052	2.0
1223	6104	3.0
1223	6106	2.0
1223	6199	1.0
1223	6268	2.0
1223	6313	4.0
1223	6426	4.0
1223	6536	3.0
1223	6691	5.0
1223	6884	4.0
1223	6923	3.0
1223	6956	4.0
1223	6969	3.0
1232	161	5.0
1232	799	4.0
1232	817	4.0
1232	960	4.0
1232	1076	4.0
1232	1352	3.0
1232	1424	5.0
1232	1563	4.0
1232	1577	5.0
1232	1617	5.0
1232	1717	4.0
1232	2135	5.0
1232	2515	4.0
1232	2520	4.0
1232	2859	4.0
1232	3022	4.0
1232	3185	3.0
1232	3563	4.0
1232	4296	4.0
1232	4349	4.0
1232	4387	4.0
1232	4638	5.0
1232	4684	4.0
1232	4928	4.0
1232	5256	4.0
1232	5384	4.0
1232	5386	4.0
1232	5426	4.0
1232	5472	5.0
1232	6438	3.0
1232	6511	4.0
1232	6690	4.0
1232	6691	5.0
1232	6925	4.0
1275	223	5.0
1275	300	3.0
1275	353	4.0
1275	649	4.0
1275	793	4.0
1275	818	4.0
1275	827	4.0
1275	1488	4.0
1275	1617	4.0
1275	2939	5.0
1275	3025	5.0
1275	3517	4.0
1275	3717	5.0
1275	3955	3.0
1275	4307	5.0
1275	4456	3.0
1275	4982	5.0
1275	6600	5.0
1275	6609	4.0
1275	6691	5.0
1275	6969	4.0
1318	1377	4.0
1318	1521	5.0
1318	1743	5.0
1318	2752	4.0
1318	2757	4.0
1318	2859	5.0
1318	2960	5.0
1318	3089	5.0
1318	3418	5.0
1318	3463	3.0
1318	3627	3.0
1318	3781	5.0
1318	4065	5.0
1318	4323	5.0
1318	4457	5.0
1318	4553	5.0
1318	5015	5.0
1318	6199	4.0
1318	6232	5.0
1318	6479	4.0
1318	6539	4.0
1318	6601	3.0
1322	174	4.0
1322	243	4.0
1322	319	5.0
1322	353	4.0
1322	681	4.0
1322	703	4.0
1322	770	3.0
1322	797	3.0
1322	832	5.0
1322	936	3.0
1322	1061	5.0
1322	1074	3.0
1322	1772	4.0
1322	1881	4.0
1322	2517	4.0
1322	2541	4.0
1322	2774	3.0
1322	3371	5.0
1322	3680	2.0
1322	3690	4.0
1322	4135	3.0
1322	4180	2.0
1322	4673	3.0
1322	4831	3.0
1322	4947	4.0
1322	5082	4.0
1322	5100	4.0
1322	5193	3.0
1322	5221	4.0
1322	5389	4.0
1322	5582	4.0
1322	5909	3.0
1322	6449	4.0
1322	6927	4.0
1328	174	5.0
1328	180	4.0
1328	219	5.0
1328	226	4.0
1328	232	3.0
1328	260	4.0
1328	386	4.0
1328	601	4.0
1328	818	4.0
1328	861	3.0
1328	912	5.0
1328	919	5.0
1328	1010	3.0
1328	1030	5.0
1328	1074	5.0
1328	1077	4.0
1328	1080	3.0
1328	1125	4.0
1328	1166	4.0
1328	1361	5.0
1328	1398	3.0
1328	1585	4.0
1328	1629	4.0
1328	1634	3.0
1328	1679	3.0
1328	1754	4.0
1328	1770	5.0
1328	2248	4.0
1328	2294	2.0
1328	2299	5.0
1328	2356	3.0
1328	2574	3.0
1328	2763	3.0
1328	2958	4.0
1328	3022	4.0
1328	3028	4.0
1328	3033	4.0
1328	3067	4.0
1328	3089	4.0
1328	3151	5.0
1328	3268	3.0
1328	3296	3.0
1328	3326	5.0
1328	3341	5.0
1328	3532	4.0
1328	3535	4.0
1328	3563	2.0
1328	3587	3.0
1328	3764	5.0
1328	3777	5.0
1328	3794	5.0
1328	3856	4.0
1328	4072	5.0
1328	4189	4.0
1328	4194	4.0
1328	4296	4.0
1328	4404	4.0
1328	4457	5.0
1328	4459	3.0
1328	4549	3.0
1328	4618	4.0
1328	4665	5.0
1328	4684	5.0
1328	4748	4.0
1328	4774	3.0
1328	4860	3.0
1328	4889	5.0
1328	4923	5.0
1328	4926	4.0
1328	5082	3.0
1328	5133	3.0
1328	5134	3.0
1328	5138	3.0
1328	5151	3.0
1328	5293	4.0
1328	5304	3.0
1328	5386	5.0
1328	5389	5.0
1328	5394	4.0
1328	5434	5.0
1328	5508	3.0
1328	5538	5.0
1328	5557	4.0
1328	5573	5.0
1328	5645	4.0
1328	5664	5.0
1328	5697	4.0
1328	5998	5.0
1328	6055	4.0
1328	6056	3.0
1328	6107	3.0
1328	6186	5.0
1328	6190	5.0
1328	6543	3.0
1328	6580	4.0
1328	6584	4.0
1328	6629	5.0
1328	6709	3.0
1328	6955	5.0
1328	6963	4.0
1328	6969	5.0
1442	174	5.0
1442	223	5.0
1442	551	5.0
1442	607	5.0
1442	789	4.0
1442	929	3.0
1442	1072	4.0
1442	1248	5.0
1442	1776	5.0
1442	2008	5.0
1442	2069	5.0
1442	2141	5.0
1442	2245	3.0
1442	2350	5.0
1442	2365	3.0
1442	2483	5.0
1442	2903	3.0
1442	3024	5.0
1442	3025	5.0
1442	3102	5.0
1442	3110	4.0
1442	3587	2.0
1442	3962	3.0
1442	4127	4.0
1442	4390	4.0
1442	4392	4.0
1442	4457	4.0
1442	4640	1.0
1442	4743	4.0
1442	5387	5.0
1442	5489	3.0
1442	5873	5.0
1442	6229	4.0
1442	6273	3.0
1442	6687	4.0
1442	6909	3.0
1442	6952	2.0
1465	223	5.0
1465	281	5.0
1465	649	3.0
1465	817	4.0
1465	819	3.0
1465	1361	4.0
1465	1776	5.0
1465	2069	3.0
1465	2501	5.0
1465	2699	3.0
1465	2739	5.0
1465	2907	5.0
1465	2999	4.0
1465	3517	3.0
1465	3613	4.0
1465	3707	4.0
1465	3754	5.0
1465	3777	5.0
1465	3874	5.0
1465	4295	4.0
1465	4307	4.0
1465	4519	4.0
1465	4521	3.0
1465	5252	3.0
1465	5274	5.0
1465	5294	3.0
1465	5355	3.0
1465	5386	3.0
1465	5387	3.0
1465	5389	5.0
1465	5669	4.0
1465	6061	2.0
1465	6145	3.0
1465	6196	3.0
1465	6682	4.0
1465	6969	4.0
1541	96	4.0
1541	399	4.0
1541	434	3.0
1541	437	3.0
1541	449	4.0
1541	605	5.0
1541	680	5.0
1541	756	3.0
1541	818	3.0
1541	821	5.0
1541	827	3.0
1541	958	4.0
1541	1043	2.0
1541	1072	2.0
1541	2242	3.0
1541	2356	2.0
1541	2520	5.0
1541	2549	2.0
1541	2749	3.0
1541	2859	5.0
1541	3024	3.0
1541	3026	4.0
1541	3102	5.0
1541	3149	3.0
1541	3213	4.0
1541	4053	3.0
1541	4353	5.0
1541	4684	5.0
1541	5052	4.0
1541	5124	3.0
1541	5216	4.0
1541	5410	4.0
1541	5434	5.0
1541	5608	4.0
1541	6685	4.0
1541	6851	3.0
1541	6925	4.0
1541	6932	1.0
1541	6955	5.0
1613	215	5.0
1613	348	2.0
1613	353	4.0
1613	369	4.0
1613	606	5.0
1613	699	5.0
1613	793	4.0
1613	818	5.0
1613	819	3.0
1613	830	4.0
1613	931	5.0
1613	955	1.0
1613	1068	3.0
1613	1125	5.0
1613	1587	4.0
1613	1607	1.0
1613	1617	5.0
1613	1634	5.0
1613	1859	3.0
1613	1867	5.0
1613	1876	5.0
1613	1888	2.0
1613	2028	4.0
1613	2132	5.0
1613	2221	3.0
1613	2279	3.0
1613	2339	5.0
1613	2509	2.0
1613	2611	2.0
1613	2818	3.0
1613	2846	5.0
1613	2886	4.0
1613	3170	3.0
1613	3192	5.0
1613	3222	3.0
1613	3270	5.0
1613	3309	3.0
1613	3377	5.0
1613	3517	3.0
1613	3650	3.0
1613	3676	4.0
1613	3739	3.0
1613	3781	4.0
1613	3794	4.0
1613	3842	4.0
1613	3905	3.0
1613	3910	3.0
1613	3972	5.0
1613	4094	5.0
1613	4101	4.0
1613	4124	3.0
1613	4143	4.0
1613	4307	5.0
1613	4781	5.0
1613	4928	4.0
1613	4948	5.0
1613	4959	5.0
1613	5057	5.0
1613	5161	2.0
1613	5194	2.0
1613	5209	2.0
1613	5315	3.0
1613	5417	3.0
1613	5489	3.0
1613	5569	2.0
1613	5710	4.0
1613	5827	3.0
1613	6084	1.0
1613	6175	5.0
1613	6179	2.0
1613	6539	3.0
1613	6691	5.0
1613	6695	5.0
1613	6742	3.0
1613	6796	5.0
1613	6807	5.0
1613	6884	5.0
1759	133	1.0
1759	257	5.0
1759	353	4.0
1759	655	4.0
1759	817	4.0
1759	832	5.0
1759	1248	5.0
1759	1573	3.0
1759	1732	3.0
1759	2041	4.0
1759	2180	4.0
1759	2606	5.0
1759	2939	5.0
1759	3026	4.0
1759	3123	4.0
1759	3794	5.0
1759	3884	5.0
1759	4237	5.0
1759	4238	5.0
1759	4307	3.0
1759	4390	5.0
1759	4523	3.0
1759	4592	5.0
1759	4727	3.0
1759	4982	4.0
1759	5698	4.0
1759	6687	4.0
1759	6691	5.0
1775	180	5.0
1775	190	4.0
1775	223	4.0
1775	289	3.0
1775	402	4.0
1775	500	3.0
1775	535	4.0
1775	699	4.0
1775	793	4.0
1775	832	4.0
1775	1061	4.0
1775	1195	4.0
1775	1384	3.0
1775	1964	3.0
1775	2225	3.0
1775	2298	3.0
1775	2792	4.0
1775	2859	3.0
1775	3024	4.0
1775	3295	3.0
1775	3777	4.0
1775	3791	4.0
1775	3876	3.0
1775	4171	1.0
1775	4246	4.0
1775	4453	4.0
1775	4743	4.0
1775	4982	4.0
1775	5266	4.0
1775	5573	4.0
1775	5753	4.0
1775	5827	4.0
1775	5873	4.0
1775	5910	2.0
1775	6523	4.0
1775	6574	5.0
1775	6956	3.0
1775	6962	3.0
1775	6969	4.0
1790	61	3.0
1790	170	4.0
1790	180	5.0
1790	221	4.0
1790	300	5.0
1790	500	4.0
1790	629	3.0
1790	657	4.0
1790	734	4.0
1790	747	4.0
1790	793	5.0
1790	912	4.0
1790	1061	5.0
1790	1070	4.0
1790	1071	3.0
1790	1298	3.0
1790	1377	5.0
1790	1421	4.0
1790	1458	3.0
1790	1532	3.0
1790	1799	4.0
1790	1881	4.0
1790	2030	3.0
1790	2135	4.0
1790	2197	4.0
1790	2242	4.0
1790	2528	4.0
1790	2599	4.0
1790	2706	5.0
1790	2839	4.0
1790	2928	4.0
1790	3099	4.0
1790	3102	5.0
1790	3319	4.0
1790	3407	3.0
1790	3777	5.0
1790	3794	5.0
1790	3873	4.0
1790	4216	4.0
1790	4307	4.0
1790	4487	4.0
1790	4511	4.0
1790	4612	4.0
1790	4617	3.0
1790	4684	4.0
1790	4729	4.0
1790	5005	4.0
1790	5055	4.0
1790	5150	3.0
1790	5191	3.0
1790	5386	4.0
1790	5479	4.0
1790	5572	4.0
1790	5668	5.0
1790	5719	3.0
1790	5806	4.0
1790	5873	5.0
1790	5973	4.0
1790	6136	4.0
1790	6273	3.0
1790	6328	4.0
1790	6355	4.0
1790	6594	4.0
1790	6691	5.0
1790	6953	4.0
1877	3	3.0
1877	88	4.0
1877	96	4.0
1877	174	4.0
1877	217	5.0
1877	223	5.0
1877	226	4.0
1877	229	3.0
1877	294	5.0
1877	475	4.0
1877	513	3.0
1877	514	3.0
1877	649	4.0
1877	657	3.0
1877	680	4.0
1877	726	4.0
1877	827	4.0
1877	861	3.0
1877	1055	3.0
1877	1072	5.0
1877	1077	3.0
1877	1361	5.0
1877	1468	3.0
1877	1587	3.0
1877	1647	4.0
1877	1808	4.0
1877	2014	3.0
1877	2031	2.0
1877	2128	3.0
1877	2135	4.0
1877	2223	4.0
1877	2242	4.0
1877	2350	4.0
1877	2425	3.0
1877	2509	3.0
1877	2549	4.0
1877	2574	4.0
1877	2627	4.0
1877	2633	3.0
1877	2664	5.0
1877	2706	4.0
1877	2709	3.0
1877	2757	4.0
1877	2825	4.0
1877	2842	3.0
1877	2968	3.0
1877	3024	5.0
1877	3075	3.0
1877	3103	3.0
1877	3192	4.0
1877	3238	3.0
1877	3239	4.0
1877	3253	3.0
1877	3270	5.0
1877	3296	5.0
1877	3307	4.0
1877	3331	3.0
1877	3339	4.0
1877	3354	3.0
1877	3371	4.0
1877	3445	5.0
1877	3451	4.0
1877	3486	3.0
1877	3570	4.0
1877	3575	2.0
1877	3594	3.0
1877	3629	3.0
1877	3673	3.0
1877	3679	3.0
1877	3714	3.0
1877	3777	4.0
1877	3791	5.0
1877	3794	4.0
1877	3838	5.0
1877	3856	4.0
1877	3911	3.0
1877	4056	3.0
1877	4065	3.0
1877	4172	3.0
1877	4187	4.0
1877	4189	3.0
1877	4191	4.0
1877	4202	4.0
1877	4208	5.0
1877	4295	4.0
1877	4307	4.0
1877	4386	4.0
1877	4455	3.0
1877	4457	5.0
1877	4593	3.0
1877	4596	3.0
1877	4658	4.0
1877	4791	4.0
1877	4910	3.0
1877	4982	4.0
1877	4985	5.0
1877	4995	3.0
1877	5035	2.0
1877	5037	5.0
1877	5057	3.0
1877	5139	3.0
1877	5158	3.0
1877	5178	4.0
1877	5286	4.0
1877	5304	3.0
1877	5347	5.0
1877	5390	4.0
1877	5391	3.0
1877	5401	3.0
1877	5432	4.0
1877	5500	4.0
1877	5573	5.0
1877	5575	4.0
1877	5591	4.0
1877	5642	3.0
1877	5645	3.0
1877	5691	4.0
1877	5725	3.0
1877	5844	5.0
1877	6148	4.0
1877	6199	3.0
1877	6253	4.0
1877	6255	3.0
1877	6415	2.0
1877	6426	4.0
1877	6446	3.0
1877	6567	4.0
1877	6580	4.0
1877	6584	4.0
1877	6656	4.0
1877	6659	3.0
1877	6664	4.0
1877	6695	4.0
1877	6774	3.0
1877	6797	3.0
1877	6808	4.0
1877	6837	3.0
1877	6877	3.0
1877	6922	3.0
1877	6949	5.0
1877	6955	5.0
1877	6969	5.0
1881	31	4.0
1881	117	3.0
1881	141	3.0
1881	210	5.0
1881	270	4.0
1881	523	4.0
1881	626	5.0
1881	642	4.0
1881	643	4.0
1881	680	4.0
1881	827	4.0
1881	832	5.0
1881	1076	5.0
1881	1301	4.0
1881	1494	4.0
1881	1517	4.0
1881	1550	4.0
1881	1585	4.0
1881	1658	5.0
1881	1782	3.0
1881	1813	4.0
1881	1981	3.0
1881	2017	3.0
1881	2029	5.0
1881	2069	5.0
1881	2188	4.0
1881	2375	4.0
1881	2475	3.0
1881	2693	5.0
1881	2788	5.0
1881	2823	4.0
1881	2962	4.0
1881	3024	5.0
1881	3060	4.0
1881	3151	5.0
1881	3192	4.0
1881	3280	5.0
1881	3436	3.0
1881	3511	4.0
1881	3538	3.0
1881	3555	2.0
1881	3655	5.0
1881	4001	4.0
1881	4018	4.0
1881	4025	4.0
1881	4033	4.0
1881	4037	3.0
1881	4108	4.0
1881	4180	3.0
1881	4187	4.0
1881	4500	4.0
1881	4541	3.0
1881	4889	4.0
1881	5079	4.0
1881	5159	4.0
1881	5207	5.0
1881	5262	3.0
1881	5507	4.0
1881	5572	4.0
1881	5597	5.0
1881	5662	5.0
1881	5664	5.0
1881	6123	3.0
1881	6208	5.0
1881	6384	4.0
1881	6561	3.0
1881	6776	4.0
1881	6927	4.0
1907	1	5.0
1907	613	4.0
1907	1177	4.0
1907	1378	3.0
1907	1779	3.0
1907	1962	4.0
1907	2609	3.0
1907	2717	5.0
1907	2818	4.0
1907	3295	5.0
1907	3670	4.0
1907	3781	5.0
1907	4146	4.0
1907	4186	5.0
1907	4923	5.0
1907	4927	5.0
1907	5053	5.0
1907	5252	4.0
1907	5258	4.0
1907	5294	5.0
1907	5344	3.0
1907	5385	5.0
1907	5410	5.0
1907	5538	3.0
1907	5850	3.0
1907	6182	5.0
1907	6396	5.0
1907	6584	4.0
1907	6706	3.0
1984	1	3.0
1984	180	4.0
1984	217	5.0
1984	474	3.0
1984	500	4.0
1984	699	5.0
1984	929	4.0
1984	1329	4.0
1984	1384	4.0
1984	1527	5.0
1984	2017	4.0
1984	2462	5.0
1984	2512	4.0
1984	2613	3.0
1984	3024	5.0
1984	3087	5.0
1984	3517	5.0
1984	3791	4.0
1984	3946	3.0
1984	4312	5.0
1984	4349	4.0
1984	4676	3.0
1984	4743	5.0
1984	4791	4.0
1984	4926	5.0
1984	5145	2.0
1984	5297	4.0
1984	5664	5.0
1984	6537	4.0
1984	6577	4.0
1984	6923	5.0
1984	6969	5.0
2002	353	4.0
2002	605	4.0
2002	821	4.0
2002	1263	4.0
2002	2242	5.0
2002	2283	4.0
2002	2715	5.0
2002	2931	4.0
2002	3295	4.0
2002	3781	4.0
2002	3796	5.0
2002	4186	5.0
2002	4246	5.0
2002	4296	5.0
2002	4323	4.0
2002	4457	5.0
2002	4459	5.0
2002	4487	4.0
2002	4982	5.0
2002	5124	4.0
2002	5323	4.0
2002	5719	3.0
2002	6196	5.0
2002	6479	3.0
2002	6691	4.0
2002	6881	5.0
2002	6955	5.0
2012	339	3.0
2012	475	4.0
2012	500	4.0
2012	629	2.0
2012	649	4.0
2012	681	4.0
2012	808	3.0
2012	827	5.0
2012	918	5.0
2012	1070	3.0
2012	1171	2.0
2012	1276	4.0
2012	1308	4.0
2012	1488	5.0
2012	1492	3.0
2012	1557	5.0
2012	1674	3.0
2012	1728	4.0
2012	1776	3.0
2012	2274	3.0
2012	2325	4.0
2012	2384	3.0
2012	2509	3.0
2012	2657	5.0
2012	2739	4.0
2012	2786	3.0
2012	2855	4.0
2012	2940	4.0
2012	3055	5.0
2012	3229	4.0
2012	3650	4.0
2012	3690	3.0
2012	3777	5.0
2012	3781	5.0
2012	3794	4.0
2012	4171	2.0
2012	4309	4.0
2012	4385	4.0
2012	4686	4.0
2012	4695	4.0
2012	4928	5.0
2012	5100	2.0
2012	5191	4.0
2012	5389	5.0
2012	5459	4.0
2012	5508	3.0
2012	5582	1.0
2012	5696	1.0
2012	5719	3.0
2012	5780	5.0
2012	6270	4.0
2012	6600	3.0
2012	6769	4.0
2012	6895	4.0
2012	6953	4.0
2012	6969	3.0
2015	180	4.0
2015	223	5.0
2015	276	4.0
2015	514	4.0
2015	649	4.0
2015	681	4.0
2015	793	4.0
2015	1195	5.0
2015	1263	4.0
2015	1728	5.0
2015	2242	5.0
2015	2274	4.0
2015	2350	4.0
2015	2717	4.0
2015	3033	5.0
2015	3517	5.0
2015	3955	4.0
2015	4053	4.0
2015	4316	3.0
2015	4453	3.0
2015	4620	5.0
2015	4889	4.0
2015	4923	4.0
2015	5124	5.0
2015	5386	4.0
2015	5394	4.0
2015	5445	3.0
2015	5663	4.0
2015	6232	4.0
2015	6956	4.0
2015	6963	3.0
2130	95	4.0
2130	161	5.0
2130	220	4.0
2130	514	5.0
2130	557	4.0
2130	656	4.0
2130	1072	4.0
2130	1076	4.0
2130	1558	4.0
2130	1695	4.0
2130	1759	5.0
2130	1776	5.0
2130	1827	5.0
2130	2242	5.0
2130	2430	4.0
2130	2598	3.0
2130	2717	3.0
2130	2826	4.0
2130	2901	3.0
2130	3024	5.0
2130	3026	4.0
2130	3445	4.0
2130	3538	5.0
2130	3781	4.0
2130	3787	5.0
2130	3804	4.0
2130	3876	4.0
2130	4014	4.0
2130	4125	5.0
2130	4208	5.0
2130	4236	4.0
2130	4452	4.0
2130	4685	4.0
2130	4748	4.0
2130	4926	4.0
2130	4927	5.0
2130	5019	3.0
2130	5053	4.0
2130	5328	4.0
2130	5353	5.0
2130	5885	3.0
2130	6123	3.0
2130	6449	5.0
2130	6499	4.0
2130	6952	3.0
2130	6962	4.0
2147	112	4.0
2147	180	5.0
2147	475	5.0
2147	827	5.0
2147	913	4.0
2147	934	2.0
2147	985	3.0
2147	1175	5.0
2147	1329	5.0
2147	1540	5.0
2147	1640	5.0
2147	2248	5.0
2147	2274	5.0
2147	2739	5.0
2147	2971	4.0
2147	3087	5.0
2147	3440	4.0
2147	3443	5.0
2147	3650	4.0
2147	3676	4.0
2147	3707	4.0
2147	4135	3.0
2147	4509	5.0
2147	5093	3.0
2147	5211	5.0
2147	5373	4.0
2151	276	5.0
2151	386	5.0
2151	660	4.0
2151	1012	4.0
2151	1240	4.0
2151	1311	3.0
2151	1513	4.0
2151	1600	4.0
2151	1799	3.0
2151	1808	4.0
2151	2220	5.0
2151	2243	4.0
2151	3026	4.0
2151	3723	4.0
2151	4053	4.0
2151	4094	4.0
2151	4186	5.0
2151	4296	5.0
2151	4459	4.0
2151	4480	3.0
2151	4623	4.0
2151	4684	4.0
2151	4923	5.0
2151	5274	5.0
2151	5294	5.0
2151	5982	3.0
2151	6208	5.0
2151	6213	4.0
2151	6311	5.0
2151	6884	4.0
2184	112	4.0
2184	628	5.0
2184	745	4.0
2184	1096	5.0
2184	1276	4.0
2184	1297	4.0
2184	1300	5.0
2184	1483	5.0
2184	1544	3.0
2184	1617	5.0
2184	2084	4.0
2184	2132	5.0
2184	2193	3.0
2184	2938	5.0
2184	3043	3.0
2184	3292	4.0
2184	3649	5.0
2184	3683	4.0
2184	3852	5.0
2184	4684	4.0
2184	4774	5.0
2184	4894	5.0
2184	5012	4.0
2184	5132	4.0
2184	5453	5.0
2184	5566	4.0
2184	6491	5.0
2184	6523	4.0
2184	6687	5.0
2184	6730	5.0
2184	6822	5.0
2184	6956	4.0
2254	1	4.0
2254	16	5.0
2254	381	5.0
2254	500	4.0
2254	502	5.0
2254	605	4.0
2254	680	5.0
2254	781	5.0
2254	832	5.0
2254	1195	5.0
2254	1226	5.0
2254	1263	5.0
2254	1347	5.0
2254	1404	5.0
2254	1627	5.0
2254	1656	4.0
2254	1674	5.0
2254	1694	4.0
2254	1770	5.0
2254	1772	4.0
2254	1938	5.0
2254	2164	5.0
2254	2246	4.0
2254	2254	5.0
2254	2296	3.0
2254	2365	5.0
2254	2642	4.0
2254	2706	5.0
2254	2824	5.0
2254	2834	5.0
2254	2853	3.0
2254	2952	5.0
2254	3141	1.0
2254	3251	3.0
2254	3291	5.0
2254	3430	5.0
2254	3508	4.0
2254	3709	5.0
2254	3748	5.0
2254	3753	5.0
2254	3770	5.0
2254	3876	5.0
2254	4124	5.0
2254	4129	5.0
2254	4137	5.0
2254	4387	5.0
2254	4421	4.0
2254	4616	4.0
2254	4694	5.0
2254	4767	5.0
2254	4782	5.0
2254	4926	5.0
2254	4927	5.0
2254	5051	5.0
2254	5103	4.0
2254	5533	5.0
2254	5633	5.0
2254	5864	5.0
2254	5875	4.0
2254	6049	5.0
2254	6142	3.0
2254	6156	5.0
2254	6196	4.0
2254	6365	4.0
2254	6580	5.0
2254	6675	5.0
2254	6687	4.0
2254	6691	5.0
2254	6735	4.0
2254	6768	4.0
2254	6881	4.0
2311	180	5.0
2311	217	4.0
2311	220	5.0
2311	223	3.0
2311	448	4.0
2311	601	5.0
2311	816	4.0
2311	986	3.0
2311	1352	4.0
2311	1483	5.0
2311	1617	4.0
2311	1628	5.0
2311	2003	4.0
2311	2027	4.0
2311	2029	5.0
2311	2161	5.0
2311	2220	5.0
2311	2229	5.0
2311	2242	5.0
2311	2326	4.0
2311	2350	4.0
2311	2421	4.0
2311	2859	4.0
2311	2872	5.0
2311	2924	5.0
2311	2956	4.0
2311	3024	4.0
2311	3026	5.0
2311	3239	4.0
2311	3248	4.0
2311	3268	3.0
2311	3492	3.0
2311	3517	5.0
2311	3564	4.0
2311	3570	2.0
2311	3670	4.0
2311	3779	4.0
2311	3794	5.0
2311	3796	5.0
2311	3828	4.0
2311	3920	3.0
2311	4001	4.0
2311	4025	4.0
2311	4053	5.0
2311	4181	5.0
2311	4187	3.0
2311	4209	5.0
2311	4260	5.0
2311	4295	4.0
2311	4459	4.0
2311	4705	4.0
2311	4889	5.0
2311	4923	4.0
2311	4926	4.0
2311	5042	4.0
2311	5052	4.0
2311	5136	5.0
2311	5178	4.0
2311	5210	4.0
2311	5266	5.0
2311	5274	5.0
2311	5294	5.0
2311	5394	5.0
2311	5476	5.0
2311	5538	4.0
2311	5582	5.0
2311	5780	5.0
2311	5945	4.0
2311	5979	3.0
2311	6193	5.0
2311	6368	5.0
2311	6449	5.0
2311	6600	5.0
2311	6774	3.0
2311	6923	3.0
2311	6953	4.0
2311	6955	4.0
2375	180	5.0
2375	535	4.0
2375	557	5.0
2375	1072	5.0
2375	1440	3.0
2375	1445	2.0
2375	1513	4.0
2375	1759	5.0
2375	1813	5.0
2375	1834	4.0
2375	1941	5.0
2375	2196	4.0
2375	2245	4.0
2375	2357	5.0
2375	2818	5.0
2375	2825	2.0
2375	2848	4.0
2375	3024	5.0
2375	3065	5.0
2375	3295	5.0
2375	3629	4.0
2375	3787	5.0
2375	3874	5.0
2375	4083	4.0
2375	4623	4.0
2375	4665	4.0
2375	4823	5.0
2375	4926	5.0
2375	5057	3.0
2375	5093	4.0
2375	5111	4.0
2375	5124	5.0
2375	5274	5.0
2375	5323	5.0
2375	5386	5.0
2375	5438	4.0
2375	5445	5.0
2375	5448	5.0
2375	5531	3.0
2375	5572	4.0
2375	5942	5.0
2375	6145	4.0
2375	6449	5.0
2375	6523	4.0
2375	6614	3.0
2375	6659	5.0
2375	6956	5.0
2375	6962	4.0
2467	174	4.0
2467	183	2.0
2467	223	5.0
2467	226	4.0
2467	323	4.0
2467	1527	4.0
2467	1770	4.0
2467	2019	4.0
2467	2324	3.0
2467	2421	4.0
2467	2582	3.0
2467	2839	4.0
2467	3002	3.0
2467	3028	5.0
2467	3102	4.0
2467	3781	4.0
2467	3811	4.0
2467	4588	4.0
2467	4922	4.0
2467	5387	4.0
2467	5578	4.0
2467	5850	3.0
2467	6200	4.0
2467	6208	5.0
2467	6287	3.0
2467	6384	5.0
2467	6609	4.0
2467	6690	4.0
2467	6837	3.0
2467	6927	4.0
2492	178	3.0
2492	180	5.0
2492	223	5.0
2492	234	4.0
2492	633	5.0
2492	828	3.0
2492	868	3.0
2492	1140	3.0
2492	1377	4.0
2492	1462	3.0
2492	1629	4.0
2492	1699	4.0
2492	1808	4.0
2492	1821	3.0
2492	1978	5.0
2492	2098	4.0
2492	2133	5.0
2492	2184	3.0
2492	2264	4.0
2492	2350	4.0
2492	2788	3.0
2492	2825	4.0
2492	3207	3.0
2492	3255	4.0
2492	3281	3.0
2492	3399	4.0
2492	3423	4.0
2492	3492	4.0
2492	3564	4.0
2492	3567	4.0
2492	3720	5.0
2492	3767	5.0
2492	3769	5.0
2492	3828	4.0
2492	4189	5.0
2492	4295	5.0
2492	4383	4.0
2492	4811	3.0
2492	4812	3.0
2492	4926	5.0
2492	4982	4.0
2492	5005	3.0
2492	5294	5.0
2492	5394	5.0
2492	5577	4.0
2492	5582	3.0
2492	5595	4.0
2492	5972	3.0
2492	5979	4.0
2492	6010	4.0
2492	6170	3.0
2492	6214	3.0
2492	6335	3.0
2492	6465	4.0
2524	219	5.0
2524	220	5.0
2524	223	5.0
2524	289	5.0
2524	292	4.0
2524	399	5.0
2524	475	5.0
2524	563	3.0
2524	627	4.0
2524	747	5.0
2524	1181	3.0
2524	1224	5.0
2524	1352	4.0
2524	1527	5.0
2524	1815	3.0
2524	1875	5.0
2524	2168	5.0
2524	2173	5.0
2524	2242	5.0
2524	2424	3.0
2524	2434	4.0
2524	2751	3.0
2524	2792	5.0
2524	2846	5.0
2524	2928	3.0
2524	2939	5.0
2524	2959	5.0
2524	3025	5.0
2524	3099	4.0
2524	3149	5.0
2524	3243	3.0
2524	3295	5.0
2524	3537	5.0
2524	3714	5.0
2524	3777	5.0
2524	3876	5.0
2524	3886	3.0
2524	4038	5.0
2524	4269	5.0
2524	4869	4.0
2524	4923	5.0
2524	4982	5.0
2524	5059	4.0
2524	5178	5.0
2524	5315	4.0
2524	5386	5.0
2524	5400	5.0
2524	6090	4.0
2524	6123	4.0
2524	6214	5.0
2524	6270	5.0
2524	6523	5.0
2524	6691	5.0
2524	6844	3.0
2524	6881	5.0
2524	6956	5.0
2524	6965	4.0
2616	500	3.0
2616	551	3.0
2616	818	5.0
2616	1076	5.0
2616	1248	4.0
2616	1257	4.0
2616	1336	5.0
2616	1377	3.0
2616	1513	3.0
2616	1759	5.0
2616	1951	4.0
2616	2365	3.0
2616	3871	4.0
2616	4094	4.0
2616	4257	3.0
2616	4353	4.0
2616	4684	5.0
2616	4774	3.0
2616	5012	4.0
2616	5124	3.0
2616	5150	3.0
2616	5582	3.0
2616	5668	4.0
2616	6491	4.0
2616	6609	4.0
2616	6687	5.0
2774	1	3.0
2774	16	5.0
2774	295	4.0
2774	649	5.0
2774	681	4.0
2774	832	4.0
2774	858	4.0
2774	904	4.0
2774	1079	4.0
2774	1223	5.0
2774	1267	4.0
2774	1483	4.0
2774	1488	4.0
2774	1617	4.0
2774	1647	5.0
2774	1690	5.0
2774	1730	3.0
2774	1765	4.0
2774	1772	3.0
2774	1813	4.0
2774	1964	3.0
2774	2350	4.0
2774	2461	4.0
2774	2792	4.0
2774	2824	4.0
2774	2846	5.0
2774	3052	4.0
2774	3295	4.0
2774	3623	3.0
2774	3627	4.0
2774	3781	5.0
2774	3891	4.0
2774	4215	4.0
2774	4309	5.0
2774	4455	4.0
2774	4456	4.0
2774	4596	3.0
2774	4782	4.0
2774	4858	5.0
2774	4927	4.0
2774	4982	4.0
2774	5256	4.0
2774	5258	5.0
2774	5294	4.0
2774	5781	5.0
2774	5875	5.0
2774	5991	4.0
2774	6193	4.0
2774	6283	5.0
2774	6336	4.0
2774	6439	3.0
2774	6481	5.0
2774	6691	5.0
2774	6735	4.0
2834	217	4.0
2834	229	3.0
2834	235	4.0
2834	260	5.0
2834	270	4.0
2834	347	4.0
2834	488	4.0
2834	561	1.0
2834	601	3.0
2834	627	2.0
2834	682	3.0
2834	846	3.0
2834	887	4.0
2834	913	5.0
2834	921	1.0
2834	1141	5.0
2834	1159	4.0
2834	1166	3.0
2834	1246	5.0
2834	1340	5.0
2834	1461	3.0
2834	1483	1.0
2834	1667	5.0
2834	1682	5.0
2834	1728	5.0
2834	1779	4.0
2834	1787	3.0
2834	1871	1.0
2834	2029	5.0
2834	2098	5.0
2834	2178	2.0
2834	2220	4.0
2834	2222	3.0
2834	2324	1.0
2834	2326	4.0
2834	2443	4.0
2834	2490	2.0
2834	2657	3.0
2834	2722	3.0
2834	2799	4.0
2834	2901	3.0
2834	2923	4.0
2834	2938	1.0
2834	2939	4.0
2834	2959	5.0
2834	3028	3.0
2834	3062	4.0
2834	3129	4.0
2834	3180	5.0
2834	3418	4.0
2834	3535	1.0
2834	3564	5.0
2834	3733	3.0
2834	3777	4.0
2834	3856	3.0
2834	3880	3.0
2834	3974	3.0
2834	3977	5.0
2834	4037	4.0
2834	4067	4.0
2834	4111	5.0
2834	4171	3.0
2834	4178	1.0
2834	4186	5.0
2834	4260	3.0
2834	4311	1.0
2834	4469	4.0
2834	4537	4.0
2834	4538	4.0
2834	4743	4.0
2834	4799	4.0
2834	4860	5.0
2834	4868	3.0
2834	4923	5.0
2834	4926	3.0
2834	4928	3.0
2834	4975	3.0
2834	5001	4.0
2834	5037	5.0
2834	5050	3.0
2834	5057	5.0
2834	5059	4.0
2834	5178	5.0
2834	5250	4.0
2834	5297	3.0
2834	5397	4.0
2834	5401	4.0
2834	5445	5.0
2834	5470	3.0
2834	5575	3.0
2834	5606	3.0
2834	5615	4.0
2834	5706	3.0
2834	5745	4.0
2834	5850	2.0
2834	5877	4.0
2834	5884	4.0
2834	5942	4.0
2834	6040	3.0
2834	6081	2.0
2834	6106	3.0
2834	6145	4.0
2834	6199	5.0
2834	6200	4.0
2834	6311	4.0
2834	6327	4.0
2834	6368	4.0
2834	6425	2.0
2834	6574	3.0
2834	6628	4.0
2834	6629	4.0
2834	6708	3.0
2834	6881	3.0
2834	6922	3.0
2849	708	4.0
2849	797	3.0
2849	799	3.0
2849	919	4.0
2849	1097	5.0
2849	1171	3.0
2849	1195	4.0
2849	1607	3.0
2849	1617	5.0
2849	1770	5.0
2849	2350	5.0
2849	2421	4.0
2849	2825	5.0
2849	2995	3.0
2849	3052	4.0
2849	3100	3.0
2849	3102	4.0
2849	3270	3.0
2849	3592	4.0
2849	3649	5.0
2849	3910	4.0
2849	3993	2.0
2849	4592	4.0
2849	4596	4.0
2849	4638	2.0
2849	4673	3.0
2849	4769	4.0
2849	4923	4.0
2849	5088	5.0
2849	5386	5.0
2849	5719	4.0
2849	5763	3.0
2849	6145	4.0
2849	6217	5.0
2849	6370	5.0
2849	6396	3.0
2849	6426	5.0
2849	6695	4.0
2849	6875	4.0
2894	105	3.0
2894	112	4.0
2894	178	3.0
2894	192	3.0
2894	223	5.0
2894	300	5.0
2894	347	3.0
2894	475	4.0
2894	524	3.0
2894	601	4.0
2894	747	4.0
2894	768	3.0
2894	789	3.0
2894	818	5.0
2894	864	4.0
2894	1080	4.0
2894	1137	4.0
2894	1224	5.0
2894	1488	4.0
2894	1628	5.0
2894	1661	4.0
2894	1670	4.0
2894	1682	3.0
2894	1728	4.0
2894	1779	2.0
2894	1780	4.0
2894	2026	4.0
2894	2029	4.0
2894	2090	4.0
2894	2222	5.0
2894	2242	4.0
2894	2274	4.0
2894	2326	4.0
2894	2511	3.0
2894	2549	3.0
2894	2574	4.0
2894	2576	5.0
2894	2739	4.0
2894	2797	3.0
2894	2924	4.0
2894	2960	3.0
2894	3023	5.0
2894	3124	3.0
2894	3180	3.0
2894	3188	5.0
2894	3285	3.0
2894	3361	3.0
2894	3397	5.0
2894	3400	3.0
2894	3406	3.0
2894	3417	3.0
2894	3419	4.0
2894	3528	4.0
2894	3564	4.0
2894	3753	4.0
2894	3781	5.0
2894	3812	4.0
2894	3825	5.0
2894	3874	5.0
2894	4001	4.0
2894	4037	3.0
2894	4171	4.0
2894	4541	4.0
2894	4602	4.0
2894	4643	5.0
2894	4666	5.0
2894	4808	3.0
2894	4860	3.0
2894	4889	5.0
2894	4910	3.0
2894	4923	4.0
2894	5053	3.0
2894	5178	5.0
2894	5538	4.0
2894	5606	5.0
2894	5877	5.0
2894	5991	3.0
2894	6055	5.0
2894	6116	3.0
2894	6136	5.0
2894	6217	4.0
2894	6385	3.0
2894	6395	3.0
2894	6571	4.0
2894	6600	4.0
2894	6672	4.0
2894	6691	5.0
2894	6716	5.0
2894	6759	5.0
2894	6809	5.0
2894	6869	3.0
2894	6875	2.0
2894	6899	4.0
2894	6955	4.0
2963	96	3.0
2963	112	3.0
2963	164	3.0
2963	170	4.0
2963	217	4.0
2963	223	4.0
2963	235	4.0
2963	300	4.0
2963	513	5.0
2963	567	3.0
2963	729	3.0
2963	817	5.0
2963	887	4.0
2963	1071	4.0
2963	1077	3.0
2963	1257	4.0
2963	1352	3.0
2963	1489	3.0
2963	1503	4.0
2963	1521	4.0
2963	1532	3.0
2963	1728	4.0
2963	1871	3.0
2963	1885	4.0
2963	2069	4.0
2963	2135	4.0
2963	2169	5.0
2963	2221	3.0
2963	2588	4.0
2963	2613	3.0
2963	2633	4.0
2963	2706	4.0
2963	2715	5.0
2963	2763	4.0
2963	2846	4.0
2963	2972	3.0
2963	2977	3.0
2963	2982	3.0
2963	3255	3.0
2963	3268	4.0
2963	3270	3.0
2963	3301	5.0
2963	3307	5.0
2963	3309	4.0
2963	3310	4.0
2963	3359	4.0
2963	3367	3.0
2963	3492	4.0
2963	3531	4.0
2963	3618	3.0
2963	4053	4.0
2963	4065	3.0
2963	4161	2.0
2963	4260	4.0
2963	4477	4.0
2963	4553	2.0
2963	4560	4.0
2963	4592	3.0
2963	4596	3.0
2963	4623	5.0
2963	4658	3.0
2963	4748	4.0
2963	4922	4.0
2963	4930	3.0
2963	4985	5.0
2963	5005	2.0
2963	5052	4.0
2963	5088	4.0
2963	5124	5.0
2963	5178	5.0
2963	5236	3.0
2963	5258	3.0
2963	5260	3.0
2963	5293	3.0
2963	5304	4.0
2963	5344	4.0
2963	5564	3.0
2963	5575	4.0
2963	5649	3.0
2963	5830	3.0
2963	5850	4.0
2963	5928	4.0
2963	5979	4.0
2963	5982	4.0
2963	6182	4.0
2963	6199	4.0
2963	6217	4.0
2963	6253	5.0
2963	6370	4.0
2963	6824	5.0
