userID	artistID	rating
41	706	2.7
41	843	2.0
41	917	5.0
41	918	3.6
41	922	3.0
41	928	2.4
41	942	4.1
41	947	2.3
41	954	1.9
41	957	2.0
41	1257	2.7
41	1261	2.6
41	1337	3.7
41	1338	3.4
41	1339	3.4
41	1340	3.0
41	1341	2.8
41	1342	2.6
41	1343	2.4
41	1344	2.4
41	1345	2.3
41	1346	2.3
41	1347	2.3
41	1348	2.2
41	1349	2.1
41	1350	2.0
41	1351	2.0
41	1352	1.8
41	1353	1.8
41	1354	1.7
41	1355	1.7
41	1356	1.6
41	1357	1.6
41	1358	1.5
41	1359	1.5
41	1360	1.4
41	1361	1.4
41	1362	1.4
41	1363	1.4
41	1364	1.3
41	1365	1.3
41	1366	1.2
41	1367	1.1
41	1368	1.1
41	1369	1.1
41	1370	1.1
41	1371	1.1
41	1372	1.1
41	1373	1.1
41	1374	1.0
44	15	1.1
44	25	1.5
44	67	1.6
44	152	1.3
44	163	4.3
44	190	2.6
44	215	2.7
44	226	1.3
44	227	5.0
44	234	1.6
44	418	3.7
44	436	2.7
44	562	3.0
44	609	1.8
44	614	3.5
44	615	1.8
44	630	2.5
44	706	3.7
44	707	3.2
44	717	1.8
44	718	1.8
44	735	3.2
44	854	4.0
44	868	1.4
44	917	3.1
44	918	1.8
44	957	1.0
44	964	3.2
44	982	1.4
44	1119	3.0
44	1131	1.2
44	1216	1.9
44	1369	1.7
44	1411	4.0
44	1412	3.8
44	1413	3.4
44	1414	2.8
44	1415	2.4
44	1416	2.3
44	1417	2.3
44	1418	2.2
44	1419	1.9
44	1420	1.9
44	1421	1.8
44	1422	1.6
44	1423	1.2
44	1424	1.1
44	1425	1.1
44	1426	1.1
44	1427	1.0
84	25	1.3
84	163	2.3
84	176	1.7
84	198	2.3
84	220	1.5
84	517	1.9
84	570	1.5
84	706	3.1
84	707	3.1
84	716	1.8
84	724	4.2
84	732	2.8
84	735	2.3
84	843	2.4
84	917	4.4
84	918	2.0
84	923	3.9
84	928	1.2
84	959	2.3
84	966	1.5
84	1044	2.1
84	1104	1.7
84	1180	1.4
84	1244	4.1
84	1248	2.5
84	1249	3.7
84	1274	1.3
84	1338	3.9
84	1351	2.1
84	1358	2.1
84	1360	3.0
84	1369	4.3
84	1412	1.7
84	1513	1.8
84	1672	1.8
84	1803	2.3
84	1814	1.1
84	2341	5.0
84	2342	4.0
84	2343	3.4
84	2344	3.3
84	2345	2.7
84	2346	2.6
84	2347	2.3
84	2348	2.3
84	2349	1.6
84	2350	1.5
84	2351	1.3
84	2352	1.2
84	2353	1.0
109	155	1.5
109	157	1.2
109	176	1.0
109	180	2.1
109	227	2.0
109	234	1.1
109	253	2.2
109	424	1.6
109	724	1.7
109	732	3.5
109	735	3.0
109	868	4.3
109	951	2.7
109	952	1.5
109	959	2.6
109	1079	1.0
109	1249	5.0
109	1360	1.1
109	1412	4.2
109	1803	4.0
109	1805	2.0
109	1807	2.1
109	1808	1.2
109	1810	1.1
109	1988	1.4
109	2343	3.8
109	2346	4.4
109	2350	1.8
109	2351	2.4
109	2363	3.5
109	2372	2.6
109	2595	2.6
109	2780	3.4
109	2781	3.2
109	2782	3.1
109	2783	2.4
109	2784	2.3
109	2785	2.2
109	2786	2.0
109	2787	2.0
109	2788	1.7
109	2789	1.7
109	2790	1.5
109	2791	1.4
109	2792	1.4
109	2793	1.3
109	2794	1.2
109	2795	1.2
109	2796	1.2
109	2797	1.0
114	77	2.1
114	96	1.0
114	99	1.3
114	163	4.1
114	176	1.5
114	183	1.8
114	203	1.6
114	212	2.9
114	227	4.5
114	424	1.1
114	533	1.3
114	562	2.3
114	599	3.8
114	601	1.1
114	706	4.8
114	717	3.4
114	728	2.2
114	733	1.1
114	735	1.7
114	857	2.0
114	868	4.7
114	918	1.0
114	951	2.1
114	959	3.3
114	1099	1.1
114	1249	4.5
114	1360	2.4
114	1369	1.7
114	1372	3.1
114	1412	5.0
114	1426	3.4
114	1639	3.7
114	1803	2.4
114	1804	3.0
114	1810	3.2
114	1814	1.1
114	2176	1.1
114	2343	3.8
114	2346	3.1
114	2347	2.6
114	2852	2.2
114	2853	1.8
114	2854	1.7
114	2855	1.3
114	2856	1.3
114	2857	1.3
114	2858	1.2
114	2859	1.0
114	2860	1.0
114	2861	1.0
119	152	2.4
119	188	4.2
119	370	2.0
119	503	1.8
119	517	1.1
119	724	2.2
119	806	1.0
119	812	2.5
119	813	1.7
119	820	1.1
119	821	1.4
119	824	1.5
119	835	1.1
119	841	1.1
119	843	1.3
119	917	1.2
119	918	2.3
119	920	3.2
119	923	2.7
119	930	1.9
119	936	2.8
119	943	1.7
119	953	2.8
119	1110	1.0
119	1112	1.1
119	1113	1.3
119	1134	1.8
119	1339	5.0
119	1743	1.4
119	1994	4.6
119	2172	1.5
119	2211	1.4
119	2370	1.1
119	2379	2.7
119	2654	1.3
119	2962	4.1
119	2963	3.0
119	2964	2.4
119	2965	1.9
119	2966	1.9
119	2967	1.8
119	2968	1.6
119	2969	1.6
119	2970	1.5
119	2971	1.5
119	2972	1.4
119	2973	1.2
119	2974	1.1
119	2975	1.0
119	2976	1.0
157	163	1.8
157	176	2.0
157	228	4.0
157	300	3.2
157	466	1.5
157	607	1.5
157	630	1.6
157	706	4.2
157	710	1.1
157	712	1.7
157	868	2.6
157	917	3.1
157	918	3.9
157	928	1.1
157	947	1.3
157	952	2.5
157	959	1.9
157	1358	2.0
157	1360	1.3
157	1366	3.2
157	1369	1.3
157	1372	5.0
157	1412	4.1
157	1513	2.0
157	1639	1.4
157	1703	3.0
157	1807	1.3
157	1808	2.0
157	1810	1.9
157	2342	1.0
157	2343	2.2
157	2347	4.5
157	2782	1.4
157	2784	1.1
157	2787	3.2
157	2834	3.0
157	2973	1.4
157	3470	3.0
157	3471	2.4
157	3472	2.1
157	3473	2.0
157	3474	1.6
157	3475	1.5
157	3476	1.4
157	3477	1.4
157	3478	1.4
157	3479	1.3
157	3480	1.2
157	3481	1.1
157	3482	1.0
188	2342	5.0
188	3470	1.0
200	63	1.9
200	65	1.1
200	88	1.2
200	93	2.6
200	99	1.5
200	163	2.3
200	176	1.0
200	198	1.3
200	227	1.8
200	228	2.6
200	389	2.4
200	511	1.1
200	533	1.4
200	562	1.3
200	607	1.6
200	706	1.6
200	709	1.9
200	712	1.1
200	717	2.6
200	734	1.8
200	857	1.4
200	917	3.2
200	945	1.9
200	959	2.8
200	985	1.2
200	992	1.2
200	998	2.3
200	1122	1.1
200	1358	1.8
200	1397	1.7
200	1412	1.4
200	1415	1.5
200	1705	2.1
200	1802	1.6
200	1810	1.1
200	2013	1.0
200	2347	2.0
200	2787	2.7
200	2853	1.9
200	4123	5.0
200	4124	2.9
200	4125	2.4
200	4126	2.4
200	4127	1.8
200	4128	1.7
200	4129	1.6
200	4130	1.4
200	4131	1.4
200	4132	1.0
200	4133	1.0
202	227	2.1
202	348	1.8
202	503	1.4
202	504	3.1
202	607	1.1
202	706	4.1
202	707	5.0
202	710	2.1
202	732	1.2
202	821	2.2
202	837	1.4
202	840	3.5
202	843	1.4
202	917	3.4
202	918	4.7
202	923	2.7
202	928	3.5
202	932	2.9
202	942	2.5
202	945	2.2
202	947	1.8
202	954	2.4
202	1104	1.0
202	1214	2.2
202	1249	1.7
202	1260	2.1
202	1276	1.8
202	1714	2.5
202	1914	2.1
202	1931	2.8
202	1992	2.8
202	2341	2.5
202	2342	1.8
202	2746	1.9
202	2970	1.8
202	3244	2.0
202	3416	3.3
202	3509	1.6
202	4154	3.8
202	4155	3.5
202	4156	3.1
202	4157	2.6
202	4158	2.2
202	4159	2.0
202	4160	1.8
202	4161	1.8
202	4162	1.7
202	4163	1.6
202	4164	1.4
202	4165	1.0
235	15	3.0
235	152	1.3
235	163	1.5
235	188	4.6
235	441	1.0
235	503	3.7
235	707	2.3
235	769	2.9
235	812	4.1
235	821	2.9
235	824	3.4
235	917	5.0
235	918	2.4
235	920	2.8
235	930	2.2
235	942	4.1
235	943	1.0
235	944	1.2
235	953	1.5
235	954	2.8
235	955	2.9
235	957	1.4
235	1131	1.9
235	1134	2.4
235	1216	1.1
235	1342	1.7
235	1358	4.6
235	1368	1.6
235	1369	1.2
235	1992	1.0
235	2172	1.7
235	2370	2.4
235	2969	1.7
235	2975	1.4
235	3240	1.0
235	3415	1.1
235	3810	2.3
235	3940	1.6
235	4604	3.1
235	4605	2.7
235	4606	2.5
235	4607	2.1
235	4608	2.0
235	4609	1.4
235	4610	1.3
235	4611	1.3
235	4612	1.2
235	4613	1.1
235	4614	1.1
235	4615	1.0
281	157	2.1
281	176	2.4
281	234	1.1
281	377	1.1
281	614	1.4
281	707	1.3
281	716	1.3
281	724	2.1
281	732	2.9
281	854	1.2
281	917	5.0
281	918	1.2
281	922	3.0
281	928	1.0
281	951	1.9
281	952	1.3
281	956	1.4
281	1249	2.3
281	1343	1.3
281	1358	2.2
281	1369	2.5
281	1803	1.5
281	1808	3.0
281	2183	1.2
281	2342	1.7
281	2343	3.7
281	2558	2.6
281	2595	1.0
281	2646	1.9
281	2834	1.8
281	2936	1.0
281	2973	2.3
281	3471	2.0
281	4124	3.0
281	5155	2.6
281	5156	2.3
281	5157	1.8
281	5158	1.8
281	5159	1.8
281	5160	1.6
281	5161	1.5
281	5162	1.5
281	5163	1.3
281	5164	1.2
281	5165	1.1
281	5166	1.1
281	5167	1.1
281	5168	1.0
281	5169	1.0
281	5170	1.0
282	152	2.1
282	163	3.8
282	220	2.3
282	226	1.2
282	227	3.8
282	234	2.4
282	436	1.5
282	562	2.1
282	607	2.0
282	614	4.8
282	706	1.1
282	707	2.7
282	724	1.5
282	728	1.0
282	854	2.8
282	856	1.8
282	868	2.0
282	881	1.5
282	910	1.9
282	917	3.5
282	959	2.6
282	1110	5.0
282	1119	1.3
282	1122	3.0
282	1125	1.6
282	1131	1.2
282	1249	2.0
282	1358	2.4
282	1360	1.5
282	1369	3.2
282	1372	3.6
282	1411	2.0
282	1412	3.7
282	1413	1.5
282	1416	2.3
282	1639	1.3
282	2342	1.6
282	2343	1.5
282	2346	1.5
282	2375	2.2
282	2446	2.0
282	3481	2.2
282	4051	2.4
282	4782	1.6
282	4784	2.9
282	5171	2.0
282	5172	1.9
282	5173	1.9
282	5174	1.5
282	5175	1.3
313	9	2.2
313	10	1.6
313	11	1.2
313	15	1.0
313	25	2.1
313	34	1.9
313	176	1.1
313	181	1.3
313	504	1.6
313	517	1.7
313	807	2.0
313	837	1.8
313	843	1.6
313	917	5.0
313	918	1.1
313	922	3.3
313	928	1.3
313	930	1.7
313	936	2.2
313	1079	1.2
313	1104	1.9
313	1249	1.3
313	1299	1.2
313	1339	1.8
313	1347	1.7
313	1361	1.0
313	1366	1.5
313	1369	1.6
313	1711	1.4
313	2787	1.0
313	2961	2.2
313	2975	1.8
313	3244	1.2
313	3470	1.9
313	3774	1.9
313	3798	1.1
313	3806	1.6
313	4161	1.8
313	4319	1.2
313	4326	1.2
313	5577	1.6
313	5578	1.6
313	5579	1.6
313	5580	1.3
313	5581	1.3
313	5582	1.2
313	5583	1.1
313	5584	1.1
313	5585	1.0
313	5586	1.0
324	163	1.3
324	188	1.2
324	706	1.9
324	707	3.9
324	710	2.0
324	724	2.9
324	732	2.5
324	821	1.2
324	843	1.4
324	917	4.9
324	918	2.7
324	922	3.1
324	930	1.8
324	946	1.6
324	957	1.1
324	959	1.5
324	1103	1.0
324	1111	1.3
324	1126	3.0
324	1134	1.6
324	1343	2.7
324	1345	1.4
324	1358	2.4
324	1360	2.2
324	1369	5.0
324	1372	1.3
324	1412	2.6
324	1873	1.0
324	2013	1.5
324	2342	4.8
324	2757	1.2
324	2787	1.7
324	2838	2.0
324	3417	3.8
324	3470	2.6
324	3476	1.3
324	4611	2.4
324	5526	1.5
324	5666	3.2
324	5668	1.0
324	5688	3.0
324	5689	2.1
324	5690	1.9
324	5691	1.5
324	5692	1.4
324	5693	1.1
324	5694	1.1
324	5695	1.0
324	5696	1.0
324	5697	1.0
343	227	1.1
343	234	2.2
343	706	3.0
343	707	3.7
343	724	3.0
343	732	2.7
343	808	2.4
343	843	1.1
343	857	1.3
343	917	5.0
343	918	4.7
343	922	3.3
343	956	1.0
343	982	4.3
343	1110	3.8
343	1249	1.3
343	1343	2.1
343	1358	3.9
343	1360	3.6
343	1369	4.1
343	1372	4.3
343	1412	3.2
343	1426	3.1
343	1639	2.3
343	1810	1.1
343	1873	1.7
343	1974	3.2
343	2342	3.4
343	2343	1.7
343	2346	4.0
343	2347	1.9
343	2787	2.8
343	2853	4.2
343	3470	3.6
343	3475	3.3
343	4124	3.0
343	4458	1.4
343	4680	1.1
343	5157	2.2
343	5172	3.1
343	5365	1.2
343	5697	2.0
343	5895	3.3
343	5896	3.1
343	5897	1.9
343	5898	1.7
343	5899	1.4
343	5900	1.4
343	5901	1.2
343	5902	1.1
363	182	2.1
363	190	2.0
363	230	3.8
363	234	1.6
363	488	2.0
363	494	2.2
363	497	2.5
363	498	1.5
363	614	1.0
363	683	1.7
363	707	4.5
363	805	2.1
363	808	2.4
363	810	1.2
363	830	2.7
363	845	1.4
363	854	1.1
363	918	3.6
363	920	1.6
363	982	1.8
363	1041	3.3
363	1045	3.6
363	1046	2.0
363	1179	1.9
363	1186	4.2
363	1520	2.1
363	1546	1.2
363	1547	1.0
363	1646	1.0
363	1672	3.0
363	1681	1.8
363	1858	5.0
363	2206	1.9
363	2738	1.4
363	2956	1.8
363	3074	1.1
363	4189	1.3
363	5216	2.5
363	5784	1.0
363	6125	2.6
363	6126	2.1
363	6127	2.0
363	6128	2.0
363	6129	1.7
363	6130	1.6
363	6131	1.5
363	6132	1.5
363	6133	1.4
363	6134	1.4
363	6135	1.3
376	163	4.3
376	201	2.0
376	234	2.3
376	707	4.0
376	841	3.5
376	917	5.0
376	922	3.5
376	959	2.2
376	1257	1.8
376	1261	1.2
376	1274	2.7
376	1343	2.1
376	1344	3.5
376	1358	3.2
376	1369	2.0
376	1425	3.6
376	1522	2.8
376	1639	1.2
376	1796	2.5
376	1913	3.7
376	2704	1.0
376	2744	2.7
376	3470	2.9
376	5157	2.0
376	5365	2.2
376	5503	1.3
376	6263	2.7
376	6264	2.3
376	6265	2.2
376	6266	2.2
376	6267	2.1
376	6268	2.0
376	6269	2.0
376	6270	1.9
376	6271	1.9
376	6272	1.8
376	6273	1.6
376	6274	1.2
376	6275	1.2
376	6276	1.2
376	6277	1.1
376	6278	1.1
376	6279	1.1
376	6280	1.1
376	6281	1.1
376	6282	1.1
376	6283	1.1
376	6284	1.0
376	6285	1.0
376	6286	1.0
377	15	1.2
377	25	2.5
377	181	2.0
377	188	3.5
377	190	2.9
377	226	2.0
377	228	1.8
377	503	3.0
377	812	2.5
377	821	2.3
377	824	2.0
377	841	1.9
377	917	5.0
377	918	1.2
377	920	1.8
377	923	1.8
377	936	3.0
377	942	3.5
377	943	1.2
377	953	2.0
377	957	2.0
377	1131	1.6
377	1177	1.9
377	1338	1.8
377	1339	1.7
377	1342	1.2
377	1349	1.2
377	1350	1.1
377	1374	1.9
377	1412	2.1
377	1527	1.4
377	1613	1.1
377	1643	1.5
377	1672	1.0
377	1710	1.5
377	1974	1.4
377	1976	3.0
377	1992	1.9
377	2009	1.2
377	2381	1.3
377	2498	1.1
377	2654	1.6
377	3621	1.6
377	4387	1.2
377	4670	1.3
377	4779	1.2
377	6287	2.8
377	6288	2.0
377	6289	1.1
377	6290	1.0
402	7	2.2
402	163	4.2
402	212	2.3
402	227	3.7
402	230	1.0
402	234	3.0
402	511	1.4
402	562	2.7
402	706	3.8
402	707	4.1
402	724	1.3
402	732	2.3
402	735	1.7
402	841	2.6
402	843	1.8
402	846	1.6
402	857	2.1
402	868	5.0
402	917	3.0
402	918	3.1
402	920	1.5
402	949	2.3
402	951	1.5
402	959	4.7
402	982	3.1
402	1249	3.9
402	1274	1.2
402	1281	1.2
402	1351	1.7
402	1358	1.4
402	1360	1.3
402	1364	1.4
402	1369	3.0
402	1372	1.4
402	1412	4.0
402	1513	2.3
402	1521	2.3
402	1527	1.4
402	1639	3.4
402	1804	1.3
402	1810	1.0
402	1814	1.5
402	2343	2.7
402	2346	3.1
402	2347	1.8
402	2565	1.2
402	2797	1.0
402	4917	1.1
402	6540	1.1
402	6541	1.1
449	15	1.8
449	163	4.9
449	188	4.0
449	227	1.7
449	233	1.3
449	370	2.2
449	380	2.5
449	506	1.5
449	562	1.0
449	630	1.3
449	706	1.6
449	707	2.3
449	724	1.4
449	732	1.1
449	735	3.0
449	868	1.3
449	917	2.1
449	920	1.9
449	961	2.7
449	1110	1.7
449	1112	2.4
449	1143	1.7
449	1254	4.0
449	1259	1.9
449	1366	1.9
449	1369	3.6
449	1372	2.1
449	1412	5.0
449	1513	1.2
449	1531	1.4
449	1535	1.2
449	1806	1.4
449	2343	3.0
449	2347	1.7
449	2966	1.3
449	3417	2.9
449	3438	2.6
449	3509	1.3
449	4271	2.7
449	4272	2.6
449	4273	1.5
449	4605	1.0
449	5689	2.4
449	6258	1.9
449	7043	3.9
449	7044	1.7
449	7045	1.5
449	7046	1.3
449	7047	1.1
449	7048	1.0
450	152	3.9
450	163	2.8
450	186	2.1
450	188	3.2
450	227	2.6
450	370	2.2
450	506	1.6
450	562	2.8
450	706	1.4
450	854	1.2
450	881	1.5
450	917	1.1
450	920	3.5
450	959	3.0
450	1216	1.5
450	1240	1.1
450	1249	1.5
450	1369	2.2
450	1372	1.9
450	1411	1.8
450	1412	5.0
450	1418	1.2
450	1426	2.2
450	1513	1.9
450	1727	1.9
450	1998	2.0
450	2003	1.6
450	2006	1.3
450	2605	1.6
450	3418	1.0
450	3420	1.7
450	3888	1.2
450	3940	1.9
450	4251	2.5
450	4675	2.1
450	6264	1.1
450	6765	1.5
450	6830	1.4
450	7049	2.0
450	7050	1.6
450	7051	1.6
450	7052	1.5
450	7053	1.5
450	7054	1.4
450	7055	1.4
450	7056	1.3
450	7057	1.2
450	7058	1.1
450	7059	1.0
450	7060	1.0
489	163	3.7
489	190	2.9
489	196	2.6
489	203	2.6
489	212	2.4
489	226	3.0
489	227	1.3
489	229	1.4
489	234	3.1
489	424	2.1
489	472	1.1
489	511	1.7
489	533	2.7
489	554	1.3
489	562	3.8
489	614	2.4
489	706	1.6
489	707	4.4
489	709	3.0
489	735	3.6
489	841	1.2
489	863	1.0
489	868	4.7
489	959	2.3
489	982	3.1
489	1240	3.3
489	1351	1.4
489	1360	1.9
489	1372	2.5
489	1412	5.0
489	1415	2.1
489	1426	2.6
489	1639	2.3
489	1805	1.3
489	1873	2.5
489	2352	1.6
489	2786	2.7
489	2834	2.1
489	3482	1.0
489	4051	1.9
489	4251	1.2
489	6581	3.1
489	6950	3.2
489	7056	2.0
489	7248	1.2
489	7407	1.9
489	7408	1.6
489	7409	1.4
489	7410	1.2
489	7411	1.2
491	12	1.5
491	152	1.7
491	163	3.7
491	226	1.3
491	533	1.3
491	583	1.2
491	706	3.5
491	707	4.9
491	710	3.8
491	821	2.2
491	841	4.2
491	843	2.8
491	846	2.3
491	917	2.7
491	918	5.0
491	920	2.6
491	947	2.6
491	949	2.1
491	954	2.3
491	1206	2.5
491	1257	2.2
491	1260	1.5
491	1261	2.3
491	1276	1.5
491	1337	1.5
491	1351	2.0
491	1358	3.1
491	1360	4.5
491	1364	2.3
491	1369	2.0
491	1372	2.5
491	1412	2.3
491	1523	1.2
491	1527	2.5
491	1528	1.8
491	1531	1.1
491	1975	1.4
491	2360	1.9
491	2744	1.0
491	2765	3.0
491	2834	2.1
491	2901	1.8
491	3509	2.1
491	3624	4.0
491	3636	2.2
491	7419	2.0
491	7420	1.8
491	7421	1.7
491	7422	1.6
491	7423	1.1
541	52	1.0
541	152	2.8
541	163	5.0
541	186	2.4
541	202	1.8
541	212	1.6
541	227	1.6
541	562	3.5
541	607	3.4
541	614	3.7
541	630	1.7
541	706	2.0
541	707	1.8
541	712	1.7
541	715	1.1
541	728	2.2
541	735	1.7
541	854	1.5
541	863	1.0
541	868	2.3
541	982	1.2
541	1119	1.3
541	1249	1.1
541	1369	1.3
541	1372	1.5
541	1411	1.4
541	1412	4.5
541	1415	1.8
541	1425	2.6
541	1639	2.1
541	1643	1.6
541	1778	1.5
541	1806	3.2
541	1813	2.1
541	1873	1.2
541	1974	1.1
541	2834	1.8
541	2842	1.1
541	2855	1.4
541	2898	2.3
541	3620	2.7
541	4349	1.4
541	4675	2.6
541	5172	1.9
541	5175	3.5
541	5416	1.4
541	5441	1.4
541	5844	2.5
541	7881	2.6
541	7882	2.3
595	25	1.8
595	163	1.2
595	506	2.0
595	707	3.0
595	724	1.5
595	737	1.2
595	821	1.5
595	841	3.1
595	843	1.3
595	917	5.0
595	918	2.8
595	920	1.6
595	922	3.1
595	923	1.2
595	924	1.2
595	928	2.6
595	930	2.0
595	934	2.0
595	936	2.3
595	937	2.7
595	942	2.9
595	947	2.1
595	952	1.3
595	953	1.5
595	954	2.1
595	956	1.5
595	957	2.9
595	1206	1.1
595	1257	1.5
595	1274	1.9
595	1337	1.2
595	1338	1.4
595	1339	1.4
595	1343	1.8
595	1344	1.1
595	1349	1.9
595	1355	1.1
595	1358	1.2
595	1364	1.0
595	1369	2.5
595	1374	1.0
595	1412	1.3
595	1527	1.9
595	1992	1.7
595	2838	1.2
595	3425	1.6
595	4326	1.3
595	4680	2.2
595	8386	1.1
595	8387	1.1
606	52	2.0
606	53	1.6
606	54	1.4
606	65	1.5
606	72	1.8
606	81	1.1
606	152	3.3
606	154	5.0
606	188	3.7
606	190	1.5
606	203	1.5
606	226	1.5
606	233	1.9
606	237	1.6
606	238	1.6
606	370	1.3
606	418	2.6
606	436	1.7
606	614	3.4
606	629	1.6
606	813	1.1
606	815	1.8
606	842	1.2
606	843	1.3
606	846	2.6
606	854	1.2
606	859	2.5
606	953	1.0
606	964	2.1
606	1098	1.3
606	1131	3.4
606	1372	2.5
606	1781	1.7
606	1824	1.8
606	1992	2.6
606	2006	2.2
606	2151	2.2
606	2576	1.3
606	2594	1.8
606	2654	1.2
606	3788	3.1
606	4143	1.1
606	4285	1.8
606	5237	1.1
606	8509	2.1
606	8510	1.7
606	8511	1.6
606	8512	1.5
606	8513	1.2
606	8514	1.0
616	12	1.2
616	472	1.0
616	503	1.2
616	707	5.0
616	710	1.5
616	726	2.3
616	821	1.6
616	834	1.0
616	837	1.8
616	841	2.5
616	843	1.9
616	846	1.8
616	917	2.4
616	918	3.0
616	920	1.9
616	947	1.6
616	954	1.6
616	978	1.3
616	1044	1.3
616	1131	1.3
616	1274	1.5
616	1344	1.7
616	1351	1.0
616	1356	1.3
616	1357	1.1
616	1360	1.6
616	1364	1.1
616	1522	1.0
616	1525	1.5
616	1526	1.5
616	1527	1.7
616	1672	1.8
616	1870	1.0
616	2379	1.6
616	2380	1.4
616	2595	1.4
616	2744	1.8
616	2746	1.4
616	2794	1.7
616	3238	2.4
616	3637	1.6
616	3717	1.5
616	3719	1.4
616	5485	1.4
616	7930	1.3
616	8254	1.3
616	8598	1.4
616	8599	1.1
616	8600	1.1
616	8601	1.0
640	157	1.1
640	163	1.7
640	212	1.3
640	220	3.1
640	227	3.8
640	230	1.3
640	554	1.2
640	562	2.6
640	599	3.7
640	614	1.1
640	705	1.5
640	706	3.2
640	725	1.9
640	728	2.4
640	732	1.0
640	735	4.2
640	868	3.6
640	918	1.1
640	920	2.9
640	959	1.1
640	1244	1.6
640	1369	3.4
640	1372	3.2
640	1411	1.2
640	1412	3.8
640	1415	1.0
640	1426	1.5
640	1757	1.7
640	1803	1.4
640	1804	1.7
640	2047	2.3
640	2342	3.3
640	2343	5.0
640	2347	1.5
640	2786	3.6
640	2787	1.1
640	2853	1.7
640	2855	1.8
640	2901	3.5
640	3470	2.8
640	3478	3.5
640	4251	1.0
640	4458	1.9
640	5172	1.1
640	5416	1.1
640	5660	2.7
640	7056	1.8
640	8793	1.3
640	8794	1.2
640	8795	1.1
715	15	1.1
715	163	1.3
715	181	1.3
715	227	1.2
715	707	3.5
715	710	1.1
715	724	1.2
715	841	1.2
715	917	5.0
715	919	1.0
715	920	1.7
715	922	2.0
715	928	1.9
715	930	1.1
715	937	1.8
715	943	1.1
715	946	1.2
715	957	1.8
715	1257	1.0
715	1338	2.0
715	1339	1.1
715	1350	1.5
715	1358	3.3
715	1369	1.9
715	1372	1.5
715	1415	1.5
715	1810	1.0
715	2342	2.0
715	2973	1.2
715	3476	1.5
715	3636	1.8
715	4331	1.3
715	4341	1.4
715	5016	1.3
715	5157	1.7
715	5485	1.8
715	5694	1.5
715	5724	1.0
715	5841	1.2
715	6273	1.0
715	6748	1.5
715	7042	1.9
715	7930	1.1
715	8163	1.0
715	9509	1.8
715	9510	1.7
715	9511	1.3
715	9512	1.2
715	9513	1.1
715	9514	1.0
719	163	3.7
719	227	1.8
719	562	1.9
719	607	3.0
719	706	3.0
719	724	1.4
719	728	1.3
719	730	2.4
719	868	1.4
719	917	2.1
719	918	1.3
719	954	1.3
719	956	1.0
719	1110	3.5
719	1343	1.5
719	1358	4.0
719	1369	4.2
719	1372	3.7
719	1394	3.2
719	1415	1.5
719	1513	4.4
719	1545	3.0
719	1974	3.5
719	2342	5.0
719	2344	1.2
719	2346	3.3
719	2347	3.1
719	2787	3.1
719	2834	1.8
719	3470	3.8
719	3476	2.1
719	4782	1.2
719	5172	1.8
719	5688	3.5
719	5692	1.0
719	6257	1.2
719	6363	2.2
719	7791	1.4
719	7792	1.8
719	7927	1.3
719	8795	1.3
719	9521	1.9
719	9522	1.9
719	9523	1.6
719	9524	1.4
719	9525	1.4
719	9526	1.1
719	9527	1.1
719	9528	1.1
719	9529	1.0
738	163	2.9
738	227	2.6
738	607	1.5
738	706	3.0
738	707	4.1
738	735	1.7
738	841	2.5
738	843	1.9
738	868	2.0
738	910	1.0
738	917	4.3
738	918	3.8
738	928	2.3
738	947	2.5
738	949	1.7
738	954	2.6
738	955	1.7
738	957	2.0
738	1274	1.1
738	1276	1.0
738	1342	1.1
738	1348	1.8
738	1353	2.9
738	1357	1.1
738	1358	3.5
738	1360	1.9
738	1366	1.0
738	1369	5.0
738	1412	3.4
738	1415	1.8
738	1527	1.3
738	1803	1.2
738	2009	2.6
738	2342	3.3
738	2343	3.9
738	2463	3.3
738	2746	1.6
738	2834	1.1
738	3470	1.7
738	3476	1.3
738	3509	2.4
738	3660	1.3
738	5159	1.2
738	5689	2.3
738	6576	2.1
738	7047	1.4
738	7922	1.7
738	9222	1.0
738	9334	1.4
738	9698	2.2
753	67	2.5
753	157	2.9
753	192	2.8
753	253	3.8
753	257	1.9
753	328	1.9
753	344	1.7
753	360	1.2
753	732	3.0
753	734	3.0
753	735	2.7
753	945	1.2
753	951	5.0
753	952	2.7
753	959	3.9
753	1248	3.3
753	1249	3.9
753	1369	1.3
753	1412	1.9
753	1639	1.7
753	1803	3.7
753	1810	3.7
753	1813	2.3
753	2053	2.2
753	2346	3.4
753	2347	3.8
753	2350	1.5
753	2467	1.5
753	2783	1.8
753	2787	2.4
753	2797	1.2
753	2859	3.0
753	3063	3.6
753	3473	1.1
753	3477	1.7
753	3576	1.0
753	3748	1.3
753	4024	1.2
753	4165	2.9
753	5841	1.5
753	6292	2.4
753	6319	1.3
753	8743	1.2
753	9334	2.2
753	9817	3.3
753	9818	2.1
753	9819	2.0
753	9820	1.9
753	9821	1.2
753	9822	1.1
772	176	1.9
772	500	2.1
772	724	3.4
772	917	2.5
772	918	1.7
772	928	1.2
772	945	1.7
772	978	2.1
772	1358	4.3
772	1360	2.9
772	1366	2.4
772	1369	5.0
772	1372	1.9
772	1468	1.4
772	1535	1.2
772	1992	1.2
772	2013	2.1
772	2183	1.2
772	2341	2.1
772	2342	3.3
772	2347	1.0
772	2362	2.1
772	2463	2.5
772	2569	2.3
772	2838	2.0
772	3470	3.4
772	3471	1.4
772	3476	1.8
772	3921	1.0
772	4124	1.4
772	4680	1.2
772	5157	2.6
772	5365	1.2
772	5695	2.1
772	8258	1.4
772	8743	2.1
772	8994	1.8
772	9529	1.2
772	9915	3.3
772	9916	2.1
772	9917	1.9
772	9918	1.8
772	9919	1.7
772	9920	1.4
772	9921	1.4
772	9922	1.4
772	9923	1.4
772	9924	1.2
772	9925	1.2
772	9926	1.0
800	163	1.8
800	176	1.6
800	190	1.2
800	198	1.6
800	229	1.1
800	614	1.1
800	706	1.4
800	707	5.0
800	710	1.1
800	724	1.9
800	841	1.1
800	843	1.1
800	917	1.7
800	918	2.0
800	920	2.0
800	922	1.2
800	924	2.0
800	928	1.6
800	932	2.0
800	937	1.2
800	952	1.0
800	956	1.0
800	957	1.1
800	1145	1.2
800	1339	2.4
800	1342	1.1
800	1347	1.2
800	1350	1.8
800	1360	1.7
800	1545	1.7
800	1672	2.7
800	1870	1.2
800	2343	2.3
800	2344	1.7
800	2347	1.4
800	2797	1.1
800	2834	1.2
800	2838	1.3
800	2901	1.6
800	3204	1.7
800	3376	1.0
800	4342	1.4
800	4841	1.0
800	5306	1.1
800	5450	1.7
800	5451	1.2
800	10124	1.8
800	10125	1.2
800	10126	1.2
800	10127	1.1
835	157	2.4
835	163	2.3
835	176	2.6
835	187	1.7
835	227	2.5
835	230	2.3
835	292	2.0
835	377	1.0
835	389	1.1
835	475	1.5
835	486	2.8
835	504	2.6
835	544	1.3
835	706	1.9
835	707	2.9
835	724	3.1
835	732	1.6
835	735	1.6
835	918	2.0
835	951	4.0
835	952	2.5
835	956	1.3
835	959	1.9
835	1076	1.1
835	1249	4.6
835	1366	1.1
835	1379	1.2
835	1412	3.0
835	1803	2.4
835	1804	2.4
835	1808	1.6
835	1810	3.8
835	1814	2.5
835	1892	1.5
835	2341	1.9
835	2343	3.0
835	2346	1.6
835	2347	5.0
835	2661	1.5
835	2787	2.8
835	2790	2.4
835	2859	1.2
835	2861	1.1
835	4165	2.2
835	4180	3.5
835	4460	3.5
835	6064	1.3
835	6292	1.4
835	10508	1.8
835	10509	1.7
845	188	3.9
845	503	4.0
845	533	1.8
845	593	1.8
845	607	2.7
845	707	4.8
845	726	1.0
845	812	4.6
845	841	1.0
845	917	5.0
845	918	4.5
845	920	3.7
845	949	3.4
845	1249	2.8
845	1274	1.0
845	1358	1.0
845	1360	4.2
845	1364	1.0
845	1411	2.6
845	2006	1.9
845	4787	4.0
845	6282	4.1
845	9552	1.9
845	10584	3.6
845	10585	3.3
845	10586	3.2
845	10587	1.5
845	10588	1.5
865	72	1.3
865	157	1.8
865	176	2.1
865	706	1.3
865	707	2.6
865	732	3.6
865	917	1.5
865	928	2.0
865	951	3.1
865	952	3.9
865	959	2.3
865	1249	2.2
865	1358	2.2
865	1366	4.8
865	1369	2.1
865	1527	3.5
865	1536	1.4
865	1803	5.0
865	1808	3.7
865	1913	2.0
865	1914	2.3
865	2343	4.6
865	2785	1.0
865	2787	2.2
865	2790	2.3
865	2838	1.7
865	3470	2.4
865	3480	2.6
865	3966	1.5
865	4165	2.1
865	4180	2.7
865	4460	3.6
865	5004	3.7
865	5006	1.7
865	5010	2.0
865	5011	1.4
865	5157	3.5
865	5159	1.1
865	5900	1.8
865	6292	2.1
865	7117	2.1
865	9345	2.8
865	9460	2.7
865	9819	1.4
865	9822	2.3
865	10686	3.1
865	10687	2.9
865	10688	2.5
865	10689	2.1
865	10690	1.3
869	503	5.0
869	707	2.8
869	917	4.5
869	918	4.2
869	923	4.6
869	949	3.3
869	1104	1.6
869	2009	2.3
869	3624	2.6
869	3806	1.0
887	152	4.0
887	163	2.0
887	170	1.7
887	186	2.0
887	188	3.5
887	190	1.9
887	370	1.2
887	436	1.1
887	511	1.3
887	615	1.6
887	824	2.3
887	944	3.0
887	959	1.5
887	961	3.6
887	1113	1.5
887	1837	1.9
887	1994	5.0
887	2172	1.3
887	2594	1.6
887	2757	1.5
887	2962	4.2
887	2964	3.2
887	2969	2.9
887	3272	1.3
887	3417	3.2
887	3421	1.1
887	3470	1.3
887	3723	1.8
887	3788	2.2
887	3805	1.0
887	3901	2.6
887	3940	2.5
887	4383	1.0
887	4675	3.1
887	6570	2.0
887	7428	1.2
887	7903	1.4
887	8658	1.8
887	9716	2.0
887	9717	2.0
887	10196	1.8
887	10828	3.8
887	10829	2.0
887	10830	2.0
887	10831	1.8
887	10832	1.7
887	10833	1.5
887	10834	1.4
887	10835	1.2
887	10836	1.1
890	77	1.0
890	99	1.2
890	159	1.8
890	163	1.3
890	176	1.7
890	227	2.5
890	234	1.5
890	429	1.6
890	706	2.3
890	707	1.2
890	724	2.4
890	728	1.7
890	732	1.8
890	733	2.1
890	735	1.6
890	868	3.3
890	917	1.3
890	918	2.2
890	951	2.5
890	952	3.8
890	959	5.0
890	1079	1.2
890	1122	1.3
890	1249	4.5
890	1360	2.0
890	1366	2.4
890	1369	2.1
890	1412	3.1
890	1803	3.7
890	1810	2.4
890	2343	1.8
890	2346	1.1
890	2347	3.3
890	2351	1.3
890	2463	1.2
890	2595	1.8
890	2624	1.6
890	2783	1.2
890	2784	3.5
890	2785	1.5
890	2787	2.2
890	3011	1.5
890	4031	2.6
890	4130	1.5
890	4460	1.9
890	7117	2.2
890	8794	1.4
890	10851	2.1
890	10852	1.4
890	10853	1.4
895	6	2.2
895	7	2.6
895	152	3.1
895	163	4.4
895	234	2.5
895	489	1.4
895	517	1.6
895	562	1.3
895	707	4.8
895	709	2.4
895	712	3.7
895	726	2.1
895	735	1.5
895	868	4.3
895	875	2.0
895	1099	1.4
895	1104	1.7
895	1146	4.3
895	1351	1.7
895	1358	2.4
895	1360	1.5
895	1369	3.7
895	1372	1.2
895	1411	2.2
895	1412	4.6
895	1415	2.0
895	1639	2.3
895	1707	2.1
895	1710	2.6
895	1908	1.4
895	1974	1.0
895	1977	1.2
895	1981	5.0
895	1984	3.2
895	1989	1.7
895	2475	1.4
895	2616	2.1
895	2746	1.1
895	2901	1.1
895	4675	1.2
895	4790	1.4
895	5297	3.0
895	5485	2.0
895	5488	1.1
895	5845	2.4
895	7414	1.0
895	9927	2.4
895	10897	2.4
895	10898	1.8
895	10899	1.1
931	238	1.5
931	441	1.3
931	706	5.0
931	707	3.5
931	839	1.1
931	841	4.1
931	843	1.6
931	845	2.9
931	846	2.4
931	917	1.5
931	918	4.1
931	1206	2.4
931	1216	1.8
931	1249	3.2
931	1257	2.4
931	1261	1.1
931	1274	1.0
931	1281	1.4
931	1286	1.3
931	1337	1.2
931	1358	2.2
931	1360	3.7
931	1411	2.3
931	1412	2.3
931	1526	3.1
931	1527	1.8
931	1531	1.3
931	1533	2.3
931	1549	1.2
931	1555	1.0
931	1976	2.6
931	2624	2.8
931	2823	2.5
931	4271	1.1
931	4946	1.6
931	5040	1.0
931	5126	1.3
931	6048	1.4
931	6983	2.7
931	7047	2.6
931	7472	1.7
931	9212	1.3
931	9260	1.3
931	11159	2.6
931	11160	2.4
931	11161	1.9
931	11162	1.6
931	11163	1.3
931	11164	1.1
931	11165	1.1
950	15	1.4
950	25	2.6
950	72	1.6
950	159	1.6
950	163	1.4
950	176	2.3
950	227	3.7
950	599	1.6
950	607	1.0
950	732	3.4
950	733	1.0
950	841	1.7
950	917	5.0
950	918	2.4
950	919	1.2
950	922	2.4
950	1069	1.9
950	1079	1.0
950	1259	1.2
950	1366	2.0
950	1414	1.9
950	1416	1.9
950	1803	1.5
950	1808	1.2
950	1809	1.5
950	1810	4.2
950	2341	1.2
950	2343	3.5
950	2787	2.6
950	2838	2.4
950	2973	2.7
950	3471	2.4
950	4165	1.5
950	4180	2.5
950	4271	1.6
950	4458	1.4
950	4460	1.6
950	4680	1.7
950	5008	2.0
950	5155	3.1
950	5157	1.2
950	5161	1.4
950	5164	2.5
950	7100	1.8
950	8386	1.3
950	9465	1.3
950	10689	1.2
950	10776	1.1
950	11301	1.5
950	11302	1.3
1021	72	3.1
1021	96	1.6
1021	154	2.1
1021	159	1.1
1021	163	4.2
1021	199	2.6
1021	202	2.5
1021	203	2.6
1021	212	1.0
1021	220	1.5
1021	225	3.8
1021	226	2.0
1021	227	2.4
1021	228	3.4
1021	366	3.6
1021	436	1.9
1021	443	1.1
1021	511	2.1
1021	554	1.8
1021	562	4.1
1021	599	3.6
1021	706	2.0
1021	709	4.2
1021	715	2.3
1021	718	1.6
1021	728	2.3
1021	735	4.4
1021	858	2.2
1021	868	2.2
1021	910	2.0
1021	959	2.3
1021	975	1.9
1021	982	2.4
1021	1103	1.1
1021	1126	2.4
1021	1242	1.0
1021	1372	1.2
1021	1412	5.0
1021	1413	1.4
1021	1415	1.5
1021	1426	1.9
1021	1772	2.3
1021	1795	1.1
1021	2136	1.2
1021	2786	1.0
1021	3308	1.0
1021	4922	1.1
1021	5605	3.4
1021	7126	2.6
1021	7227	1.0
1025	154	1.8
1025	163	4.6
1025	196	4.4
1025	207	2.0
1025	212	1.4
1025	220	4.6
1025	227	4.5
1025	234	1.4
1025	245	1.0
1025	250	5.0
1025	511	3.3
1025	607	2.3
1025	614	4.2
1025	630	3.0
1025	706	4.8
1025	727	2.2
1025	728	2.7
1025	733	2.8
1025	868	3.9
1025	917	2.3
1025	956	2.5
1025	959	3.1
1025	983	2.9
1025	1109	2.6
1025	1244	4.1
1025	1249	4.3
1025	1351	2.2
1025	1372	2.5
1025	1411	1.6
1025	1412	5.0
1025	1639	3.9
1025	1814	2.3
1025	1981	1.4
1025	2055	3.6
1025	2265	1.7
1025	2342	3.5
1025	2742	1.9
1025	3400	2.4
1025	3470	1.7
1025	3679	2.0
1025	4251	1.9
1025	5845	2.2
1025	6363	1.2
1025	6724	4.7
1025	7426	1.3
1025	9529	1.9
1025	11833	3.0
1025	11834	2.9
1025	11835	2.2
1025	11836	2.0
1064	96	1.6
1064	163	4.2
1064	192	2.5
1064	234	1.9
1064	316	1.2
1064	378	2.1
1064	706	4.0
1064	707	4.7
1064	710	3.0
1064	717	3.0
1064	724	4.2
1064	730	2.0
1064	732	1.6
1064	868	2.1
1064	917	4.0
1064	918	1.5
1064	930	2.6
1064	956	2.6
1064	959	3.4
1064	982	1.0
1064	1110	2.7
1064	1160	1.6
1064	1249	2.1
1064	1358	4.0
1064	1369	4.4
1064	1372	1.6
1064	1412	1.5
1064	1425	4.8
1064	1468	2.1
1064	1803	1.3
1064	2342	3.2
1064	2343	5.0
1064	2346	2.8
1064	2463	2.0
1064	2569	1.9
1064	2787	1.0
1064	2861	1.0
1064	2936	1.2
1064	3445	1.4
1064	3470	2.2
1064	3888	1.2
1064	4130	3.7
1064	5812	2.7
1064	8340	1.3
1064	8423	1.2
1064	8555	3.4
1064	8794	1.3
1064	12081	2.9
1064	12082	2.6
1064	12083	1.2
1174	706	1.6
1174	707	3.7
1174	724	3.0
1174	732	3.1
1174	841	1.0
1174	843	1.1
1174	917	1.9
1174	918	2.2
1174	951	1.9
1174	952	3.5
1174	954	3.1
1174	1249	3.4
1174	1353	1.0
1174	1358	3.3
1174	1366	3.3
1174	1369	1.5
1174	1513	1.7
1174	1522	3.1
1174	1803	5.0
1174	1808	1.4
1174	2343	3.9
1174	2363	2.0
1174	2781	3.4
1174	2782	3.2
1174	2785	2.9
1174	2790	1.7
1174	2797	1.5
1174	2838	1.8
1174	2859	1.9
1174	3471	1.0
1174	3474	1.8
1174	3480	1.5
1174	4165	3.7
1174	4180	1.3
1174	4460	1.7
1174	4807	3.0
1174	5004	3.0
1174	5006	1.2
1174	5008	1.1
1174	5165	1.5
1174	5841	1.5
1174	7117	2.0
1174	9460	1.1
1174	12934	3.0
1174	12935	1.7
1174	12936	1.4
1174	12937	1.3
1174	12938	1.2
1174	12939	1.2
1174	12940	1.0
1206	163	1.5
1206	227	3.0
1206	234	2.2
1206	554	1.9
1206	607	1.9
1206	706	3.2
1206	707	2.0
1206	724	1.6
1206	726	1.3
1206	841	1.5
1206	868	1.1
1206	917	2.8
1206	957	2.0
1206	959	1.1
1206	1202	1.0
1206	1358	1.0
1206	1369	4.2
1206	1372	5.0
1206	1412	3.3
1206	1639	2.0
1206	2013	1.4
1206	2075	1.5
1206	2265	2.0
1206	2343	1.9
1206	2787	1.8
1206	3302	1.2
1206	3470	2.4
1206	3774	3.9
1206	5692	2.4
1206	9529	1.1
1206	13106	4.0
1206	13107	3.6
1206	13108	3.2
1206	13109	3.0
1206	13110	2.8
1206	13111	2.8
1206	13112	2.7
1206	13113	2.5
1206	13114	2.3
1206	13115	2.3
1206	13116	2.3
1206	13117	2.2
1206	13118	2.0
1206	13119	1.9
1206	13120	1.8
1206	13121	1.8
1206	13122	1.7
1206	13123	1.6
1206	13124	1.4
1206	13125	1.1
1228	107	2.4
1228	152	5.0
1228	154	2.4
1228	163	3.9
1228	220	1.3
1228	226	1.8
1228	227	1.4
1228	230	1.7
1228	233	1.3
1228	234	1.6
1228	407	1.8
1228	441	2.1
1228	562	1.1
1228	603	3.1
1228	614	2.1
1228	707	1.9
1228	747	1.8
1228	769	3.3
1228	845	1.3
1228	881	2.0
1228	920	1.4
1228	959	2.7
1228	982	1.1
1228	1110	3.1
1228	1119	2.9
1228	1131	1.0
1228	1229	1.8
1228	1372	2.0
1228	1411	1.9
1228	1412	3.1
1228	1418	1.1
1228	1947	1.8
1228	1974	2.1
1228	2151	1.6
1228	2347	2.5
1228	2473	1.1
1228	2493	2.8
1228	2716	1.0
1228	2817	2.1
1228	3417	2.1
1228	3528	2.2
1228	3616	1.1
1228	3805	2.2
1228	4271	2.5
1228	6048	2.4
1228	6151	2.1
1228	6160	1.1
1228	6830	1.3
1228	9716	3.7
1228	13291	1.5
1350	56	3.2
1350	96	3.0
1350	163	3.1
1350	176	1.9
1350	190	1.1
1350	220	1.1
1350	226	2.7
1350	227	4.2
1350	233	1.8
1350	383	3.3
1350	607	3.9
1350	706	2.0
1350	724	3.3
1350	735	2.1
1350	856	1.3
1350	917	4.8
1350	918	1.6
1350	920	1.5
1350	922	2.4
1350	924	1.9
1350	940	1.8
1350	942	2.3
1350	959	1.1
1350	1110	4.1
1350	1122	2.1
1350	1132	1.2
1350	1249	2.1
1350	1338	1.2
1350	1343	3.2
1350	1350	1.0
1350	1358	2.7
1350	1369	2.4
1350	1372	2.4
1350	1394	1.9
1350	1412	4.1
1350	1639	3.3
1350	1703	1.9
1350	1883	1.9
1350	1993	1.3
1350	2346	2.6
1350	2362	1.1
1350	2565	1.1
1350	3774	1.3
1350	3777	1.9
1350	4130	2.5
1350	4675	2.9
1350	7052	1.8
1350	7054	5.0
1350	14052	2.0
1350	14053	1.7
1396	163	3.5
1396	227	1.9
1396	234	2.8
1396	436	2.0
1396	614	1.9
1396	706	2.3
1396	707	2.7
1396	724	1.1
1396	732	1.0
1396	735	2.1
1396	841	2.6
1396	843	2.4
1396	854	4.6
1396	855	1.7
1396	856	1.7
1396	868	3.8
1396	917	3.9
1396	918	5.0
1396	947	1.4
1396	949	1.5
1396	1249	1.2
1396	1257	2.9
1396	1337	2.3
1396	1344	1.6
1396	1352	1.3
1396	1358	2.1
1396	1360	1.7
1396	1364	1.4
1396	1369	2.3
1396	1372	1.1
1396	1412	3.0
1396	1426	2.9
1396	1525	1.2
1396	1526	1.2
1396	1527	2.4
1396	1528	2.4
1396	1531	2.2
1396	1660	1.7
1396	2013	1.2
1396	2347	1.2
1396	2855	1.1
1396	3470	1.7
1396	3780	2.1
1396	7419	1.6
1396	7421	1.8
1396	7422	1.3
1396	9344	1.0
1396	9818	2.0
1396	14304	2.1
1396	14305	1.4
1443	86	1.3
1443	157	1.0
1443	159	1.4
1443	163	3.5
1443	166	1.8
1443	176	1.0
1443	227	2.4
1443	705	1.7
1443	706	1.7
1443	707	1.4
1443	712	1.7
1443	714	3.4
1443	715	2.5
1443	725	1.3
1443	728	1.3
1443	868	3.2
1443	889	1.6
1443	917	1.3
1443	924	1.8
1443	951	2.5
1443	952	1.0
1443	959	5.0
1443	1244	1.4
1443	1249	1.9
1443	1349	1.6
1443	1412	2.5
1443	1513	1.7
1443	1768	1.3
1443	1775	1.1
1443	1803	1.7
1443	1807	2.1
1443	2265	1.4
1443	2786	2.1
1443	2838	1.3
1443	2848	1.1
1443	3204	2.3
1443	3741	1.1
1443	3742	1.0
1443	3745	2.1
1443	4031	1.7
1443	4165	2.9
1443	4180	2.2
1443	5455	1.1
1443	5772	2.7
1443	6722	2.4
1443	8649	1.6
1443	9822	2.4
1443	14584	1.4
1443	14585	1.2
1443	14586	1.2
1536	12	1.6
1536	15	1.7
1536	72	2.7
1536	190	1.1
1536	198	2.8
1536	220	1.0
1536	517	2.1
1536	706	1.6
1536	707	1.6
1536	824	1.0
1536	841	3.5
1536	917	5.0
1536	918	3.6
1536	922	3.1
1536	947	2.1
1536	949	2.9
1536	954	1.9
1536	959	1.4
1536	1044	2.7
1536	1104	2.7
1536	1119	1.4
1536	1249	1.8
1536	1257	2.1
1536	1261	2.9
1536	1339	1.4
1536	1347	2.2
1536	1350	1.0
1536	1358	2.8
1536	1360	2.9
1536	1372	1.1
1536	1521	1.3
1536	1527	2.1
1536	1639	1.7
1536	1804	1.4
1536	1810	1.1
1536	2342	1.1
1536	2346	1.1
1536	2347	2.4
1536	2493	1.2
1536	2835	1.1
1536	3624	1.4
1536	4271	2.2
1536	4680	1.0
1536	5076	1.6
1536	5157	1.1
1536	6273	1.7
1536	7386	1.7
1536	10686	1.5
1536	15222	2.1
1536	15223	1.3
1556	152	4.6
1556	154	1.0
1556	163	2.7
1556	181	3.9
1556	186	1.5
1556	188	3.3
1556	190	2.2
1556	226	1.0
1556	227	3.9
1556	238	1.1
1556	370	1.3
1556	436	2.7
1556	506	1.1
1556	737	2.0
1556	854	1.1
1556	856	1.1
1556	869	1.7
1556	920	3.2
1556	963	2.2
1556	1113	1.7
1556	1131	1.4
1556	1134	3.6
1556	1433	2.4
1556	1992	1.2
1556	2003	1.4
1556	2006	5.0
1556	2624	1.5
1556	2775	3.0
1556	2962	1.0
1556	3264	2.0
1556	3417	1.5
1556	3788	1.3
1556	3798	1.0
1556	3940	1.1
1556	4613	1.4
1556	4693	3.8
1556	7049	2.5
1556	7530	2.7
1556	7802	1.7
1556	8904	1.2
1556	10675	3.2
1556	10717	4.5
1556	10833	1.8
1556	12930	2.6
1556	13128	2.0
1556	15302	2.8
1556	15303	1.5
1556	15304	1.3
1556	15305	1.3
1556	15306	1.1
1586	176	2.4
1586	198	2.0
1586	220	2.9
1586	234	1.9
1586	472	1.1
1586	521	2.0
1586	706	2.2
1586	707	4.6
1586	732	2.9
1586	808	1.7
1586	821	1.0
1586	841	2.7
1586	843	2.2
1586	854	3.2
1586	917	4.4
1586	918	5.0
1586	928	1.2
1586	930	1.7
1586	947	1.4
1586	951	2.1
1586	952	3.5
1586	1104	2.1
1586	1249	2.9
1586	1257	1.8
1586	1337	3.3
1586	1358	2.8
1586	1360	2.6
1586	1366	2.5
1586	1369	2.3
1586	1372	1.1
1586	1521	1.0
1586	1527	2.6
1586	1810	3.2
1586	1811	1.8
1586	1981	2.1
1586	2342	1.0
1586	2360	1.7
1586	2744	2.1
1586	2838	1.3
1586	3238	2.0
1586	3624	2.3
1586	3628	2.6
1586	3636	3.5
1586	3640	2.0
1586	5157	2.1
1586	5485	1.2
1586	6259	1.3
1586	10774	1.7
1586	10897	2.1
1586	15455	1.5
1592	176	1.1
1592	220	2.1
1592	228	4.3
1592	229	2.0
1592	230	3.6
1592	234	1.7
1592	316	1.1
1592	371	1.3
1592	377	1.3
1592	378	2.3
1592	383	3.8
1592	403	1.6
1592	472	3.6
1592	489	1.7
1592	493	1.9
1592	497	2.5
1592	511	1.0
1592	533	2.4
1592	614	1.1
1592	706	5.0
1592	707	3.2
1592	714	1.1
1592	735	1.3
1592	854	1.4
1592	917	1.2
1592	932	1.0
1592	952	2.6
1592	959	1.9
1592	966	2.1
1592	982	4.4
1592	1104	3.6
1592	1116	2.5
1592	1186	2.4
1592	1239	1.2
1592	1248	1.5
1592	1249	4.9
1592	1406	3.8
1592	1672	1.4
1592	1866	3.7
1592	1873	2.5
1592	1974	1.1
1592	2344	1.0
1592	2346	3.7
1592	2347	2.7
1592	2364	3.1
1592	3400	2.5
1592	3873	1.9
1592	4179	2.3
1592	5772	1.2
1592	15472	2.5
1596	163	3.9
1596	176	4.3
1596	220	3.9
1596	227	4.9
1596	234	1.3
1596	533	2.1
1596	554	2.7
1596	562	3.7
1596	706	5.0
1596	709	3.7
1596	712	2.2
1596	730	1.5
1596	733	3.6
1596	735	4.7
1596	857	1.6
1596	868	2.6
1596	951	2.7
1596	959	4.0
1596	1242	1.0
1596	1249	3.6
1596	1369	4.4
1596	1372	4.7
1596	1412	5.0
1596	1414	1.2
1596	1415	3.1
1596	1468	1.8
1596	1469	2.6
1596	1639	3.5
1596	1977	2.3
1596	2127	1.4
1596	2341	1.8
1596	2346	4.9
1596	2351	2.5
1596	2463	3.5
1596	2786	2.4
1596	2788	1.5
1596	2899	1.8
1596	3774	4.4
1596	4087	2.0
1596	4130	1.0
1596	4180	1.4
1596	5452	1.4
1596	7039	1.1
1596	7935	1.9
1596	8559	1.1
1596	15480	1.6
1596	15481	1.3
1596	15482	1.3
1596	15483	1.0
1596	15484	1.0
1627	163	4.5
1627	227	4.3
1627	234	1.1
1627	599	4.2
1627	607	1.4
1627	706	2.7
1627	707	2.7
1627	733	2.5
1627	735	2.1
1627	841	1.5
1627	857	1.1
1627	868	3.9
1627	917	1.9
1627	918	1.4
1627	952	1.3
1627	959	2.5
1627	1206	1.1
1627	1244	1.8
1627	1249	2.9
1627	1257	1.7
1627	1261	1.9
1627	1337	1.2
1627	1364	1.2
1627	1369	3.0
1627	1372	1.7
1627	1412	5.0
1627	1415	1.6
1627	1426	1.0
1627	1464	1.3
1627	1513	2.8
1627	1806	1.5
1627	2013	1.0
1627	2265	1.4
1627	2343	2.1
1627	2347	1.7
1627	2784	2.4
1627	2790	1.1
1627	2854	1.4
1627	2871	3.4
1627	3458	1.4
1627	3648	1.5
1627	3774	1.4
1627	4251	1.8
1627	5175	1.2
1627	5485	1.7
1627	5844	2.7
1627	6165	1.3
1627	7048	1.3
1627	8794	1.2
1627	9928	1.0
1640	176	1.1
1640	181	2.3
1640	198	4.3
1640	233	1.3
1640	234	3.2
1640	370	2.8
1640	486	1.9
1640	488	3.3
1640	497	1.1
1640	503	1.4
1640	504	1.8
1640	706	3.2
1640	710	2.3
1640	724	2.1
1640	726	2.5
1640	735	2.1
1640	841	2.1
1640	917	5.0
1640	918	4.2
1640	922	4.1
1640	923	3.5
1640	982	3.1
1640	1044	2.8
1640	1179	1.9
1640	1249	2.7
1640	1347	1.0
1640	1351	4.3
1640	1358	2.8
1640	1360	1.0
1640	1369	3.0
1640	1372	1.5
1640	1412	1.9
1640	1672	2.0
1640	1984	2.6
1640	2342	2.9
1640	2372	1.3
1640	2595	2.9
1640	2664	2.3
1640	2765	1.5
1640	2794	1.4
1640	3238	1.4
1640	3624	1.6
1640	3628	2.7
1640	3646	1.2
1640	4286	1.6
1640	6259	1.3
1640	8422	1.0
1640	15769	2.6
1640	15770	2.4
1640	15771	1.5
1671	176	1.0
1671	562	1.0
1671	706	1.6
1671	707	2.3
1671	732	2.0
1671	841	2.6
1671	918	1.7
1671	947	1.8
1671	954	1.9
1671	1206	1.5
1671	1261	2.0
1671	1274	1.1
1671	1358	1.6
1671	1360	2.3
1671	1369	5.0
1671	1372	2.6
1671	1412	1.1
1671	1522	1.0
1671	1527	2.0
1671	1531	1.6
1671	1533	1.0
1671	1814	1.0
1671	2013	1.3
1671	2834	2.5
1671	3011	2.8
1671	3470	1.6
1671	3774	1.9
1671	4124	2.2
1671	4273	1.0
1671	5172	1.3
1671	5296	1.7
1671	5600	1.6
1671	6362	1.1
1671	7047	2.3
1671	7331	1.5
1671	7795	1.5
1671	7796	1.1
1671	7798	1.3
1671	7800	1.2
1671	10620	2.3
1671	10764	1.2
1671	13123	1.5
1671	15983	1.7
1671	15984	1.6
1671	15985	1.6
1671	15986	1.4
1671	15987	1.2
1671	15988	1.1
1671	15989	1.0
1671	15990	1.0
1702	163	3.8
1702	212	1.9
1702	227	2.4
1702	554	2.8
1702	562	2.9
1702	599	1.0
1702	607	3.0
1702	728	1.6
1702	730	2.8
1702	735	2.9
1702	863	1.7
1702	868	1.6
1702	1369	3.5
1702	1372	4.2
1702	1411	1.4
1702	1412	5.0
1702	1413	1.6
1702	1415	1.4
1702	1416	2.0
1702	1425	2.0
1702	2127	1.7
1702	2265	2.6
1702	2342	1.0
1702	2343	1.7
1702	2787	3.4
1702	2834	1.8
1702	2855	2.6
1702	2899	1.7
1702	3308	1.3
1702	3470	2.6
1702	3774	4.1
1702	3888	2.6
1702	3921	2.2
1702	4124	2.8
1702	4180	3.3
1702	4251	1.2
1702	4460	2.1
1702	4675	2.2
1702	4784	1.1
1702	5172	2.6
1702	5844	1.7
1702	6165	2.5
1702	6267	1.7
1702	6362	1.7
1702	8546	1.4
1702	8794	1.6
1702	9347	2.6
1702	11501	2.6
1702	16138	1.2
1702	16139	1.1
1783	56	1.9
1783	59	2.3
1783	159	2.2
1783	163	3.5
1783	170	2.2
1783	176	2.2
1783	190	1.5
1783	207	3.8
1783	212	3.2
1783	220	1.4
1783	226	1.6
1783	227	4.6
1783	228	2.1
1783	229	1.7
1783	234	3.3
1783	366	2.0
1783	421	3.3
1783	424	2.2
1783	453	1.1
1783	498	2.7
1783	533	1.4
1783	562	3.4
1783	599	2.2
1783	614	5.0
1783	705	3.0
1783	706	3.2
1783	707	1.7
1783	714	2.8
1783	854	1.5
1783	857	1.1
1783	868	1.2
1783	924	2.4
1783	982	2.8
1783	1090	1.1
1783	1110	2.3
1783	1119	1.1
1783	1412	3.2
1783	1426	1.6
1783	1639	1.3
1783	1873	1.8
1783	1905	1.2
1783	2183	1.5
1783	2347	1.3
1783	2606	2.6
1783	2834	2.0
1783	3797	3.0
1783	4349	1.8
1783	5226	1.0
1783	12911	1.5
1783	16665	1.5
1792	163	2.7
1792	176	2.1
1792	212	2.6
1792	227	4.2
1792	562	3.6
1792	565	2.4
1792	580	2.4
1792	583	1.8
1792	585	1.4
1792	599	2.5
1792	607	2.7
1792	707	1.9
1792	728	1.8
1792	732	1.0
1792	735	1.6
1792	863	2.8
1792	868	2.7
1792	959	2.9
1792	1358	2.1
1792	1369	3.7
1792	1372	3.2
1792	1412	5.0
1792	1413	2.9
1792	1415	1.5
1792	1426	1.4
1792	1639	1.8
1792	1757	2.6
1792	1806	1.6
1792	2342	1.5
1792	2786	2.0
1792	2787	1.8
1792	2855	3.5
1792	2864	1.5
1792	3470	1.6
1792	3475	1.0
1792	3481	3.7
1792	3776	1.1
1792	4251	2.1
1792	4675	1.9
1792	4784	2.4
1792	4790	1.5
1792	5416	3.7
1792	5660	1.2
1792	5844	1.1
1792	7047	3.6
1792	7056	1.5
1792	8111	1.3
1792	8126	2.4
1792	8815	2.3
1792	13123	2.3
1839	227	2.5
1839	245	1.9
1839	562	1.9
1839	724	2.7
1839	728	2.8
1839	732	2.4
1839	881	2.3
1839	917	3.0
1839	922	1.9
1839	942	1.7
1839	957	1.1
1839	1104	2.0
1839	1338	1.0
1839	1348	2.3
1839	1358	2.9
1839	1369	5.0
1839	1372	2.6
1839	1412	1.9
1839	1426	3.2
1839	1810	2.1
1839	2004	1.1
1839	2342	3.9
1839	2343	1.8
1839	2347	1.4
1839	2362	2.7
1839	2380	1.0
1839	2463	1.1
1839	2787	2.5
1839	2838	1.6
1839	2873	2.7
1839	2901	2.0
1839	3470	3.0
1839	3774	2.1
1839	4124	1.4
1839	4251	2.7
1839	5672	1.4
1839	5688	2.4
1839	6748	1.7
1839	6959	2.4
1839	7050	1.9
1839	8386	1.5
1839	9334	1.1
1839	12081	2.7
1839	13074	1.7
1839	15817	2.0
1839	16947	2.4
1839	16948	2.2
1839	16949	1.7
1839	16950	1.1
1839	16951	1.1
1858	7	1.6
1858	176	1.7
1858	198	2.3
1858	227	1.4
1858	500	1.0
1858	517	1.7
1858	724	4.4
1858	732	2.2
1858	841	3.7
1858	843	2.3
1858	846	2.2
1858	917	4.6
1858	918	3.7
1858	922	2.5
1858	923	1.3
1858	928	3.4
1858	942	1.8
1858	947	2.0
1858	957	1.8
1858	1342	1.5
1858	1343	1.3
1858	1346	2.2
1858	1353	3.1
1858	1358	4.9
1858	1360	4.2
1858	1366	3.5
1858	1369	5.0
1858	1372	2.9
1858	1527	2.8
1858	1531	1.4
1858	1535	1.2
1858	1803	1.5
1858	1992	1.7
1858	2341	2.4
1858	2342	4.2
1858	2343	1.7
1858	2347	1.0
1858	2380	1.4
1858	2664	2.8
1858	2787	2.1
1858	2838	2.9
1858	3445	2.3
1858	3470	3.0
1858	3471	1.2
1858	3476	3.1
1858	4286	1.5
1858	5157	3.8
1858	5668	1.8
1858	6748	1.6
1858	10686	2.5
1860	706	3.1
1860	707	4.5
1860	724	2.5
1860	841	2.8
1860	843	1.1
1860	917	5.0
1860	918	4.4
1860	922	1.4
1860	928	2.5
1860	937	2.1
1860	942	2.1
1860	946	3.9
1860	947	2.1
1860	949	3.8
1860	953	1.5
1860	956	1.5
1860	957	2.9
1860	1110	1.6
1860	1257	3.0
1860	1339	2.5
1860	1349	1.9
1860	1350	3.3
1860	1352	2.4
1860	1358	4.1
1860	1360	3.6
1860	1364	1.3
1860	1369	4.4
1860	1372	2.0
1860	1412	1.0
1860	1521	1.9
1860	1522	1.9
1860	1526	1.2
1860	1527	2.6
1860	2004	1.7
1860	2342	4.4
1860	3470	2.2
1860	3476	1.9
1860	4156	3.6
1860	5585	1.7
1860	5688	2.4
1860	5689	1.5
1860	5899	1.8
1860	8696	1.5
1860	17173	3.0
1860	17174	3.0
1860	17175	2.9
1860	17176	2.5
1860	17177	2.4
1860	17178	1.3
1860	17179	1.2
1868	157	2.3
1868	163	4.2
1868	383	2.2
1868	533	1.6
1868	614	2.7
1868	706	4.0
1868	728	2.5
1868	917	5.0
1868	922	4.8
1868	959	3.8
1868	966	2.0
1868	975	3.9
1868	1104	3.4
1868	1249	3.3
1868	1347	3.0
1868	1358	3.7
1868	1369	4.6
1868	1372	3.4
1868	1425	3.2
1868	1426	3.7
1868	1639	1.8
1868	2342	4.4
1868	2347	2.1
1868	2763	1.2
1868	2855	3.2
1868	3470	2.9
1868	5155	1.4
1868	5164	2.7
1868	5485	1.8
1868	5688	3.1
1868	6259	3.7
1868	17270	2.7
1868	17271	2.0
1868	17272	1.0
1868	17273	1.0
1868	17274	1.0
1889	163	3.7
1889	212	1.6
1889	227	2.9
1889	554	2.7
1889	562	3.3
1889	563	1.1
1889	599	2.2
1889	607	3.3
1889	630	2.0
1889	730	3.5
1889	735	3.1
1889	863	3.1
1889	868	2.7
1889	1103	1.2
1889	1369	3.6
1889	1372	4.0
1889	1412	5.0
1889	1413	1.4
1889	1415	2.3
1889	1416	1.5
1889	1425	1.3
1889	1639	1.8
1889	1806	1.7
1889	2127	1.1
1889	2265	2.3
1889	2343	1.4
1889	2787	2.8
1889	2834	2.4
1889	2855	3.1
1889	2871	2.3
1889	3458	1.7
1889	3470	1.0
1889	3481	1.3
1889	3774	4.1
1889	3888	3.0
1889	4180	2.0
1889	4251	1.9
1889	4460	1.2
1889	4538	1.1
1889	4675	2.6
1889	4784	1.6
1889	5172	1.7
1889	5844	2.0
1889	6165	1.2
1889	6267	1.2
1889	6362	1.3
1889	8794	1.6
1889	10412	1.6
1889	11501	2.3
1889	16138	1.7
1968	7	2.2
1968	176	1.2
1968	198	2.9
1968	220	2.0
1968	226	1.7
1968	227	1.6
1968	234	3.2
1968	377	2.5
1968	614	3.9
1968	706	3.2
1968	707	4.1
1968	710	3.7
1968	724	5.0
1968	735	1.2
1968	854	2.6
1968	856	1.8
1968	860	2.0
1968	917	3.0
1968	922	1.3
1968	952	1.3
1968	1044	1.4
1968	1104	2.7
1968	1119	1.9
1968	1249	3.9
1968	1358	1.5
1968	1360	2.7
1968	1369	4.6
1968	1372	3.0
1968	1412	1.6
1968	1778	1.1
1968	1873	2.1
1968	2342	1.2
1968	2346	3.2
1968	2379	1.4
1968	2595	1.5
1968	2789	2.4
1968	2791	1.5
1968	2835	1.7
1968	2836	1.6
1968	2975	1.2
1968	3475	1.3
1968	4105	3.2
1968	4342	1.7
1968	4800	1.4
1968	5105	1.3
1968	5688	1.7
1968	8351	1.7
1968	9716	2.0
1968	16950	1.3
1968	17925	1.0
1978	154	1.5
1978	176	2.0
1978	220	1.1
1978	234	1.1
1978	511	1.2
1978	706	2.2
1978	707	5.0
1978	724	3.5
1978	732	3.1
1978	841	1.5
1978	843	1.0
1978	854	1.3
1978	917	3.5
1978	918	5.0
1978	920	1.4
1978	951	4.5
1978	952	3.1
1978	959	1.1
1978	1249	3.7
1978	1358	3.7
1978	1360	1.7
1978	1364	1.6
1978	1369	2.8
1978	1372	1.0
1978	1412	1.0
1978	1803	3.8
1978	1808	1.9
1978	1810	3.7
1978	2342	1.4
1978	2343	3.2
1978	2346	2.4
1978	2347	3.2
1978	2360	1.1
1978	2565	2.0
1978	2787	2.1
1978	2790	2.6
1978	2859	1.8
1978	2973	1.1
1978	3083	2.1
1978	3473	1.3
1978	3474	1.0
1978	4165	3.1
1978	4180	1.6
1978	4460	1.5
1978	5165	1.7
1978	6292	1.1
1978	9462	1.6
1978	9822	1.1
1978	17991	1.9
1978	17992	1.4
1986	152	1.4
1986	163	2.7
1986	176	1.1
1986	227	1.9
1986	234	1.2
1986	380	1.2
1986	498	2.1
1986	607	2.5
1986	706	3.1
1986	707	2.5
1986	724	3.0
1986	841	3.4
1986	843	2.6
1986	917	5.0
1986	918	3.6
1986	923	1.0
1986	928	2.1
1986	932	2.9
1986	942	2.6
1986	946	2.3
1986	953	1.4
1986	954	2.0
1986	957	1.5
1986	1338	1.3
1986	1358	2.6
1986	1360	2.3
1986	1364	2.0
1986	1369	2.9
1986	1412	3.1
1986	1415	1.6
1986	1672	2.9
1986	1854	1.2
1986	2341	1.0
1986	2342	1.9
1986	2343	1.2
1986	2347	1.7
1986	2664	1.3
1986	2746	3.1
1986	2765	1.3
1986	2797	2.4
1986	2834	1.7
1986	2844	3.6
1986	3093	1.1
1986	5451	2.4
1986	5772	1.3
1986	6282	1.6
1986	8042	1.0
1986	8351	1.4
1986	8386	1.6
1986	18022	2.3
2001	166	1.3
2001	198	1.2
2001	488	1.2
2001	494	1.0
2001	497	1.1
2001	517	2.6
2001	518	1.1
2001	533	1.2
2001	614	2.0
2001	706	1.3
2001	707	3.4
2001	710	1.6
2001	724	2.1
2001	779	1.3
2001	785	2.4
2001	816	1.4
2001	826	1.2
2001	841	1.1
2001	843	5.0
2001	854	1.9
2001	922	1.2
2001	923	1.2
2001	930	1.2
2001	937	1.6
2001	949	1.5
2001	954	1.4
2001	978	1.5
2001	1044	1.7
2001	1104	1.8
2001	1119	1.2
2001	1145	1.7
2001	1249	1.1
2001	1274	1.4
2001	1342	1.1
2001	1527	1.9
2001	1545	2.3
2001	1672	2.6
2001	1817	1.3
2001	2143	1.3
2001	2379	1.2
2001	2380	1.9
2001	3240	2.6
2001	3637	1.3
2001	3722	1.0
2001	4284	1.1
2001	6120	1.2
2001	8259	1.7
2001	18135	1.8
2001	18136	1.6
2001	18137	1.1
2093	96	2.0
2093	176	2.6
2093	554	1.1
2093	607	2.1
2093	706	2.8
2093	718	1.3
2093	724	3.9
2093	728	1.0
2093	730	1.1
2093	733	1.1
2093	735	3.9
2093	868	1.8
2093	917	1.6
2093	959	1.3
2093	1244	3.3
2093	1360	3.6
2093	1369	4.2
2093	1372	5.0
2093	1415	3.6
2093	1426	2.1
2093	1639	3.8
2093	2342	2.2
2093	2343	1.1
2093	2346	1.2
2093	2742	1.8
2093	2786	3.0
2093	2787	2.3
2093	2834	2.8
2093	2853	3.6
2093	2855	2.2
2093	2871	1.4
2093	2893	2.4
2093	2899	2.3
2093	3470	1.5
2093	3774	3.0
2093	3888	3.2
2093	4251	2.1
2093	4369	1.1
2093	4541	1.6
2093	5168	1.2
2093	5844	1.7
2093	6165	3.6
2093	8111	2.6
2093	8122	1.1
2093	8794	2.4
2093	9347	1.2
2093	9926	1.2
2093	10412	1.6
2093	18656	1.8
2093	18657	1.0
2097	56	1.2
2097	59	1.4
2097	72	5.0
2097	81	1.7
2097	154	2.5
2097	159	2.4
2097	163	1.2
2097	166	1.1
2097	199	1.3
2097	203	1.0
2097	206	2.1
2097	207	3.7
2097	217	1.0
2097	221	1.0
2097	223	1.1
2097	225	3.2
2097	226	1.9
2097	228	1.0
2097	238	1.5
2097	416	1.1
2097	424	1.4
2097	432	1.8
2097	434	2.2
2097	441	1.3
2097	511	1.0
2097	533	1.4
2097	614	1.2
2097	620	1.3
2097	709	3.2
2097	859	1.4
2097	982	1.9
2097	1106	2.5
2097	1151	1.7
2097	1376	1.2
2097	1394	1.4
2097	1412	3.0
2097	1510	1.3
2097	1976	1.4
2097	2137	1.0
2097	2582	1.7
2097	2821	2.6
2097	3475	2.7
2097	3892	1.9
2097	4074	1.4
2097	4435	1.2
2097	5154	1.5
2097	5237	3.6
2097	10385	1.2
2097	12918	1.0
2097	18026	1.0
