userID	artistID	rating
4	51	1.2
4	53	2.6
4	64	2.0
4	65	1.5
4	70	1.9
4	72	5.0
4	77	1.9
4	151	3.8
4	152	3.3
4	153	2.9
4	154	2.8
4	155	2.7
4	156	2.7
4	157	2.6
4	158	2.6
4	159	2.6
4	160	2.6
4	161	2.5
4	162	2.2
4	163	2.1
4	164	2.1
4	165	2.0
4	166	2.0
4	167	1.9
4	168	1.9
4	169	1.8
4	170	1.8
4	171	1.8
4	172	1.6
4	173	1.5
4	174	1.5
4	175	1.5
4	176	1.5
4	177	1.5
4	178	1.5
4	179	1.4
4	180	1.3
4	181	1.3
4	182	1.3
4	183	1.3
4	184	1.3
4	185	1.3
4	186	1.2
4	187	1.2
4	188	1.2
4	189	1.1
4	190	1.1
4	191	1.1
4	192	1.0
4	193	1.0
23	7	1.8
23	72	4.4
23	152	2.3
23	159	2.6
23	163	1.1
23	181	2.2
23	220	1.0
23	226	2.2
23	227	1.3
23	233	2.5
23	420	1.1
23	436	2.0
23	511	3.3
23	599	3.2
23	615	1.2
23	707	1.6
23	851	5.0
23	852	3.6
23	853	3.4
23	854	2.9
23	855	2.6
23	856	2.0
23	857	1.9
23	858	1.9
23	859	1.9
23	860	1.8
23	861	1.8
23	862	1.8
23	863	1.7
23	864	1.7
23	865	1.7
23	866	1.7
23	867	1.7
23	868	1.6
23	869	1.5
23	870	1.5
23	871	1.4
23	872	1.4
23	873	1.4
23	874	1.3
23	875	1.3
23	876	1.1
23	877	1.1
23	878	1.1
23	879	1.1
23	880	1.1
23	881	1.1
23	882	1.1
23	883	1.0
23	884	1.0
31	30	1.9
31	55	1.9
31	56	2.3
31	59	1.8
31	67	1.1
31	72	5.0
31	77	1.6
31	159	1.2
31	227	1.8
31	238	1.7
31	289	2.5
31	515	1.0
31	534	2.3
31	603	1.3
31	757	2.0
31	875	2.1
31	880	2.6
31	959	1.4
31	972	2.6
31	1001	3.3
31	1028	1.9
31	1060	3.1
31	1061	3.1
31	1062	2.7
31	1063	2.6
31	1064	2.6
31	1065	2.4
31	1066	2.3
31	1067	2.2
31	1068	2.1
31	1069	2.0
31	1070	2.0
31	1071	1.7
31	1072	1.6
31	1073	1.6
31	1074	1.6
31	1075	1.6
31	1076	1.4
31	1077	1.4
31	1078	1.4
31	1079	1.4
31	1080	1.4
31	1081	1.3
31	1082	1.3
31	1083	1.3
31	1084	1.2
31	1085	1.2
31	1086	1.2
31	1087	1.2
31	1088	1.1
34	1	1.2
34	53	1.2
34	59	3.7
34	70	1.8
34	72	4.1
34	163	3.7
34	173	2.9
34	196	2.5
34	199	3.8
34	220	2.0
34	225	3.3
34	226	1.9
34	227	3.1
34	229	1.3
34	390	4.7
34	397	2.0
34	416	5.0
34	418	2.2
34	430	1.0
34	441	4.3
34	511	1.4
34	599	3.7
34	622	2.1
34	717	4.0
34	851	2.4
34	959	2.0
34	1109	1.2
34	1146	4.2
34	1147	4.0
34	1148	3.2
34	1149	2.9
34	1150	2.9
34	1151	2.7
34	1152	2.3
34	1153	2.3
34	1154	2.0
34	1155	1.9
34	1156	1.7
34	1157	1.7
34	1158	1.6
34	1159	1.6
34	1160	1.5
34	1161	1.5
34	1162	1.2
34	1163	1.1
34	1164	1.1
34	1165	1.1
34	1166	1.1
34	1167	1.0
34	1168	1.0
62	51	2.8
62	54	1.6
62	64	1.4
62	65	3.1
62	70	1.2
62	72	5.0
62	75	1.0
62	81	1.2
62	154	2.3
62	173	2.7
62	182	3.4
62	187	2.1
62	189	1.8
62	190	2.6
62	191	1.8
62	220	1.4
62	221	1.3
62	227	1.1
62	234	2.6
62	238	2.3
62	310	1.7
62	378	1.9
62	533	1.2
62	868	2.3
62	961	1.6
62	1072	2.3
62	1097	1.4
62	1306	1.9
62	1375	2.7
62	1384	1.7
62	1713	2.1
62	1784	2.9
62	1785	2.3
62	1786	1.8
62	1787	1.8
62	1788	1.5
62	1789	1.5
62	1790	1.5
62	1791	1.4
62	1792	1.4
62	1793	1.4
62	1794	1.4
62	1795	1.3
62	1796	1.2
62	1797	1.2
62	1798	1.2
62	1799	1.1
62	1800	1.1
62	1801	1.1
62	1802	1.0
99	65	2.9
99	66	2.3
99	70	2.9
99	72	5.0
99	81	1.5
99	89	1.1
99	154	2.4
99	157	1.9
99	159	1.3
99	173	4.0
99	190	2.1
99	204	1.2
99	210	2.1
99	228	2.7
99	229	3.8
99	234	2.1
99	238	1.4
99	377	1.4
99	418	1.7
99	419	1.8
99	424	1.3
99	443	1.9
99	504	2.7
99	533	1.0
99	703	1.8
99	709	1.7
99	757	3.4
99	959	1.6
99	1072	2.4
99	1075	1.9
99	1099	1.6
99	1104	1.0
99	1379	1.5
99	1384	1.3
99	1390	1.1
99	1397	1.1
99	1400	2.5
99	1713	3.1
99	1983	1.4
99	2014	1.1
99	2121	1.5
99	2131	1.0
99	2137	2.2
99	2582	1.5
99	2600	2.2
99	2601	1.5
99	2602	1.5
99	2603	1.4
99	2604	1.3
99	2605	1.1
103	53	1.6
103	64	2.0
103	65	1.9
103	72	5.0
103	75	2.1
103	89	2.2
103	154	2.9
103	159	1.8
103	166	1.2
103	182	1.0
103	190	1.6
103	198	1.3
103	207	1.7
103	227	1.3
103	228	1.2
103	238	1.1
103	250	2.8
103	377	1.0
103	389	1.5
103	425	1.7
103	475	2.2
103	538	2.0
103	599	1.4
103	715	1.7
103	877	2.8
103	959	1.2
103	963	2.1
103	969	1.4
103	1001	2.0
103	1073	2.8
103	1104	1.8
103	1109	1.2
103	1121	2.2
103	1122	2.3
103	1124	2.8
103	1130	2.8
103	1388	1.6
103	1491	2.3
103	1713	1.2
103	1886	1.6
103	2247	1.1
103	2339	1.9
103	2644	2.6
103	2645	1.6
103	2646	1.6
103	2647	1.5
103	2648	1.4
103	2649	1.2
103	2650	1.1
103	2651	1.0
117	51	3.6
117	55	2.1
117	59	2.8
117	61	1.5
117	67	2.5
117	72	5.0
117	91	2.7
117	96	1.4
117	99	1.1
117	100	1.3
117	157	2.2
117	159	1.7
117	180	2.0
117	187	2.6
117	192	1.0
117	193	1.8
117	227	1.4
117	253	1.5
117	268	2.8
117	294	1.0
117	377	1.3
117	429	1.5
117	467	1.1
117	717	3.8
117	730	1.3
117	905	1.1
117	994	1.5
117	997	1.5
117	998	2.5
117	999	1.7
117	1001	3.2
117	1003	1.4
117	1004	2.4
117	1008	1.6
117	1014	3.0
117	1019	1.4
117	1026	1.2
117	1883	1.9
117	1892	2.3
117	2029	1.3
117	2031	1.9
117	2183	2.1
117	2554	2.5
117	2933	3.0
117	2934	2.0
117	2935	1.9
117	2936	1.8
117	2937	1.6
117	2938	1.5
117	2939	1.1
124	7	1.2
124	63	2.7
124	65	1.7
124	70	1.3
124	72	5.0
124	75	2.0
124	154	1.9
124	157	1.2
124	173	3.3
124	182	1.8
124	187	2.3
124	190	2.8
124	198	1.7
124	201	1.2
124	229	2.2
124	230	1.5
124	377	2.7
124	407	3.3
124	486	1.7
124	489	1.0
124	504	1.3
124	533	1.6
124	538	1.1
124	707	1.8
124	727	1.4
124	954	1.3
124	1044	1.1
124	1061	2.0
124	1072	2.6
124	1099	1.9
124	1104	1.6
124	1406	1.0
124	1713	3.0
124	1788	1.2
124	1796	1.2
124	1859	2.5
124	2622	1.5
124	2747	1.0
124	3045	2.8
124	3046	2.2
124	3047	1.5
124	3048	1.5
124	3049	1.4
124	3050	1.4
124	3051	1.4
124	3052	1.3
124	3053	1.3
124	3054	1.1
124	3055	1.1
124	3056	1.0
142	7	1.1
142	36	1.5
142	51	2.7
142	59	3.6
142	67	2.0
142	72	1.2
142	159	5.0
142	429	3.4
142	441	1.4
142	466	1.5
142	599	1.7
142	627	2.1
142	868	1.2
142	880	2.0
142	997	2.5
142	1083	3.7
142	1203	2.4
142	1213	1.7
142	1504	1.7
142	1844	2.1
142	2289	1.2
142	2488	1.6
142	2531	2.7
142	2938	1.4
142	3201	1.9
142	3276	3.8
142	3277	2.9
142	3278	2.9
142	3279	2.8
142	3280	2.7
142	3281	2.5
142	3282	2.3
142	3283	2.2
142	3284	2.2
142	3285	2.0
142	3286	1.9
142	3287	1.8
142	3288	1.7
142	3289	1.6
142	3290	1.6
142	3291	1.4
142	3292	1.4
142	3293	1.3
142	3294	1.3
142	3295	1.2
142	3296	1.1
142	3297	1.1
142	3298	1.1
142	3299	1.0
142	3300	1.0
176	40	2.5
176	51	5.0
176	59	2.4
176	72	4.3
176	154	2.1
176	170	2.1
176	173	3.4
176	223	3.4
176	225	5.0
176	227	4.5
176	228	2.9
176	233	3.2
176	424	1.3
176	429	2.7
176	432	1.1
176	440	1.5
176	441	1.5
176	450	2.3
176	612	1.5
176	748	2.3
176	965	1.9
176	969	1.8
176	1075	2.5
176	1090	2.6
176	1219	1.8
176	1242	1.2
176	1376	2.4
176	1390	1.6
176	1803	1.0
176	1878	1.1
176	1886	1.8
176	2541	1.1
176	2584	2.8
176	2611	1.5
176	2637	1.3
176	2938	1.4
176	3030	2.0
176	3110	2.6
176	3258	3.2
176	3281	1.2
176	3411	2.7
176	3576	2.2
176	3732	2.9
176	3754	1.8
176	3767	3.0
176	3768	2.9
176	3769	2.5
176	3770	2.4
176	3771	1.4
176	3772	1.4
183	59	1.7
183	61	1.2
183	67	2.7
183	69	1.1
183	72	5.0
183	77	1.0
183	99	2.1
183	154	2.9
183	157	1.7
183	159	3.3
183	163	2.3
183	172	1.3
183	193	1.4
183	215	2.8
183	220	1.9
183	221	1.3
183	420	1.5
183	429	2.5
183	511	1.1
183	533	1.7
183	562	2.0
183	575	1.0
183	962	1.1
183	1072	2.3
183	1083	1.5
183	1085	1.4
183	1098	1.4
183	1118	1.2
183	1122	1.2
183	1384	1.0
183	1412	2.8
183	1713	1.4
183	2531	2.3
183	2559	1.8
183	3201	1.9
183	3280	2.7
183	3364	1.3
183	3884	2.7
183	3885	2.5
183	3886	2.3
183	3887	2.3
183	3888	2.1
183	3889	2.0
183	3890	1.9
183	3891	1.2
183	3892	1.2
183	3893	1.1
183	3894	1.1
183	3895	1.1
183	3896	1.0
191	7	2.0
191	51	1.6
191	52	1.8
191	66	1.3
191	72	5.0
191	75	1.3
191	157	1.2
191	171	1.0
191	187	3.3
191	190	1.3
191	197	1.3
191	220	1.6
191	238	1.8
191	868	1.2
191	936	1.2
191	1072	1.0
191	1090	1.5
191	1104	1.3
191	1298	1.0
191	1369	1.3
191	1372	1.8
191	1379	1.9
191	1410	1.1
191	1412	1.8
191	1713	3.3
191	1787	1.2
191	1791	2.0
191	2469	1.8
191	2735	1.2
191	2743	1.6
191	2747	1.8
191	3019	1.3
191	3047	1.1
191	3049	2.8
191	3053	2.5
191	3197	1.8
191	3302	1.2
191	3501	1.2
191	3837	1.3
191	3986	2.1
191	3987	1.6
191	3988	1.3
191	3989	1.3
191	3990	1.2
191	3991	1.2
191	3992	1.1
191	3993	1.0
191	3994	1.0
191	3995	1.0
191	3996	1.0
210	63	2.5
210	67	1.2
210	72	5.0
210	89	1.1
210	157	1.3
210	159	1.3
210	165	1.4
210	173	4.2
210	187	1.4
210	190	1.7
210	220	1.1
210	288	1.1
210	289	1.8
210	340	1.4
210	405	1.3
210	463	2.0
210	466	1.1
210	498	1.2
210	516	1.7
210	544	1.2
210	722	1.6
210	972	1.9
210	1001	2.6
210	1061	2.4
210	1062	1.2
210	1072	2.8
210	1075	1.7
210	1091	1.1
210	1379	1.9
210	1673	1.2
210	1713	3.8
210	1786	2.7
210	1791	1.4
210	2506	1.0
210	3046	2.8
210	4295	2.4
210	4296	1.8
210	4297	1.7
210	4298	1.6
210	4299	1.5
210	4300	1.5
210	4301	1.4
210	4302	1.3
210	4303	1.3
210	4304	1.2
210	4305	1.1
210	4306	1.1
210	4307	1.0
210	4308	1.0
210	4309	1.0
216	56	2.9
216	72	5.0
216	89	2.4
216	157	1.1
216	170	1.0
216	230	2.8
216	328	1.3
216	331	1.1
216	498	1.2
216	709	1.9
216	887	1.5
216	980	1.5
216	1014	1.1
216	1061	2.1
216	1062	1.7
216	1073	3.1
216	1075	4.2
216	1155	2.3
216	1243	1.5
216	1379	1.3
216	1398	2.0
216	1399	1.5
216	1400	1.5
216	1403	1.2
216	1449	1.1
216	1713	2.5
216	1886	1.3
216	1983	2.7
216	2824	1.1
216	3109	2.5
216	3266	2.5
216	3300	3.3
216	3502	1.1
216	3767	1.3
216	3781	1.8
216	4025	1.3
216	4381	2.6
216	4382	2.2
216	4383	2.2
216	4384	2.2
216	4385	2.1
216	4386	1.9
216	4387	1.8
216	4388	1.7
216	4389	1.4
216	4390	1.3
216	4391	1.2
216	4392	1.1
216	4393	1.1
216	4394	1.0
218	65	3.0
218	70	1.8
218	72	5.0
218	88	2.3
218	163	2.2
218	197	1.4
218	198	1.8
218	221	1.3
218	227	3.8
218	250	1.5
218	441	1.5
218	488	1.2
218	706	2.3
218	707	2.3
218	814	1.1
218	867	2.7
218	868	4.6
218	1044	1.7
218	1061	1.7
218	1072	3.5
218	1090	1.5
218	1104	1.1
218	1106	1.2
218	1112	1.4
218	1188	2.0
218	1410	1.3
218	1412	1.5
218	1414	1.5
218	1415	1.4
218	1416	1.1
218	1541	1.3
218	1639	2.8
218	1650	1.2
218	1713	2.3
218	2130	1.1
218	2186	1.5
218	2192	2.1
218	2200	2.2
218	2835	1.4
218	2902	2.3
218	3065	1.2
218	3934	1.1
218	4155	1.7
218	4166	2.2
218	4295	1.1
218	4423	1.8
218	4424	1.6
218	4425	1.6
218	4426	1.2
218	4427	1.0
244	65	1.8
244	69	2.6
244	89	1.4
244	157	1.1
244	190	3.0
244	207	2.7
244	209	1.3
244	220	1.0
244	228	2.1
244	246	1.4
244	283	1.1
244	288	1.4
244	294	1.4
244	295	1.4
244	298	1.8
244	300	1.9
244	301	5.0
244	304	2.5
244	306	1.1
244	378	2.4
244	424	1.7
244	430	1.9
244	481	1.5
244	486	2.0
244	498	2.1
244	514	1.4
244	533	1.2
244	538	1.2
244	540	1.7
244	683	2.0
244	693	1.2
244	715	1.0
244	716	2.0
244	903	1.7
244	1098	1.8
244	1180	1.5
244	1833	2.1
244	1934	2.0
244	2419	1.1
244	2544	2.9
244	3332	1.8
244	3398	1.9
244	3488	2.3
244	4291	1.4
244	4616	1.6
244	4708	2.5
244	4709	1.7
244	4710	1.5
244	4711	1.1
244	4712	1.1
274	1	2.5
274	7	1.8
274	8	1.6
274	72	5.0
274	157	3.4
274	265	2.7
274	374	2.1
274	375	3.8
274	385	1.4
274	390	2.9
274	395	1.3
274	396	2.3
274	397	1.6
274	401	1.1
274	877	1.4
274	1072	1.7
274	1713	1.6
274	1857	1.5
274	1910	2.5
274	1918	1.2
274	1930	1.8
274	2000	1.0
274	2101	1.2
274	2102	3.2
274	2346	2.0
274	3267	1.3
274	3324	2.9
274	3494	1.6
274	4558	1.3
274	5076	3.5
274	5077	3.1
274	5078	2.7
274	5079	2.6
274	5080	2.2
274	5081	2.0
274	5082	1.9
274	5083	1.9
274	5084	1.8
274	5085	1.8
274	5086	1.7
274	5087	1.7
274	5088	1.5
274	5089	1.5
274	5090	1.5
274	5091	1.3
274	5092	1.2
274	5093	1.1
274	5094	1.1
274	5095	1.1
274	5096	1.0
275	30	2.1
275	51	3.2
275	59	1.2
275	65	2.4
275	72	4.4
275	75	3.2
275	99	1.6
275	100	2.0
275	153	2.4
275	154	1.5
275	155	1.0
275	159	3.0
275	173	1.6
275	187	2.9
275	191	2.0
275	193	3.0
275	436	1.4
275	511	1.6
275	533	1.1
275	878	1.1
275	951	1.0
275	961	1.4
275	993	2.5
275	997	2.6
275	998	2.8
275	999	2.8
275	1001	3.2
275	1013	1.4
275	1014	3.7
275	1019	3.1
275	1027	1.5
275	1061	2.3
275	1072	3.6
275	1075	1.0
275	1375	1.1
275	1713	3.5
275	1772	1.2
275	1885	1.4
275	1886	2.0
275	1892	1.6
275	1895	1.4
275	3427	1.2
275	3617	1.9
275	3768	2.8
275	3988	3.2
275	4130	1.5
275	4308	1.7
275	5097	5.0
275	5098	1.6
275	5099	1.1
290	51	4.8
290	67	5.0
290	68	2.2
290	70	1.5
290	77	4.2
290	82	2.7
290	99	1.5
290	159	1.0
290	193	1.9
290	203	2.2
290	475	3.3
290	599	2.5
290	601	1.9
290	959	1.5
290	1001	3.3
290	1019	2.2
290	1031	1.5
290	1076	2.2
290	1079	4.7
290	1081	2.2
290	1090	1.5
290	1099	1.9
290	1227	1.9
290	1409	1.5
290	1479	1.5
290	1504	1.0
290	1686	1.5
290	1895	1.9
290	2342	1.9
290	2531	1.5
290	2571	1.5
290	2788	1.9
290	3281	1.5
290	3739	3.5
290	3768	2.7
290	3832	2.5
290	3920	2.5
290	4785	1.5
290	5254	4.3
290	5255	3.8
290	5256	2.7
290	5257	2.2
290	5258	2.2
290	5259	2.2
290	5260	1.9
290	5261	1.9
290	5262	1.9
290	5263	1.9
290	5264	1.5
290	5265	1.5
304	16	1.0
304	65	1.1
304	72	5.0
304	84	1.3
304	153	2.6
304	156	1.9
304	159	3.4
304	163	1.0
304	171	1.6
304	172	1.8
304	173	2.2
304	190	1.2
304	193	1.3
304	208	1.7
304	227	1.4
304	233	1.5
304	436	1.4
304	450	2.3
304	487	2.1
304	547	2.2
304	689	3.2
304	757	2.6
304	961	2.5
304	1048	2.3
304	1075	1.5
304	1083	2.1
304	1379	3.3
304	1384	1.4
304	1534	1.6
304	1713	2.0
304	1807	1.2
304	1824	3.1
304	2405	1.5
304	2605	1.9
304	2813	3.0
304	3183	1.2
304	3201	2.5
304	3258	2.3
304	3501	1.6
304	5079	2.2
304	5472	1.7
304	5473	1.5
304	5474	1.5
304	5475	1.4
304	5476	1.4
304	5477	1.1
304	5478	1.1
304	5479	1.1
304	5480	1.0
304	5481	1.0
306	7	1.6
306	30	3.4
306	51	1.4
306	59	1.3
306	67	1.3
306	72	5.0
306	75	2.7
306	99	2.8
306	153	1.7
306	159	2.2
306	187	2.0
306	234	1.8
306	250	1.0
306	377	1.9
306	441	2.7
306	455	1.4
306	463	3.1
306	467	2.8
306	486	1.8
306	497	1.7
306	511	1.3
306	521	1.4
306	707	1.2
306	868	1.3
306	877	2.3
306	880	1.6
306	978	1.2
306	1001	1.8
306	1014	1.2
306	1055	1.1
306	1061	1.4
306	1072	1.8
306	1075	1.4
306	1131	1.1
306	1298	1.7
306	1379	2.2
306	1713	3.3
306	2783	1.0
306	3683	1.6
306	3768	1.0
306	3988	1.6
306	5482	2.5
306	5483	2.1
306	5484	1.5
306	5485	1.4
306	5486	1.2
306	5487	1.2
306	5488	1.2
306	5489	1.1
306	5490	1.1
342	64	1.4
342	70	1.7
342	72	1.7
342	81	1.8
342	88	1.3
342	89	1.4
342	154	2.2
342	155	1.5
342	157	2.0
342	159	1.5
342	163	2.9
342	173	2.7
342	190	2.3
342	207	1.8
342	220	1.6
342	221	1.2
342	227	1.6
342	425	1.2
342	432	1.9
342	546	1.4
342	599	5.0
342	706	1.2
342	716	1.1
342	757	1.8
342	851	1.8
342	859	1.3
342	903	2.3
342	910	1.0
342	1048	1.4
342	1075	2.3
342	1079	1.0
342	1090	2.7
342	1155	1.4
342	1244	2.0
342	1375	1.2
342	1398	1.1
342	1787	1.4
342	1986	1.4
342	2821	2.8
342	2855	1.9
342	3303	1.1
342	3501	1.5
342	3767	2.2
342	5844	1.8
342	5889	2.0
342	5890	1.5
342	5891	1.4
342	5892	1.2
342	5893	1.1
342	5894	1.0
351	97	1.5
351	159	1.4
351	173	3.2
351	209	1.5
351	230	1.4
351	234	1.0
351	294	2.4
351	297	1.2
351	298	1.5
351	300	2.2
351	324	1.6
351	325	1.6
351	333	1.4
351	344	2.9
351	378	1.4
351	498	1.5
351	499	1.8
351	538	1.1
351	544	1.2
351	679	2.8
351	681	2.1
351	693	2.9
351	704	1.4
351	1032	2.3
351	1034	5.0
351	1038	1.0
351	1045	2.3
351	1047	1.9
351	1098	2.8
351	1183	2.2
351	1390	2.1
351	1690	1.4
351	2121	2.0
351	2607	1.5
351	2619	2.2
351	2981	2.0
351	3319	1.9
351	3404	1.6
351	4491	1.6
351	4582	1.2
351	4773	1.5
351	4814	2.7
351	5462	1.7
351	5529	2.7
351	5958	1.2
351	5975	2.7
351	5976	1.8
351	5977	1.7
351	5978	1.2
351	5979	1.1
371	39	2.9
371	72	5.0
371	75	1.8
371	153	3.5
371	159	1.1
371	250	1.6
371	504	2.7
371	758	1.3
371	759	3.3
371	855	1.1
371	959	1.4
371	992	1.0
371	1072	1.0
371	1104	2.0
371	1249	2.0
371	1366	1.7
371	1707	2.5
371	1713	2.3
371	1788	2.2
371	1796	1.0
371	1913	1.4
371	2154	2.7
371	2383	3.7
371	2506	1.5
371	2785	1.7
371	2787	2.4
371	3049	2.1
371	3053	1.8
371	3827	1.3
371	3833	1.1
371	3837	1.5
371	3916	1.3
371	3988	1.1
371	3992	1.0
371	4173	1.1
371	4239	1.5
371	5254	2.1
371	6234	3.1
371	6235	2.6
371	6236	2.5
371	6237	1.7
371	6238	1.5
371	6239	1.5
371	6240	1.3
371	6241	1.2
371	6242	1.2
371	6243	1.1
371	6244	1.1
371	6245	1.1
371	6246	1.1
374	51	5.0
374	85	1.0
374	2562	2.9
374	6261	1.0
397	2	2.0
397	7	2.8
397	9	2.3
397	30	3.4
397	51	2.1
397	68	1.1
397	72	5.0
397	75	2.4
397	99	1.8
397	153	1.0
397	154	1.7
397	172	3.8
397	190	1.9
397	234	1.2
397	425	1.0
397	498	1.7
397	511	1.1
397	522	2.1
397	546	1.4
397	930	1.7
397	959	3.4
397	972	1.5
397	1001	1.4
397	1014	1.0
397	1062	2.0
397	1104	1.9
397	1249	1.9
397	1253	1.6
397	1300	2.2
397	1713	1.8
397	2369	1.2
397	3110	1.3
397	3184	1.9
397	3186	1.4
397	3196	1.7
397	3289	1.6
397	3462	1.5
397	3905	2.6
397	4137	2.2
397	4308	1.7
397	5020	1.4
397	5237	3.0
397	5238	3.5
397	6521	2.1
397	6522	2.1
397	6523	1.9
397	6524	1.7
397	6525	1.4
397	6526	1.4
397	6527	1.3
408	72	4.9
408	77	1.6
408	99	4.7
408	207	2.6
408	227	4.4
408	228	2.0
408	533	5.0
408	709	3.0
408	868	2.2
408	969	4.7
408	1090	1.4
408	1379	1.6
408	1510	2.4
408	1512	2.5
408	1976	2.1
408	1977	1.6
408	2122	1.0
408	2539	3.9
423	51	3.7
423	67	1.2
423	68	1.0
423	72	5.0
423	85	2.9
423	96	1.0
423	99	1.4
423	154	1.1
423	187	4.9
423	193	3.0
423	227	1.4
423	429	1.4
423	511	1.4
423	538	3.5
423	711	1.4
423	712	1.4
423	717	2.0
423	857	1.2
423	868	2.2
423	959	1.4
423	993	2.3
423	995	1.4
423	997	1.2
423	1001	2.0
423	1004	1.5
423	1013	2.4
423	1090	2.5
423	1464	2.3
423	1713	2.6
423	1891	1.3
423	2552	1.8
423	2554	1.6
423	2570	1.1
423	2571	1.4
423	3832	1.1
423	6732	4.7
423	6733	4.0
423	6734	2.2
423	6735	2.2
423	6736	2.0
423	6737	1.9
423	6738	1.7
423	6739	1.7
423	6740	1.7
423	6741	1.6
423	6742	1.6
423	6743	1.4
423	6744	1.3
423	6745	1.3
423	6746	1.2
428	51	5.0
428	55	1.9
428	59	1.9
428	67	3.6
428	72	2.8
428	76	1.2
428	77	2.7
428	85	1.1
428	100	2.1
428	157	1.2
428	159	1.3
428	167	2.6
428	187	2.2
428	627	1.2
428	889	2.1
428	900	1.1
428	985	1.5
428	993	1.0
428	994	1.6
428	997	2.1
428	998	2.1
428	999	2.6
428	1001	3.4
428	1004	1.3
428	1014	2.6
428	1017	1.1
428	1019	1.1
428	1028	1.6
428	1062	1.2
428	1076	1.6
428	1885	1.7
428	1892	2.1
428	2531	1.1
428	2552	2.0
428	2559	2.0
428	2562	3.0
428	2571	1.7
428	3281	1.8
428	5255	2.5
428	5258	1.1
428	6065	1.0
428	6073	1.2
428	6714	2.2
428	6742	1.0
428	6776	3.0
428	6777	1.2
428	6778	1.1
428	6779	1.1
428	6780	1.1
428	6781	1.0
430	51	4.9
430	59	2.3
430	68	1.3
430	72	4.6
430	89	2.2
430	96	1.2
430	98	3.7
430	99	3.5
430	100	1.2
430	157	1.2
430	167	2.8
430	193	2.8
430	291	1.4
430	441	1.4
430	511	4.1
430	599	2.1
430	612	1.3
430	683	1.7
430	715	1.2
430	874	1.6
430	905	3.9
430	993	2.4
430	997	1.4
430	999	1.2
430	1122	2.4
430	1162	1.0
430	1795	2.0
430	1879	5.0
430	1889	1.2
430	1890	1.3
430	2552	2.4
430	2556	1.3
430	2562	1.4
430	2938	2.0
430	3201	1.6
430	3777	1.0
430	4435	1.8
430	4704	1.3
430	5832	1.0
430	5833	2.9
430	6782	3.7
430	6783	2.6
430	6784	2.3
430	6785	2.2
430	6786	2.2
430	6787	2.1
430	6788	2.0
430	6789	1.6
430	6790	1.3
430	6791	1.2
442	30	2.2
442	61	1.2
442	72	3.3
442	75	2.7
442	77	1.0
442	182	1.6
442	187	5.0
442	193	1.4
442	221	1.1
442	310	1.1
442	644	1.3
442	877	2.7
442	907	1.4
442	994	1.0
442	1001	2.2
442	1013	1.3
442	1014	1.8
442	1018	1.7
442	1059	1.0
442	1375	1.1
442	1713	1.2
442	1797	2.2
442	3832	3.4
442	3982	1.4
442	4216	1.5
442	6524	1.5
442	6733	2.1
442	6739	1.6
442	6923	3.3
442	6924	2.6
442	6925	2.3
442	6926	2.2
442	6927	2.2
442	6928	1.9
442	6929	1.9
442	6930	1.8
442	6931	1.7
442	6932	1.6
442	6933	1.6
442	6934	1.6
442	6935	1.6
442	6936	1.6
442	6937	1.5
442	6938	1.4
442	6939	1.3
442	6940	1.3
442	6941	1.2
442	6942	1.1
442	6943	1.0
442	6944	1.0
446	51	2.1
446	59	1.5
446	67	1.5
446	72	5.0
446	99	1.3
446	153	1.1
446	154	1.2
446	159	1.4
446	163	1.3
446	166	1.5
446	172	1.5
446	173	2.5
446	180	1.3
446	187	2.1
446	190	2.4
446	212	1.2
446	227	1.5
446	234	1.6
446	441	2.4
446	511	2.8
446	599	2.4
446	735	1.5
446	867	1.0
446	868	1.4
446	874	1.2
446	900	1.0
446	1001	2.5
446	1014	1.4
446	1061	2.5
446	1072	2.6
446	1085	1.1
446	1103	1.4
446	1109	1.7
446	1384	1.2
446	1412	1.2
446	1700	1.7
446	1707	1.6
446	1709	1.0
446	1713	3.0
446	1795	1.2
446	1890	1.2
446	1892	1.2
446	3201	1.3
446	3885	1.5
446	3886	2.4
446	3988	1.0
446	6439	2.4
446	7007	1.6
446	7008	1.4
446	7009	1.4
452	51	3.4
452	67	3.1
452	72	3.2
452	85	1.9
452	93	1.8
452	100	1.7
452	163	2.1
452	187	2.7
452	511	1.4
452	554	1.9
452	599	1.0
452	712	1.4
452	717	2.8
452	877	1.5
452	889	2.3
452	951	1.4
452	959	3.0
452	997	1.4
452	998	3.2
452	999	1.7
452	1001	3.1
452	1008	1.2
452	1014	3.6
452	1019	1.8
452	1027	1.6
452	1081	2.3
452	1413	2.0
452	1414	1.6
452	1464	1.9
452	1686	1.5
452	2029	2.6
452	2444	1.5
452	2552	1.2
452	2554	1.6
452	2609	2.0
452	2901	1.1
452	2933	1.6
452	2936	1.5
452	3966	1.3
452	4975	1.3
452	6736	1.2
452	7062	5.0
452	7063	3.7
452	7064	3.5
452	7065	1.8
452	7066	1.5
452	7067	1.5
452	7068	1.2
452	7069	1.2
452	7070	1.1
453	51	2.2
453	59	2.8
453	65	2.8
453	72	3.5
453	84	1.9
453	99	1.2
453	154	2.3
453	157	3.1
453	159	1.4
453	172	2.2
453	173	2.1
453	190	2.7
453	208	1.8
453	225	2.0
453	227	1.9
453	229	2.2
453	233	1.0
453	429	2.7
453	436	2.4
453	441	5.0
453	450	2.2
453	511	1.9
453	533	1.6
453	554	2.3
453	562	1.5
453	706	1.1
453	863	1.3
453	903	1.1
453	951	1.0
453	969	1.4
453	971	1.1
453	985	1.5
453	1090	1.0
453	1384	2.7
453	1400	1.3
453	1810	1.5
453	1814	2.9
453	2346	1.1
453	3200	1.3
453	3744	1.7
453	3892	1.0
453	4149	2.3
453	5926	1.1
453	7071	2.0
453	7072	1.4
453	7073	1.4
453	7074	1.3
453	7075	1.3
453	7076	1.2
453	7077	1.2
458	55	1.3
458	65	1.6
458	67	1.7
458	69	1.0
458	72	2.5
458	97	1.6
458	157	1.2
458	163	3.0
458	187	3.3
458	190	3.7
458	207	1.7
458	209	2.4
458	227	2.9
458	229	2.4
458	233	1.8
458	288	1.5
458	295	2.7
458	329	1.1
458	333	1.3
458	371	1.9
458	378	1.7
458	432	1.1
458	453	2.6
458	486	5.0
458	493	2.0
458	498	2.8
458	504	1.0
458	511	1.4
458	512	2.0
458	517	2.4
458	518	1.6
458	540	1.1
458	544	4.5
458	599	1.3
458	603	1.1
458	706	2.1
458	707	2.8
458	709	1.0
458	959	2.4
458	1001	1.5
458	1098	1.5
458	1116	1.7
458	1121	1.7
458	1246	2.1
458	1382	2.3
458	1412	1.9
458	1413	1.4
458	1464	1.7
458	3621	2.5
458	5966	2.5
461	52	1.0
461	65	3.5
461	67	1.9
461	70	2.1
461	72	1.5
461	86	2.1
461	157	1.9
461	220	1.1
461	227	1.6
461	333	1.4
461	511	5.0
461	521	1.7
461	538	2.2
461	715	1.8
461	734	2.5
461	913	1.3
461	962	1.1
461	986	1.2
461	993	2.1
461	1375	2.6
461	1410	1.7
461	1464	1.6
461	1772	1.5
461	1795	1.3
461	2018	1.0
461	2067	1.7
461	2277	1.8
461	2668	1.2
461	2742	1.1
461	2900	1.5
461	3302	2.5
461	3763	1.6
461	5447	1.1
461	6396	1.6
461	6789	1.5
461	7128	3.3
461	7129	1.9
461	7130	1.9
461	7131	1.7
461	7132	1.7
461	7133	1.6
461	7134	1.6
461	7135	1.5
461	7136	1.5
461	7137	1.5
461	7138	1.5
461	7139	1.1
461	7140	1.1
461	7141	1.1
461	7142	1.1
474	7	2.7
474	39	2.9
474	67	1.6
474	70	1.6
474	72	5.0
474	190	2.9
474	289	4.1
474	295	1.6
474	328	2.3
474	377	1.4
474	407	1.4
474	907	1.2
474	968	1.3
474	1009	2.0
474	1099	3.1
474	1104	1.3
474	1306	1.3
474	1394	1.1
474	1401	3.0
474	2509	1.0
474	3288	1.2
474	4024	1.1
474	4725	1.4
474	4728	1.2
474	5074	1.2
474	7293	2.8
474	7294	2.2
474	7295	2.1
474	7296	2.0
474	7297	2.0
474	7298	2.0
474	7299	1.9
474	7300	1.8
474	7301	1.7
474	7302	1.6
474	7303	1.6
474	7304	1.5
474	7305	1.4
474	7306	1.4
474	7307	1.3
474	7308	1.3
474	7309	1.3
474	7310	1.2
474	7311	1.2
474	7312	1.2
474	7313	1.2
474	7314	1.1
474	7315	1.1
474	7316	1.1
474	7317	1.0
499	7	2.6
499	51	2.2
499	55	1.4
499	67	1.6
499	72	5.0
499	157	3.4
499	172	1.4
499	173	2.3
499	198	1.0
499	233	3.0
499	234	1.4
499	436	1.8
499	518	1.8
499	522	2.8
499	525	1.0
499	706	2.0
499	726	1.0
499	732	1.0
499	843	1.0
499	854	3.4
499	856	1.0
499	863	1.0
499	868	2.0
499	918	1.0
499	936	2.0
499	1001	1.0
499	1034	4.2
499	1044	2.0
499	1098	1.0
499	1104	1.4
499	1114	2.3
499	1263	1.6
499	1358	1.6
499	1360	1.0
499	1412	3.5
499	1527	1.0
499	1703	1.4
499	1713	1.0
499	1714	3.3
499	1803	1.4
499	1817	1.4
499	1892	1.0
499	2343	1.8
499	3110	1.0
499	4349	1.0
499	4460	1.0
499	5079	2.5
499	5672	1.0
499	7463	2.7
499	7464	1.8
520	30	3.1
520	55	1.3
520	64	1.5
520	72	5.0
520	89	1.7
520	159	2.1
520	181	3.9
520	187	3.0
520	189	2.0
520	190	2.1
520	198	2.9
520	221	1.2
520	238	1.3
520	490	1.5
520	707	1.3
520	880	3.9
520	1061	3.5
520	1072	2.6
520	1406	1.7
520	1705	2.0
520	1713	3.4
520	1817	2.4
520	1886	1.3
520	1913	3.1
520	1914	2.1
520	2735	1.4
520	2835	2.0
520	2858	1.3
520	3045	1.1
520	3367	1.8
520	3557	1.8
520	3945	2.8
520	4295	1.0
520	4308	2.8
520	5215	1.0
520	6263	1.6
520	6265	2.4
520	6267	1.5
520	7429	2.6
520	7514	1.5
520	7516	1.9
520	7714	3.1
520	7715	2.5
520	7716	2.2
520	7717	2.1
520	7718	2.0
520	7719	1.3
520	7720	1.2
520	7721	1.2
520	7722	1.1
539	51	1.7
539	65	1.2
539	67	1.1
539	70	1.6
539	72	4.9
539	75	1.5
539	89	1.9
539	99	2.8
539	153	3.0
539	159	1.3
539	165	1.1
539	166	1.6
539	182	2.4
539	183	1.9
539	190	1.9
539	209	2.5
539	233	5.0
539	265	1.0
539	288	2.4
539	295	1.7
539	377	2.4
539	389	1.6
539	436	2.4
539	455	1.3
539	486	4.9
539	491	1.6
539	493	1.9
539	511	4.4
539	599	2.7
539	718	1.9
539	961	1.2
539	1001	3.4
539	1061	1.8
539	1072	1.7
539	1079	1.3
539	1099	1.5
539	1104	2.7
539	1210	3.2
539	1379	1.1
539	1713	3.8
539	1787	1.5
539	3920	2.5
539	5000	1.9
539	5532	1.1
539	7870	2.7
539	7871	2.5
539	7872	2.3
539	7873	1.5
539	7874	1.4
539	7875	1.2
543	58	3.1
543	64	2.0
543	65	3.0
543	70	2.6
543	72	2.4
543	89	2.4
543	154	2.7
543	162	2.2
543	173	3.2
543	174	1.5
543	182	2.8
543	183	1.4
543	190	5.0
543	199	3.0
543	207	1.9
543	215	1.7
543	225	2.0
543	229	1.9
543	233	3.7
543	303	1.1
543	389	1.9
543	418	2.1
543	423	1.9
543	425	1.0
543	453	3.5
543	511	3.3
543	537	1.7
543	683	2.8
543	920	1.0
543	936	1.2
543	964	1.4
543	1062	1.8
543	1090	1.5
543	1098	1.3
543	1104	1.8
543	1116	1.7
543	1118	1.6
543	1151	1.2
543	1246	1.5
543	1376	1.8
543	1379	2.0
543	1381	1.2
543	1400	1.3
543	2006	1.5
543	3411	1.1
543	4600	1.2
543	7187	1.3
543	7883	1.9
543	7884	1.3
543	7885	1.3
566	18	1.4
566	32	2.2
566	59	1.2
566	72	5.0
566	75	1.2
566	99	1.3
566	154	1.2
566	159	2.9
566	166	1.9
566	181	1.6
566	203	1.1
566	206	1.0
566	227	1.2
566	234	1.1
566	416	1.4
566	515	2.4
566	599	1.9
566	707	1.1
566	821	1.2
566	843	1.3
566	854	1.8
566	856	1.2
566	868	2.1
566	905	2.9
566	949	1.2
566	982	1.0
566	1116	2.5
566	1119	1.1
566	1131	1.3
566	1295	2.2
566	1302	1.0
566	1303	1.8
566	1335	1.2
566	1336	1.1
566	1384	2.1
566	1660	1.7
566	1778	1.5
566	2347	1.1
566	2783	1.3
566	2834	1.6
566	3441	1.0
566	3460	1.2
566	3988	2.4
566	4369	1.1
566	4871	1.4
566	4876	1.1
566	5913	1.3
566	7404	1.3
566	8149	1.1
566	8150	1.0
568	51	3.5
568	59	4.5
568	67	1.5
568	72	4.5
568	76	1.4
568	81	1.3
568	89	1.6
568	187	1.7
568	199	2.8
568	207	2.8
568	220	1.0
568	228	3.3
568	257	1.0
568	288	2.6
568	289	2.3
568	296	1.3
568	301	1.3
568	310	2.9
568	366	1.1
568	441	2.0
568	511	5.0
568	533	1.0
568	599	3.1
568	627	2.3
568	712	1.3
568	715	2.3
568	718	1.9
568	734	4.5
568	735	2.7
568	851	2.9
568	986	1.8
568	993	2.3
568	1001	1.6
568	1089	1.0
568	1090	1.4
568	1094	4.1
568	1244	1.4
568	1376	3.0
568	1383	1.7
568	1390	1.8
568	1633	2.2
568	1848	2.2
568	3488	1.0
568	5787	4.7
568	6369	1.3
568	6913	1.3
568	6920	1.9
568	8151	3.0
568	8152	2.8
568	8153	1.4
575	7	1.8
575	63	1.0
575	67	2.3
575	70	2.8
575	72	5.0
575	77	1.0
575	88	1.7
575	89	2.9
575	154	1.0
575	155	2.7
575	157	1.6
575	161	1.3
575	176	3.0
575	187	2.2
575	190	3.4
575	191	1.1
575	192	1.4
575	207	1.4
575	288	3.0
575	289	2.8
575	292	3.6
575	294	1.4
575	298	1.4
575	306	2.0
575	316	2.1
575	328	1.9
575	331	2.1
575	349	1.7
575	475	2.5
575	486	1.7
575	511	3.5
575	538	2.9
575	701	1.6
575	951	2.0
575	959	1.5
575	1042	1.1
575	1061	2.5
575	1072	1.7
575	1090	3.0
575	1109	1.3
575	1243	1.6
575	1379	2.1
575	1400	1.1
575	1401	1.9
575	1410	1.0
575	1705	2.0
575	1713	2.8
575	1786	1.9
575	1795	1.8
575	8198	1.2
576	51	5.0
576	82	1.3
576	137	1.3
576	208	1.1
576	226	1.6
576	573	1.3
576	858	1.6
576	881	1.2
576	903	1.0
576	1787	3.1
576	1790	3.4
576	1849	2.9
576	2668	1.0
576	3875	1.1
576	3877	1.0
576	4247	1.1
576	4723	1.7
576	4734	1.3
576	5200	1.3
576	5348	1.8
576	5927	2.1
576	8199	2.7
576	8200	2.6
576	8201	2.3
576	8202	2.2
576	8203	2.0
576	8204	2.0
576	8205	1.8
576	8206	1.7
576	8207	1.7
576	8208	1.5
576	8209	1.4
576	8210	1.4
576	8211	1.3
576	8212	1.3
576	8213	1.3
576	8214	1.3
576	8215	1.2
576	8216	1.2
576	8217	1.2
576	8218	1.2
576	8219	1.1
576	8220	1.1
576	8221	1.1
576	8222	1.1
576	8223	1.1
576	8224	1.0
576	8225	1.0
576	8226	1.0
576	8227	1.0
577	51	2.2
577	59	1.3
577	72	5.0
577	81	2.6
577	153	1.5
577	154	2.6
577	159	2.6
577	163	1.5
577	182	1.6
577	187	1.8
577	190	1.5
577	203	1.1
577	221	2.6
577	228	1.5
577	234	1.4
577	238	3.1
577	429	2.0
577	441	1.4
577	533	1.3
577	868	1.0
577	880	1.4
577	1062	3.2
577	1072	1.9
577	1073	1.4
577	1075	3.3
577	1097	1.2
577	1098	1.9
577	1375	1.0
577	1713	2.9
577	1743	1.2
577	1787	1.0
577	1791	1.3
577	2330	3.6
577	3889	1.7
577	4316	2.0
577	7026	1.1
577	8228	3.2
577	8229	2.9
577	8230	2.3
577	8231	1.9
577	8232	1.9
577	8233	1.7
577	8234	1.7
577	8235	1.6
577	8236	1.6
577	8237	1.5
577	8238	1.4
577	8239	1.4
577	8240	1.3
577	8241	1.0
596	30	1.8
596	51	1.7
596	59	2.4
596	72	4.2
596	82	2.2
596	159	2.0
596	167	2.0
596	187	1.1
596	203	1.3
596	429	3.6
596	441	4.4
596	599	1.9
596	715	1.5
596	863	1.8
596	868	1.6
596	875	1.5
596	993	1.2
596	998	1.4
596	1001	2.4
596	1014	2.4
596	1019	1.0
596	1073	1.2
596	1083	2.3
596	1103	1.1
596	1295	1.1
596	1513	1.2
596	1534	1.5
596	1811	1.0
596	1814	1.6
596	1886	1.2
596	2470	1.2
596	2531	3.3
596	2552	1.1
596	2559	1.0
596	2637	1.7
596	2938	1.1
596	3281	1.0
596	3431	1.4
596	3768	3.1
596	3781	1.2
596	3941	1.8
596	5258	1.3
596	5260	2.5
596	5420	1.1
596	5785	1.6
596	6241	1.3
596	6722	1.3
596	7343	2.0
596	8388	5.0
596	8389	1.1
605	56	1.5
605	154	2.1
605	159	2.3
605	163	1.2
605	203	1.7
605	207	2.6
605	208	1.5
605	210	1.3
605	215	1.1
605	217	1.7
605	220	1.5
605	227	3.7
605	229	1.8
605	234	4.1
605	245	1.1
605	412	2.5
605	428	3.0
605	441	3.7
605	533	2.2
605	534	1.2
605	599	5.0
605	606	2.1
605	620	2.3
605	707	1.0
605	709	1.7
605	718	1.4
605	961	2.4
605	982	1.2
605	986	1.4
605	1089	1.1
605	1382	1.7
605	1504	1.4
605	1519	2.5
605	1983	3.1
605	2361	1.5
605	3253	4.0
605	4384	1.6
605	5048	2.1
605	6348	1.0
605	6917	1.0
605	8499	3.4
605	8500	2.4
605	8501	2.1
605	8502	1.7
605	8503	1.6
605	8504	1.4
605	8505	1.3
605	8506	1.2
605	8507	1.1
605	8508	1.0
650	67	1.8
650	72	5.0
650	89	1.6
650	159	1.4
650	190	1.5
650	210	1.6
650	228	2.2
650	229	1.3
650	288	1.2
650	289	1.7
650	317	1.5
650	329	2.5
650	330	1.1
650	377	2.3
650	403	2.2
650	405	1.6
650	486	2.7
650	498	2.3
650	500	2.0
650	521	1.2
650	527	1.6
650	531	1.2
650	540	2.5
650	689	2.9
650	716	1.8
650	969	1.7
650	1056	2.1
650	1090	2.1
650	1098	1.1
650	1099	2.1
650	1180	1.8
650	1183	1.7
650	1184	1.2
650	1246	2.5
650	1376	1.9
650	1378	1.3
650	1705	2.1
650	1713	1.0
650	3238	2.9
650	5044	1.1
650	5482	1.0
650	5490	2.6
650	5847	3.3
650	6008	2.3
650	7324	1.1
650	8883	3.3
650	8884	2.3
650	8885	1.8
650	8886	1.2
650	8887	1.1
656	51	4.3
656	72	3.8
656	77	2.4
656	100	1.6
656	157	1.2
656	227	3.7
656	258	1.4
656	599	2.1
656	601	5.0
656	707	1.8
656	732	1.5
656	889	1.4
656	952	2.2
656	987	1.5
656	998	2.7
656	1015	1.8
656	1064	4.4
656	1079	1.5
656	1416	1.3
656	1846	2.3
656	1889	1.7
656	2343	2.7
656	2356	2.4
656	2554	2.4
656	2556	1.3
656	2558	2.8
656	2562	1.4
656	2784	2.2
656	2936	1.0
656	3201	1.3
656	3501	2.6
656	3674	2.2
656	3856	1.5
656	3921	1.6
656	4130	2.5
656	4180	1.1
656	5156	1.6
656	5744	1.6
656	6776	1.1
656	8988	3.8
656	8989	3.0
656	8990	2.9
656	8991	2.4
656	8992	2.4
656	8993	1.7
656	8994	1.6
656	8995	1.6
656	8996	1.3
656	8997	1.2
656	8998	1.1
657	7	1.0
657	190	3.1
657	207	2.7
657	227	1.5
657	233	1.3
657	367	1.9
657	377	2.7
657	381	1.5
657	388	1.4
657	399	1.7
657	425	3.3
657	432	1.7
657	460	1.6
657	486	2.9
657	512	2.4
657	754	2.9
657	758	5.0
657	759	2.5
657	972	1.0
657	1048	1.5
657	1700	1.9
657	1786	2.0
657	1789	1.0
657	1865	2.5
657	1876	1.2
657	1904	3.1
657	2106	1.1
657	2154	3.4
657	2383	3.3
657	2747	1.6
657	2806	1.1
657	2820	3.0
657	3046	2.5
657	3833	1.7
657	4118	2.1
657	4430	1.1
657	4435	2.1
657	4502	1.0
657	4896	2.8
657	6252	1.6
657	7637	3.6
657	8298	1.6
657	8790	2.6
657	8999	2.1
657	9000	1.3
657	9001	1.3
657	9002	1.3
657	9003	1.2
657	9004	1.2
657	9005	1.1
665	56	3.2
665	59	3.3
665	65	2.1
665	70	2.2
665	72	5.0
665	99	1.2
665	154	2.7
665	159	2.4
665	173	4.2
665	182	1.8
665	190	3.4
665	203	2.3
665	229	2.4
665	234	2.9
665	424	1.9
665	429	2.5
665	436	2.3
665	511	3.1
665	533	2.3
665	614	1.9
665	707	3.0
665	715	2.7
665	857	1.4
665	993	1.0
665	1001	3.7
665	1014	2.0
665	1061	1.7
665	1072	1.4
665	1073	1.7
665	1075	3.2
665	1090	2.4
665	1249	1.2
665	1369	1.1
665	1381	1.3
665	1384	1.0
665	1394	2.5
665	1397	1.6
665	1398	1.8
665	1713	3.1
665	2149	1.2
665	2531	2.3
665	3413	2.3
665	3892	2.7
665	4306	1.1
665	5237	1.7
665	9132	2.1
665	9133	2.1
665	9134	2.0
665	9135	1.7
665	9136	1.1
686	9	2.5
686	32	1.5
686	49	1.7
686	51	1.4
686	58	1.4
686	72	5.0
686	91	3.1
686	153	1.2
686	159	1.2
686	171	1.6
686	173	2.8
686	190	4.1
686	227	2.1
686	233	2.3
686	441	1.1
686	450	1.1
686	486	3.8
686	599	2.0
686	854	1.0
686	880	2.3
686	959	2.3
686	965	2.9
686	982	2.8
686	997	1.6
686	998	1.2
686	1001	1.3
686	1014	1.6
686	1019	1.6
686	1072	1.6
686	1075	2.0
686	1079	1.4
686	1098	2.1
686	1151	1.8
686	1294	1.1
686	1295	2.2
686	1332	1.0
686	1378	1.1
686	1379	2.0
686	1713	3.0
686	3191	2.7
686	3201	1.8
686	3988	2.8
686	4312	1.6
686	6926	1.8
686	8915	1.0
686	9261	2.1
686	9262	2.0
686	9263	1.5
686	9264	1.3
686	9265	1.0
699	51	3.6
699	72	5.0
699	98	1.5
699	99	2.8
699	159	3.7
699	176	2.4
699	187	1.2
699	193	2.6
699	227	1.6
699	429	1.6
699	706	2.0
699	707	1.4
699	852	2.6
699	859	1.8
699	861	1.2
699	917	3.2
699	982	2.9
699	993	1.1
699	997	2.6
699	998	1.7
699	1008	2.1
699	1013	3.4
699	1027	1.1
699	1073	1.2
699	1132	3.3
699	1351	1.2
699	1358	2.1
699	1360	3.1
699	1369	2.1
699	1372	2.0
699	1415	1.9
699	1803	1.1
699	1878	1.2
699	1881	3.0
699	1891	1.5
699	1892	1.4
699	1899	1.4
699	2013	2.6
699	2029	2.5
699	2342	1.0
699	2343	2.1
699	2347	2.9
699	2624	1.8
699	2853	1.7
699	2901	3.0
699	3476	1.9
699	3777	3.0
699	6541	3.4
699	6957	2.4
699	6959	1.9
714	16	2.6
714	40	1.4
714	51	5.0
714	72	3.9
714	98	1.0
714	159	3.5
714	233	2.0
714	441	1.0
714	450	1.2
714	487	2.7
714	515	1.5
714	862	1.3
714	875	2.1
714	997	1.7
714	1075	5.0
714	1083	1.3
714	1294	1.0
714	1787	2.1
714	1886	3.0
714	1897	2.0
714	2938	1.8
714	3186	1.0
714	3196	1.6
714	3432	1.7
714	3769	1.4
714	4025	3.2
714	4038	2.3
714	4069	1.5
714	4382	1.8
714	4732	1.8
714	5586	1.7
714	5709	3.4
714	5917	1.1
714	6847	2.0
714	7516	1.7
714	8369	2.1
714	9256	1.7
714	9496	2.1
714	9497	2.0
714	9498	2.0
714	9499	1.9
714	9500	1.8
714	9501	1.6
714	9502	1.5
714	9503	1.4
714	9504	1.4
714	9505	1.4
714	9506	1.4
714	9507	1.3
714	9508	1.0
729	18	2.0
729	30	3.1
729	50	1.3
729	65	3.2
729	72	4.1
729	89	1.6
729	159	3.7
729	173	4.4
729	215	2.1
729	228	2.1
729	229	2.6
729	302	1.4
729	450	2.1
729	930	1.4
729	982	2.8
729	1052	1.6
729	1079	2.5
729	1104	1.6
729	1114	1.3
729	1239	1.0
729	1295	3.5
729	1298	4.4
729	1299	1.0
729	1369	1.1
729	1463	1.2
729	1534	3.2
729	1704	3.3
729	1711	1.5
729	1816	1.2
729	2038	1.3
729	3057	1.2
729	3184	1.9
729	3310	1.4
729	3546	1.0
729	4872	1.1
729	5714	1.7
729	7457	1.1
729	9263	2.1
729	9634	5.0
729	9635	2.5
729	9636	1.8
729	9637	1.4
729	9638	1.3
729	9639	1.2
729	9640	1.2
729	9641	1.2
729	9642	1.2
729	9643	1.1
729	9644	1.1
729	9645	1.0
762	30	2.9
762	65	2.2
762	72	5.0
762	75	2.3
762	159	3.8
762	187	1.7
762	190	1.4
762	193	1.0
762	220	1.3
762	227	1.6
762	229	2.4
762	441	2.0
762	450	1.7
762	486	1.0
762	511	1.6
762	515	1.2
762	522	1.2
762	601	1.4
762	707	1.2
762	865	1.7
762	877	1.9
762	878	1.7
762	959	1.6
762	1019	1.2
762	1055	2.1
762	1072	2.6
762	1073	1.1
762	1075	1.1
762	1099	1.6
762	1104	2.0
762	1244	1.4
762	1376	3.0
762	1379	2.5
762	1400	1.2
762	1534	1.1
762	1713	2.1
762	1714	2.2
762	1799	1.5
762	2130	1.5
762	2783	1.2
762	4872	1.7
762	5483	1.0
762	7324	1.2
762	7426	1.0
762	9864	3.6
762	9865	2.1
762	9866	1.4
762	9867	1.3
762	9868	1.1
762	9869	1.0
767	30	3.5
767	65	1.6
767	72	5.0
767	153	1.7
767	173	3.0
767	176	1.3
767	185	2.0
767	190	3.1
767	209	1.2
767	220	1.0
767	310	1.4
767	328	1.4
767	349	1.2
767	377	1.4
767	378	2.7
767	405	1.4
767	521	1.3
767	534	1.0
767	722	1.3
767	878	1.1
767	880	2.5
767	930	1.6
767	1019	1.2
767	1053	1.5
767	1072	2.5
767	1091	1.5
767	1109	1.5
767	1298	1.4
767	1330	1.2
767	1713	3.4
767	2526	1.3
767	2638	1.0
767	3070	1.0
767	3237	2.2
767	3238	1.7
767	3768	1.4
767	3877	1.0
767	4156	1.2
767	4574	1.5
767	5485	1.4
767	5487	1.4
767	8284	1.0
767	9038	1.4
767	9886	2.3
767	9887	1.7
767	9888	1.3
767	9889	1.2
767	9890	1.2
767	9891	1.1
767	9892	1.1
788	7	1.8
788	51	5.0
788	67	2.4
788	77	1.6
788	157	1.8
788	192	1.1
788	227	2.8
788	230	2.0
788	234	2.6
788	245	3.0
788	517	1.5
788	533	2.3
788	601	1.7
788	707	1.8
788	715	1.2
788	724	1.2
788	733	2.2
788	857	1.1
788	860	1.3
788	951	1.7
788	1076	1.2
788	1079	1.5
788	1242	2.0
788	1249	2.1
788	1406	1.8
788	1412	1.1
788	1413	2.0
788	1414	1.3
788	1415	1.1
788	1803	1.3
788	1974	1.3
788	2346	1.7
788	2347	4.2
788	2444	1.5
788	2554	2.7
788	2556	1.3
788	2783	1.7
788	3097	1.0
788	3281	2.3
788	3302	1.8
788	3473	1.1
788	3675	1.4
788	3732	4.0
788	3777	1.5
788	5168	1.1
788	8991	1.1
788	8992	1.9
788	10040	1.4
788	10041	1.3
788	10042	1.1
856	154	3.8
856	163	2.6
856	173	3.6
856	199	1.3
856	207	1.9
856	208	1.0
856	220	2.1
856	226	3.0
856	227	2.9
856	230	1.1
856	233	1.9
856	234	3.4
856	240	1.0
856	424	2.0
856	428	1.6
856	429	1.0
856	436	5.0
856	441	2.3
856	453	2.4
856	533	1.2
856	562	1.6
856	614	2.5
856	709	1.5
856	854	2.4
856	855	1.3
856	857	1.7
856	859	1.6
856	875	1.8
856	898	2.7
856	964	3.6
856	1090	1.7
856	1118	1.9
856	1119	1.2
856	1400	1.7
856	1406	1.7
856	1412	2.1
856	1424	2.6
856	1504	3.6
856	1513	2.0
856	1639	1.5
856	1974	1.4
856	1977	1.4
856	3354	1.1
856	3444	1.5
856	3744	1.4
856	4359	1.9
856	4848	2.2
856	10662	1.7
856	10663	1.3
856	10664	1.1
859	55	2.8
859	59	2.4
859	66	1.6
859	67	3.1
859	70	2.2
859	72	5.0
859	88	1.6
859	89	2.4
859	153	1.0
859	166	1.3
859	203	3.0
859	253	1.6
859	288	1.8
859	295	1.9
859	299	2.3
859	301	1.1
859	318	2.4
859	328	1.3
859	377	1.0
859	429	1.5
859	463	2.0
859	466	1.4
859	511	1.4
859	529	2.1
859	532	1.7
859	533	2.8
859	536	1.5
859	605	3.8
859	661	1.2
859	701	1.5
859	986	1.5
859	1061	2.7
859	1099	3.4
859	1104	2.7
859	1379	1.9
859	1520	1.1
859	1795	1.5
859	1817	1.7
859	1990	2.0
859	2020	1.0
859	2083	1.6
859	2220	1.3
859	2500	1.3
859	2539	1.0
859	3739	1.1
859	4043	1.3
859	5256	1.6
859	5683	1.1
859	6246	2.2
859	10523	1.0
891	7	2.1
891	36	1.5
891	190	3.3
891	198	2.4
891	233	5.0
891	509	1.2
891	516	2.0
891	519	1.8
891	707	1.2
891	726	2.1
891	748	1.3
891	785	1.5
891	864	2.1
891	918	2.3
891	920	2.2
891	978	1.5
891	1104	3.0
891	1113	2.5
891	1203	1.0
891	1295	2.3
891	1410	2.9
891	1417	2.5
891	1701	1.0
891	1714	1.5
891	1870	1.2
891	1992	1.6
891	2011	4.7
891	2362	2.5
891	2363	1.4
891	2381	2.5
891	2954	1.4
891	2961	1.3
891	2964	1.0
891	3183	1.7
891	3244	1.2
891	3246	2.9
891	4872	2.1
891	5672	1.1
891	6130	1.4
891	6257	3.3
891	6390	2.0
891	8014	1.0
891	10854	1.9
891	10855	1.8
891	10856	1.5
891	10857	1.3
891	10858	1.3
891	10859	1.2
891	10860	1.1
891	10861	1.0
904	7	1.1
904	65	4.2
904	71	2.6
904	72	3.4
904	173	3.3
904	190	5.0
904	220	1.8
904	228	1.7
904	295	1.8
904	377	1.7
904	378	1.7
904	486	2.0
904	498	2.2
904	510	1.7
904	511	3.9
904	518	2.3
904	689	2.2
904	715	1.3
904	722	1.7
904	867	2.1
904	910	3.8
904	968	1.4
904	1034	1.4
904	1055	1.6
904	1075	2.6
904	1375	1.6
904	1379	1.5
904	1380	1.2
904	1406	1.4
904	1455	1.3
904	1632	1.2
904	1787	3.4
904	1793	2.0
904	1873	1.7
904	1874	1.2
904	1892	1.0
904	1905	1.1
904	1934	1.6
904	3320	2.1
904	4257	1.1
904	4918	1.8
904	4923	2.8
904	4927	1.7
904	5001	1.1
904	5153	1.0
904	6177	1.5
904	10959	1.5
904	10960	1.2
904	10961	1.2
904	10962	1.0
913	45	1.5
913	65	3.0
913	88	1.0
913	154	2.8
913	171	1.4
913	172	1.4
913	173	2.7
913	182	2.0
913	190	5.0
913	198	1.9
913	203	1.2
913	207	2.3
913	210	2.4
913	217	1.8
913	220	1.4
913	221	1.2
913	225	1.0
913	229	2.5
913	234	1.6
913	333	1.4
913	377	1.9
913	425	1.6
913	436	1.4
913	486	1.8
913	489	1.2
913	497	1.7
913	517	1.4
913	525	1.4
913	533	1.4
913	709	1.4
913	716	2.3
913	851	1.1
913	966	2.4
913	969	1.4
913	982	1.6
913	1090	3.0
913	1118	1.3
913	1151	1.2
913	1244	1.0
913	1375	1.4
913	1406	1.5
913	1515	1.2
913	1786	2.2
913	1870	1.3
913	2614	1.1
913	2815	1.4
913	3945	1.1
913	4889	1.7
913	7177	1.7
913	8659	1.2
954	30	2.3
954	32	1.5
954	55	3.1
954	59	2.7
954	67	2.1
954	72	5.0
954	75	1.9
954	76	1.0
954	89	2.4
954	153	4.4
954	157	1.5
954	187	2.8
954	535	3.1
954	880	2.0
954	1001	4.6
954	1014	2.4
954	1061	3.2
954	1062	2.8
954	1067	4.0
954	1072	2.0
954	1073	2.4
954	1074	3.1
954	1080	2.0
954	1099	1.3
954	1297	1.8
954	1298	1.5
954	1304	1.7
954	1379	2.3
954	1713	2.1
954	2935	3.9
954	3183	2.6
954	3191	2.2
954	3289	2.7
954	3501	1.8
954	3768	1.4
954	3988	2.0
954	4245	1.7
954	4296	3.8
954	4308	2.9
954	4310	4.2
954	4317	1.9
954	4704	1.8
954	8149	2.1
954	10625	1.4
954	11330	2.8
954	11331	2.5
954	11332	1.6
954	11333	1.5
954	11334	1.2
954	11335	1.1
959	51	1.1
959	58	1.2
959	59	2.4
959	61	2.1
959	65	1.7
959	68	2.1
959	70	2.3
959	72	5.0
959	84	1.3
959	89	2.9
959	98	2.9
959	99	2.0
959	154	1.2
959	155	1.7
959	159	3.2
959	187	1.3
959	221	1.0
959	429	2.1
959	511	1.2
959	599	3.6
959	644	1.6
959	858	2.1
959	878	3.1
959	959	3.4
959	972	3.4
959	993	2.1
959	1001	2.0
959	1013	2.7
959	1109	2.7
959	1384	3.5
959	1492	1.7
959	1708	1.3
959	1764	1.7
959	1886	2.8
959	1892	2.1
959	1895	1.8
959	1897	2.2
959	2059	1.0
959	2554	1.6
959	2783	1.3
959	3104	1.0
959	4423	1.1
959	4448	1.7
959	5480	1.0
959	7096	1.1
959	9632	1.5
959	11397	2.2
959	11398	1.7
959	11399	1.3
959	11400	1.1
999	65	3.4
999	152	3.3
999	154	2.5
999	188	1.8
999	190	3.1
999	227	1.4
999	233	1.0
999	234	1.8
999	321	3.4
999	344	1.8
999	355	1.1
999	377	3.0
999	418	2.1
999	461	2.4
999	486	1.9
999	498	1.7
999	506	3.8
999	511	2.9
999	533	1.8
999	538	2.6
999	679	2.5
999	681	3.3
999	755	2.7
999	910	1.5
999	920	5.0
999	964	2.8
999	1110	1.9
999	1116	2.2
999	1118	2.5
999	1132	2.5
999	1172	1.3
999	1413	2.2
999	1470	2.0
999	1705	2.9
999	2006	2.6
999	2014	2.8
999	2151	2.1
999	2574	1.9
999	2775	2.7
999	3417	2.1
999	3779	1.4
999	3900	2.3
999	3901	2.3
999	3940	2.0
999	3998	2.4
999	6957	1.8
999	8690	2.1
999	9716	1.1
999	10472	2.1
999	11703	1.9
1002	55	2.1
1002	72	4.1
1002	89	2.4
1002	157	1.4
1002	175	1.3
1002	239	1.8
1002	252	1.4
1002	257	1.2
1002	279	1.6
1002	287	1.7
1002	288	2.6
1002	291	1.8
1002	293	1.2
1002	294	1.5
1002	295	1.5
1002	296	2.0
1002	299	2.0
1002	310	1.7
1002	314	2.1
1002	317	1.0
1002	322	2.1
1002	323	3.1
1002	328	1.5
1002	332	1.9
1002	333	1.1
1002	349	2.2
1002	535	1.8
1002	701	1.8
1002	722	1.5
1002	800	1.5
1002	906	5.0
1002	909	1.4
1002	911	2.8
1002	913	1.5
1002	1001	1.7
1002	1023	2.4
1002	1596	1.7
1002	1937	1.8
1002	2018	1.1
1002	3314	1.6
1002	3498	1.4
1002	3985	1.1
1002	4566	2.0
1002	6429	1.0
1002	8076	1.3
1002	11719	2.2
1002	11720	1.6
1002	11721	1.5
1002	11722	1.0
1002	11723	1.0
1003	51	3.2
1003	55	1.1
1003	58	1.1
1003	67	2.5
1003	77	1.0
1003	89	2.5
1003	96	2.5
1003	155	2.4
1003	157	2.0
1003	159	2.0
1003	167	1.4
1003	187	2.0
1003	192	1.4
1003	228	1.0
1003	229	1.5
1003	253	1.7
1003	289	1.4
1003	323	2.3
1003	352	1.1
1003	511	1.7
1003	548	1.2
1003	576	1.0
1003	599	1.1
1003	601	1.7
1003	734	1.5
1003	903	1.3
1003	906	2.4
1003	959	2.6
1003	997	1.1
1003	1001	1.4
1003	1014	1.3
1003	1427	2.1
1003	1485	1.4
1003	2444	1.2
1003	2607	1.0
1003	3306	1.4
1003	3313	1.3
1003	3576	1.7
1003	4130	1.8
1003	5000	5.0
1003	6714	1.3
1003	9631	1.1
1003	11724	2.8
1003	11725	2.2
1003	11726	2.1
1003	11727	1.8
1003	11728	1.5
1003	11729	1.1
1003	11730	1.1
1003	11731	1.1
1099	56	1.2
1099	58	3.1
1099	59	1.5
1099	61	1.8
1099	72	5.0
1099	154	1.0
1099	159	1.0
1099	163	1.6
1099	173	2.3
1099	180	1.0
1099	182	1.5
1099	183	2.4
1099	187	1.4
1099	190	2.1
1099	192	1.9
1099	227	1.4
1099	229	1.9
1099	298	1.1
1099	302	1.6
1099	425	1.2
1099	511	2.7
1099	533	1.1
1099	539	1.4
1099	690	1.6
1099	706	2.0
1099	709	1.0
1099	712	2.0
1099	715	1.2
1099	716	2.6
1099	998	1.1
1099	1001	2.1
1099	1014	1.7
1099	1052	1.4
1099	1131	2.7
1099	1243	1.0
1099	1244	1.5
1099	1713	3.3
1099	1790	1.4
1099	2027	1.4
1099	2031	1.1
1099	2901	1.1
1099	3158	1.3
1099	3308	1.1
1099	3992	1.6
1099	4982	1.5
1099	8069	2.7
1099	9745	2.0
1099	9926	2.4
1099	10017	2.0
1099	12316	1.1
1114	65	1.7
1114	72	2.0
1114	154	2.6
1114	190	5.0
1114	199	2.1
1114	207	2.8
1114	220	1.0
1114	226	1.7
1114	227	1.4
1114	229	2.9
1114	230	1.6
1114	233	2.4
1114	300	1.6
1114	302	1.7
1114	306	1.5
1114	320	1.5
1114	344	1.3
1114	349	1.4
1114	366	2.3
1114	377	1.4
1114	378	1.2
1114	416	1.4
1114	418	1.3
1114	424	2.5
1114	436	3.3
1114	471	1.4
1114	481	2.5
1114	498	4.2
1114	499	1.6
1114	504	2.3
1114	511	1.8
1114	533	2.7
1114	534	1.1
1114	536	1.0
1114	679	2.4
1114	689	3.4
1114	982	1.3
1114	1044	1.1
1114	1116	1.8
1114	1239	1.3
1114	1375	1.0
1114	1390	1.3
1114	1400	1.0
1114	1409	1.3
1114	2137	1.1
1114	3057	2.4
1114	3081	2.5
1114	4817	1.2
1114	7532	1.3
1114	12399	2.2
1115	51	3.3
1115	877	1.0
1115	12400	5.0
1115	12401	1.0
1115	12402	1.0
1118	72	1.9
1118	81	1.5
1118	154	2.4
1118	173	1.7
1118	190	5.0
1118	198	1.5
1118	220	1.9
1118	226	1.1
1118	229	1.4
1118	233	1.3
1118	238	1.4
1118	377	1.6
1118	425	1.7
1118	460	2.4
1118	489	1.5
1118	498	1.1
1118	500	2.1
1118	503	2.6
1118	517	1.7
1118	758	3.5
1118	759	1.3
1118	768	1.9
1118	779	1.4
1118	810	1.0
1118	814	2.2
1118	815	1.2
1118	923	2.5
1118	1090	1.0
1118	1861	1.0
1118	1873	1.9
1118	1876	1.4
1118	1974	1.3
1118	2148	1.8
1118	2574	1.1
1118	2576	1.5
1118	2699	1.8
1118	2720	2.0
1118	2820	2.0
1118	2944	1.8
1118	3817	1.2
1118	4051	1.5
1118	4173	1.4
1118	4225	2.5
1118	4226	2.6
1118	4229	1.0
1118	4896	2.2
1118	5111	1.4
1118	10491	1.3
1118	12412	1.6
1118	12413	1.3
1149	51	1.9
1149	59	2.3
1149	72	5.0
1149	77	1.6
1149	81	1.5
1149	159	3.6
1149	172	1.6
1149	173	3.9
1149	193	1.9
1149	225	2.5
1149	227	2.6
1149	429	1.5
1149	436	2.0
1149	441	1.7
1149	599	2.5
1149	715	2.2
1149	851	1.8
1149	866	1.2
1149	868	2.3
1149	875	3.0
1149	879	1.5
1149	1083	3.6
1149	1119	1.2
1149	1121	1.3
1149	1122	1.7
1149	1412	1.9
1149	1464	1.5
1149	1707	2.1
1149	1708	1.0
1149	1726	1.8
1149	1914	1.6
1149	1985	1.7
1149	2469	1.3
1149	3886	1.5
1149	4493	1.7
1149	4982	1.2
1149	5242	2.2
1149	6075	1.2
1149	6823	1.6
1149	7577	1.9
1149	9149	1.6
1149	9632	1.7
1149	12672	3.0
1149	12673	2.3
1149	12674	1.8
1149	12675	1.7
1149	12676	1.5
1149	12677	1.5
1149	12678	1.2
1149	12679	1.2
1156	65	3.7
1156	70	1.0
1156	72	4.8
1156	88	1.7
1156	154	4.5
1156	159	3.8
1156	162	4.4
1156	190	4.0
1156	226	2.6
1156	229	1.9
1156	374	2.4
1156	407	3.7
1156	486	2.1
1156	512	2.7
1156	621	2.3
1156	632	2.8
1156	717	1.4
1156	774	1.3
1156	1009	1.2
1156	1020	1.5
1156	1306	1.9
1156	1713	1.9
1156	1731	2.8
1156	1858	4.4
1156	2605	1.1
1156	2775	5.0
1156	3334	1.9
1156	3414	1.5
1156	4110	2.4
1156	4177	1.2
1156	5806	1.8
1156	5966	1.6
1156	6046	1.3
1156	7160	3.4
1156	7170	3.2
1156	11122	1.4
1156	11806	2.5
1156	11825	3.5
1156	12761	3.8
1156	12762	2.8
1156	12763	2.0
1156	12764	2.0
1156	12765	1.8
1156	12766	1.8
1156	12767	1.6
1156	12768	1.3
1156	12769	1.2
1156	12770	1.1
1156	12771	1.1
1156	12772	1.1
1163	30	2.4
1163	51	2.3
1163	59	1.3
1163	61	1.9
1163	65	3.4
1163	67	1.0
1163	72	5.0
1163	75	2.8
1163	81	1.0
1163	84	2.2
1163	153	2.9
1163	154	3.2
1163	159	2.5
1163	163	1.0
1163	173	1.6
1163	180	1.2
1163	187	2.1
1163	190	4.0
1163	193	1.6
1163	268	1.2
1163	511	2.9
1163	599	3.3
1163	877	1.3
1163	880	1.3
1163	945	1.2
1163	959	2.0
1163	998	1.2
1163	1013	1.7
1163	1019	1.0
1163	1055	1.6
1163	1061	1.2
1163	1072	2.9
1163	1073	1.3
1163	1098	1.5
1163	1122	1.0
1163	1381	1.7
1163	1713	3.3
1163	1892	1.5
1163	2901	1.5
1163	2936	1.5
1163	3171	2.5
1163	3768	1.0
1163	4031	1.2
1163	4130	2.0
1163	7324	1.7
1163	8998	1.0
1163	9969	1.2
1163	12817	1.2
1163	12818	1.2
1163	12819	1.2
1165	65	1.3
1165	72	4.8
1165	85	1.2
1165	154	1.4
1165	159	3.3
1165	173	1.9
1165	190	1.0
1165	212	1.7
1165	220	2.0
1165	227	1.0
1165	228	1.1
1165	229	1.5
1165	230	1.3
1165	355	1.1
1165	436	2.3
1165	511	2.9
1165	533	1.2
1165	562	2.3
1165	614	5.0
1165	630	1.4
1165	683	1.6
1165	715	1.5
1165	734	2.0
1165	735	3.1
1165	951	1.3
1165	993	1.2
1165	1048	1.1
1165	1079	1.0
1165	1090	1.1
1165	1116	1.3
1165	1249	1.8
1165	1375	1.1
1165	1382	1.5
1165	1489	2.5
1165	1513	4.4
1165	1519	1.7
1165	1713	1.6
1165	1778	1.8
1165	2439	1.7
1165	3302	1.4
1165	4179	1.1
1165	6724	1.2
1165	6728	1.3
1165	6926	1.4
1165	12831	2.3
1165	12832	1.7
1165	12833	1.7
1165	12834	1.5
1165	12835	1.3
1165	12836	1.2
1173	53	3.7
1173	59	4.5
1173	61	1.7
1173	72	3.9
1173	76	1.7
1173	84	1.4
1173	154	2.1
1173	199	2.0
1173	233	2.7
1173	238	2.9
1173	425	1.1
1173	429	2.2
1173	440	2.1
1173	441	2.7
1173	511	3.2
1173	599	4.0
1173	603	1.8
1173	612	3.4
1173	627	3.0
1173	630	3.0
1173	715	2.3
1173	748	2.6
1173	757	1.0
1173	862	2.7
1173	879	1.7
1173	1001	5.0
1173	1073	3.3
1173	1155	2.1
1173	1709	4.1
1173	1827	1.5
1173	1881	3.5
1173	1964	1.4
1173	2043	1.5
1173	2083	2.6
1173	2136	3.4
1173	2139	1.3
1173	2480	1.2
1173	2487	2.0
1173	2535	1.7
1173	2542	3.3
1173	3202	1.9
1173	3279	2.4
1173	3280	1.5
1173	3411	1.1
1173	5503	1.1
1173	6075	1.9
1173	6151	1.4
1173	6189	1.0
1173	10847	1.1
1173	12933	1.1
1202	51	5.0
1202	58	1.7
1202	59	3.2
1202	70	3.3
1202	72	4.6
1202	77	2.2
1202	99	2.0
1202	100	1.0
1202	159	3.6
1202	187	1.3
1202	193	1.6
1202	210	1.6
1202	229	1.6
1202	233	2.8
1202	429	1.8
1202	441	1.3
1202	511	3.4
1202	599	3.6
1202	601	2.3
1202	603	1.0
1202	612	1.0
1202	627	3.8
1202	715	1.7
1202	905	1.3
1202	959	1.2
1202	982	1.3
1202	993	2.2
1202	998	1.8
1202	1000	1.1
1202	1001	4.2
1202	1014	2.4
1202	1019	1.4
1202	1079	1.4
1202	1151	1.1
1202	1156	1.4
1202	1686	1.3
1202	1810	2.5
1202	2027	1.9
1202	2531	2.2
1202	2554	1.0
1202	3201	1.2
1202	3289	1.9
1202	3466	2.4
1202	4308	1.2
1202	4447	1.2
1202	6742	1.2
1202	6852	1.0
1202	13084	1.7
1202	13085	1.3
1202	13086	1.2
1209	51	5.0
1209	61	1.0
1209	68	1.5
1209	72	1.9
1209	85	1.3
1209	91	2.9
1209	98	2.0
1209	99	1.3
1209	183	1.0
1209	187	3.1
1209	227	2.6
1209	429	1.3
1209	599	1.7
1209	874	1.1
1209	905	1.7
1209	993	1.5
1209	994	1.3
1209	1005	1.2
1209	1013	1.5
1209	1014	2.0
1209	1018	1.3
1209	1073	1.4
1209	1414	2.7
1209	1416	1.6
1209	1899	1.3
1209	2029	2.6
1209	2490	1.3
1209	2556	1.7
1209	2562	1.3
1209	2937	1.2
1209	3201	1.1
1209	3832	2.0
1209	3920	1.2
1209	4616	1.1
1209	6732	2.5
1209	6740	1.2
1209	6784	2.5
1209	6790	2.7
1209	7347	1.2
1209	8995	1.2
1209	13151	3.6
1209	13152	2.6
1209	13153	1.9
1209	13154	1.8
1209	13155	1.7
1209	13156	1.5
1209	13157	1.5
1209	13158	1.4
1209	13159	1.1
1209	13160	1.0
1210	51	5.0
1210	59	2.2
1210	67	2.3
1210	72	3.8
1210	77	2.3
1210	85	2.2
1210	98	1.9
1210	155	1.5
1210	157	1.2
1210	159	3.3
1210	170	1.4
1210	172	1.5
1210	187	1.3
1210	190	2.1
1210	193	2.0
1210	227	2.3
1210	511	3.3
1210	533	1.4
1210	599	2.2
1210	601	1.0
1210	732	1.2
1210	874	2.3
1210	917	1.6
1210	959	1.8
1210	993	1.1
1210	996	1.0
1210	997	1.7
1210	998	1.2
1210	999	1.0
1210	1001	1.6
1210	1013	2.0
1210	1014	2.4
1210	1019	1.0
1210	1076	1.1
1210	1122	1.3
1210	1413	1.2
1210	1810	1.2
1210	1892	1.4
1210	2343	1.2
1210	2531	1.0
1210	2556	2.3
1210	2559	1.0
1210	2562	2.2
1210	3280	1.3
1210	3920	1.2
1210	4313	2.9
1210	5000	1.2
1210	6350	1.7
1210	8995	1.6
1210	13161	1.2
1213	30	1.1
1213	32	1.3
1213	72	4.0
1213	153	5.0
1213	190	1.0
1213	238	1.5
1213	526	1.8
1213	717	1.5
1213	1028	1.1
1213	1062	1.8
1213	1067	1.1
1213	1075	1.2
1213	1084	3.8
1213	1295	1.7
1213	1298	1.3
1213	3988	1.8
1213	5484	1.5
1213	7810	1.3
1213	10720	1.5
1213	12552	2.1
1213	13181	4.3
1213	13182	4.2
1213	13183	4.0
1213	13184	2.9
1213	13185	2.6
1213	13186	2.6
1213	13187	2.1
1213	13188	2.0
1213	13189	2.0
1213	13190	2.0
1213	13191	2.0
1213	13192	2.0
1213	13193	1.8
1213	13194	1.7
1213	13195	1.6
1213	13196	1.6
1213	13197	1.6
1213	13198	1.5
1213	13199	1.5
1213	13200	1.4
1213	13201	1.3
1213	13202	1.3
1213	13203	1.3
1213	13204	1.3
1213	13205	1.3
1213	13206	1.2
1213	13207	1.2
1213	13208	1.1
1213	13209	1.1
1213	13210	1.0
1225	52	2.9
1225	53	2.6
1225	54	2.1
1225	64	1.6
1225	65	1.2
1225	66	1.1
1225	69	2.7
1225	72	5.0
1225	81	2.6
1225	86	1.5
1225	99	2.6
1225	153	1.2
1225	159	2.7
1225	173	4.0
1225	176	1.3
1225	180	1.7
1225	187	2.9
1225	190	2.0
1225	198	1.1
1225	229	1.3
1225	238	1.5
1225	441	1.5
1225	511	2.6
1225	518	1.4
1225	522	1.3
1225	735	1.6
1225	851	1.1
1225	877	1.3
1225	930	2.3
1225	959	1.1
1225	961	2.1
1225	1014	1.3
1225	1061	1.3
1225	1099	1.4
1225	1106	1.2
1225	1150	2.0
1225	1249	1.6
1225	1713	2.8
1225	3763	1.4
1225	4988	1.2
1225	6524	1.0
1225	6760	2.4
1225	11794	2.4
1225	12287	2.0
1225	13275	2.2
1225	13276	1.5
1225	13277	1.4
1225	13278	1.3
1225	13279	1.2
1225	13280	1.1
1232	30	1.2
1232	51	1.2
1232	59	2.0
1232	72	5.0
1232	154	1.4
1232	159	4.5
1232	173	1.3
1232	418	1.6
1232	429	1.1
1232	441	4.1
1232	450	2.1
1232	515	3.3
1232	599	3.4
1232	858	1.5
1232	866	2.3
1232	875	3.1
1232	1072	1.2
1232	1083	3.5
1232	1089	1.5
1232	1151	1.7
1232	1534	2.7
1232	1707	1.4
1232	1713	2.0
1232	1886	1.8
1232	2531	2.6
1232	2938	1.9
1232	3280	3.0
1232	3441	2.4
1232	3472	1.0
1232	4649	1.2
1232	4973	1.9
1232	5260	1.3
1232	5906	2.2
1232	5908	1.0
1232	5913	2.9
1232	5918	2.2
1232	6883	1.3
1232	9256	2.8
1232	9501	1.6
1232	11489	1.7
1232	13341	3.4
1232	13342	3.1
1232	13343	3.1
1232	13344	2.8
1232	13345	2.5
1232	13346	2.2
1232	13347	2.0
1232	13348	1.4
1232	13349	1.2
1232	13350	1.0
1255	55	2.2
1255	59	3.1
1255	67	2.1
1255	72	5.0
1255	89	3.0
1255	172	2.3
1255	173	3.3
1255	190	1.4
1255	199	2.4
1255	204	1.6
1255	229	1.7
1255	289	1.8
1255	292	1.3
1255	295	1.6
1255	298	2.9
1255	300	1.2
1255	316	1.6
1255	418	1.2
1255	421	1.1
1255	423	2.1
1255	430	2.1
1255	432	2.9
1255	436	2.3
1255	437	1.9
1255	439	2.3
1255	440	2.2
1255	504	1.1
1255	525	1.2
1255	679	2.4
1255	689	2.2
1255	690	1.0
1255	962	3.2
1255	985	1.8
1255	1098	3.3
1255	1106	1.7
1255	1243	1.5
1255	1379	2.2
1255	1400	1.2
1255	1755	1.6
1255	1986	1.4
1255	2277	1.1
1255	2531	2.5
1255	3057	1.2
1255	3200	3.5
1255	4716	1.7
1255	6210	1.5
1255	6414	1.6
1255	8707	2.6
1255	10427	1.0
1255	13513	1.7
1282	54	1.3
1282	56	1.2
1282	65	2.4
1282	67	1.2
1282	72	4.8
1282	107	1.6
1282	154	2.6
1282	157	3.4
1282	159	2.4
1282	190	1.9
1282	225	2.3
1282	229	1.7
1282	233	1.4
1282	289	1.4
1282	306	2.6
1282	329	2.2
1282	331	1.6
1282	425	2.5
1282	450	1.6
1282	547	1.3
1282	683	2.1
1282	907	1.0
1282	1062	1.6
1282	1075	5.0
1282	1098	1.7
1282	1116	1.1
1282	1383	1.3
1282	1449	1.4
1282	1486	2.2
1282	1713	2.0
1282	1886	1.0
1282	1934	1.6
1282	2083	1.6
1282	2220	1.1
1282	3109	4.2
1282	3300	1.1
1282	3317	1.1
1282	3756	1.2
1282	5893	1.9
1282	5925	1.6
1282	6374	1.4
1282	8176	1.2
1282	8510	1.5
1282	11080	1.5
1282	13639	1.5
1282	13640	1.4
1282	13641	1.2
1282	13642	1.1
1282	13643	1.1
1282	13644	1.1
1336	7	2.7
1336	51	2.2
1336	70	1.4
1336	72	4.3
1336	88	2.6
1336	99	1.1
1336	154	1.8
1336	159	5.0
1336	162	2.8
1336	163	2.8
1336	173	2.3
1336	198	1.4
1336	203	1.7
1336	220	2.6
1336	226	1.0
1336	233	2.9
1336	234	1.7
1336	235	1.5
1336	377	1.3
1336	441	2.2
1336	450	2.8
1336	511	1.7
1336	515	2.6
1336	599	1.7
1336	715	1.0
1336	755	1.5
1336	859	1.6
1336	865	1.4
1336	959	1.9
1336	969	3.3
1336	982	2.3
1336	1055	1.4
1336	1061	1.9
1336	1083	3.0
1336	1099	1.3
1336	1104	1.8
1336	1249	1.3
1336	1412	1.2
1336	1713	1.5
1336	1974	1.1
1336	1981	1.5
1336	1984	1.6
1336	3053	1.9
1336	3625	1.8
1336	3650	1.5
1336	3683	2.2
1336	4069	1.7
1336	7038	1.4
1336	13016	1.0
1336	13959	1.4
1343	7	1.1
1343	51	1.2
1343	55	1.3
1343	72	5.0
1343	99	1.2
1343	159	1.1
1343	173	1.3
1343	203	1.0
1343	215	1.6
1343	226	1.2
1343	227	1.0
1343	233	1.9
1343	234	2.8
1343	289	1.6
1343	383	1.1
1343	436	1.1
1343	706	2.5
1343	707	2.3
1343	710	1.1
1343	724	1.0
1343	732	1.1
1343	854	3.9
1343	857	1.1
1343	903	1.1
1343	918	2.4
1343	936	2.2
1343	1034	3.7
1343	1104	1.8
1343	1249	1.8
1343	1360	1.0
1343	1369	1.1
1343	1412	4.1
1343	1513	1.8
1343	1534	1.1
1343	1703	2.0
1343	1713	1.2
1343	1714	3.5
1343	1807	1.2
1343	1817	1.8
1343	2343	1.3
1343	2789	1.1
1343	3741	1.1
1343	3744	1.2
1343	4165	1.1
1343	5550	1.0
1343	6532	1.1
1343	7464	1.1
1343	9468	2.0
1343	13994	1.5
1343	13995	1.4
1427	19	1.9
1427	30	1.6
1427	36	1.7
1427	37	1.1
1427	51	3.7
1427	72	5.0
1427	75	1.5
1427	153	1.9
1427	159	2.1
1427	187	1.0
1427	429	1.5
1427	603	1.1
1427	631	1.1
1427	875	1.3
1427	877	2.0
1427	985	1.7
1427	986	1.8
1427	997	1.1
1427	998	1.8
1427	1001	2.6
1427	1014	3.5
1427	1019	2.6
1427	1073	1.7
1427	1098	1.1
1427	1225	1.7
1427	1253	2.1
1427	1298	1.2
1427	1464	1.3
1427	1709	1.9
1427	1886	2.2
1427	1892	1.0
1427	2459	1.7
1427	2531	1.2
1427	2638	2.0
1427	3003	1.2
1427	3015	1.0
1427	3289	2.2
1427	3863	1.1
1427	3889	1.1
1427	7344	1.1
1427	8149	1.3
1427	9302	1.4
1427	10635	1.6
1427	11206	1.2
1427	13451	1.7
1427	14294	1.3
1427	14508	1.8
1427	14509	1.8
1427	14510	1.3
1427	14511	1.1
1454	51	1.8
1454	59	3.8
1454	65	1.8
1454	68	3.3
1454	72	4.4
1454	75	4.3
1454	76	1.0
1454	85	1.4
1454	93	1.0
1454	95	1.7
1454	99	2.5
1454	153	3.6
1454	159	4.0
1454	180	2.0
1454	182	1.8
1454	187	3.7
1454	190	1.8
1454	193	1.7
1454	220	1.8
1454	229	1.4
1454	230	2.5
1454	253	1.3
1454	441	2.0
1454	511	4.3
1454	599	1.9
1454	612	1.7
1454	715	3.1
1454	722	1.6
1454	863	2.8
1454	877	2.5
1454	993	5.0
1454	996	2.3
1454	997	3.7
1454	998	2.5
1454	1001	4.5
1454	1005	1.6
1454	1013	4.0
1454	1014	3.3
1454	1072	1.7
1454	1073	2.5
1454	1413	1.2
1454	1464	1.1
1454	1707	2.1
1454	1816	2.0
1454	1892	1.0
1454	2469	1.3
1454	2936	2.3
1454	3302	1.5
1454	3988	2.1
1454	11794	4.6
1456	51	2.6
1456	55	2.8
1456	64	2.8
1456	65	1.5
1456	72	2.4
1456	99	2.0
1456	173	1.6
1456	182	1.1
1456	187	5.0
1456	190	1.0
1456	253	1.0
1456	418	1.9
1456	453	2.2
1456	471	2.1
1456	679	1.0
1456	904	1.8
1456	905	1.7
1456	909	3.5
1456	912	2.2
1456	1376	1.6
1456	1383	1.0
1456	1505	3.3
1456	1882	1.4
1456	1990	1.6
1456	2079	1.5
1456	2176	1.2
1456	3109	1.1
1456	3681	1.7
1456	3832	3.7
1456	4025	1.7
1456	6297	2.1
1456	6308	1.6
1456	6733	2.5
1456	6739	3.4
1456	7651	2.9
1456	8171	1.7
1456	8996	1.5
1456	13435	2.5
1456	14631	4.0
1456	14632	2.2
1456	14633	1.6
1456	14634	1.6
1456	14635	1.5
1456	14636	1.5
1456	14637	1.5
1456	14638	1.4
1456	14639	1.3
1456	14640	1.3
1456	14641	1.1
1456	14642	1.0
1491	53	1.2
1491	56	2.2
1491	65	1.1
1491	66	1.6
1491	89	2.6
1491	173	3.5
1491	207	1.3
1491	210	1.7
1491	225	1.8
1491	228	1.5
1491	236	1.2
1491	289	1.4
1491	300	1.6
1491	333	1.5
1491	416	1.8
1491	432	2.4
1491	448	1.5
1491	524	2.7
1491	525	1.8
1491	689	1.0
1491	690	1.1
1491	757	5.0
1491	1055	1.8
1491	1075	2.0
1491	1097	3.2
1491	1099	1.8
1491	1101	3.2
1491	1390	1.3
1491	1396	1.4
1491	1398	1.0
1491	1400	1.1
1491	1409	2.2
1491	1632	1.4
1491	1752	1.2
1491	1978	2.1
1491	1980	1.0
1491	1986	2.1
1491	2398	1.8
1491	2693	2.2
1491	2702	1.7
1491	2818	1.6
1491	2830	1.3
1491	3293	1.7
1491	3411	1.4
1491	4029	1.4
1491	5149	1.8
1491	6027	1.3
1491	6032	1.6
1491	7071	1.3
1491	14897	1.4
1496	53	2.7
1496	59	2.7
1496	72	5.0
1496	81	1.2
1496	154	1.5
1496	155	1.5
1496	157	1.6
1496	199	1.8
1496	210	1.2
1496	220	2.5
1496	221	1.9
1496	229	3.1
1496	233	1.5
1496	238	2.6
1496	429	3.1
1496	436	1.1
1496	441	1.5
1496	443	1.1
1496	533	1.1
1496	703	2.2
1496	715	1.9
1496	716	1.1
1496	969	1.2
1496	1001	3.8
1496	1014	1.2
1496	1072	1.9
1496	1073	1.0
1496	1075	1.5
1496	1089	1.9
1496	1094	1.8
1496	1107	1.7
1496	1116	1.8
1496	1151	2.1
1496	1155	1.8
1496	1384	1.4
1496	1390	1.1
1496	1713	2.2
1496	2136	1.6
1496	2531	2.0
1496	2542	2.0
1496	2691	1.4
1496	3250	2.5
1496	3676	1.4
1496	6728	1.8
1496	6852	1.0
1496	7324	1.6
1496	8656	2.3
1496	13834	1.0
1496	14944	1.1
1496	14945	1.1
1502	57	5.0
1502	66	2.0
1502	72	3.1
1502	84	3.6
1502	88	3.4
1502	159	4.4
1502	172	1.2
1502	196	1.6
1502	234	1.1
1502	238	2.6
1502	298	1.1
1502	423	1.7
1502	703	2.3
1502	858	4.2
1502	961	1.0
1502	1099	1.4
1502	1155	1.5
1502	1707	1.1
1502	1970	2.0
1502	1986	4.0
1502	2572	2.9
1502	2605	2.3
1502	3502	1.1
1502	3877	2.5
1502	3902	2.0
1502	4113	2.4
1502	4153	1.6
1502	4316	1.1
1502	5074	2.2
1502	6042	1.1
1502	6583	3.8
1502	7324	2.1
1502	8230	1.5
1502	8582	1.1
1502	8689	1.4
1502	9860	1.2
1502	11754	2.3
1502	11826	1.7
1502	13882	2.0
1502	15057	2.9
1502	15058	2.5
1502	15059	2.4
1502	15060	2.2
1502	15061	1.8
1502	15062	1.5
1502	15063	1.4
1502	15064	1.3
1502	15065	1.3
1502	15066	1.2
1502	15067	1.1
1505	51	1.5
1505	53	1.0
1505	59	1.9
1505	63	2.2
1505	64	1.1
1505	65	1.9
1505	70	1.1
1505	72	5.0
1505	75	1.8
1505	153	4.0
1505	154	1.6
1505	155	1.4
1505	159	1.0
1505	173	1.2
1505	187	1.0
1505	193	2.9
1505	233	1.5
1505	238	1.0
1505	377	2.0
1505	378	2.7
1505	488	1.9
1505	489	1.1
1505	518	3.3
1505	707	1.0
1505	878	1.2
1505	959	1.4
1505	999	1.1
1505	1001	2.1
1505	1014	2.5
1505	1061	1.5
1505	1072	1.9
1505	1098	1.5
1505	1104	2.4
1505	1379	1.1
1505	1713	3.0
1505	1787	1.3
1505	1793	3.1
1505	1854	1.4
1505	1892	1.1
1505	2027	1.2
1505	6524	2.4
1505	10182	1.4
1505	11529	2.6
1505	14760	2.2
1505	15094	2.8
1505	15095	1.7
1505	15096	1.4
1505	15097	1.4
1505	15098	1.3
1505	15099	1.0
1514	51	2.2
1514	54	2.5
1514	58	1.9
1514	59	3.9
1514	63	3.8
1514	67	1.4
1514	70	1.5
1514	72	5.0
1514	75	2.4
1514	76	1.9
1514	77	1.3
1514	93	1.5
1514	153	2.9
1514	154	1.7
1514	163	2.1
1514	172	1.0
1514	175	2.0
1514	187	2.5
1514	193	2.3
1514	233	2.1
1514	238	2.1
1514	603	1.0
1514	851	1.4
1514	862	2.1
1514	877	1.4
1514	880	2.5
1514	900	1.1
1514	993	2.6
1514	997	1.8
1514	1001	3.3
1514	1014	2.1
1514	1061	2.2
1514	1075	2.1
1514	1156	1.3
1514	1836	2.3
1514	1886	1.9
1514	1892	1.6
1514	1900	2.1
1514	2469	2.8
1514	3109	1.9
1514	3289	1.0
1514	3413	1.3
1514	3768	1.4
1514	3988	1.9
1514	4113	1.1
1514	4126	2.6
1514	4311	1.4
1514	5073	1.2
1514	5503	2.2
1514	8069	1.7
1519	65	2.0
1519	154	1.8
1519	182	2.0
1519	190	4.0
1519	207	2.9
1519	209	1.5
1519	229	2.1
1519	288	1.0
1519	289	1.0
1519	323	1.5
1519	333	1.6
1519	344	2.4
1519	377	2.2
1519	397	1.0
1519	424	2.4
1519	466	1.0
1519	470	1.6
1519	486	1.1
1519	488	1.3
1519	511	3.1
1519	533	3.0
1519	544	1.4
1519	683	1.0
1519	687	1.5
1519	693	1.7
1519	704	2.1
1519	779	1.3
1519	816	1.2
1519	951	2.3
1519	966	1.1
1519	972	2.4
1519	1045	1.6
1519	1047	5.0
1519	1048	1.1
1519	1185	1.4
1519	1191	2.5
1519	1384	1.2
1519	1470	2.4
1519	1673	1.4
1519	1854	1.6
1519	1910	1.7
1519	1923	3.6
1519	2386	1.8
1519	2608	1.4
1519	2959	1.4
1519	3367	1.4
1519	5001	1.0
1519	5950	1.3
1519	8155	1.6
1519	8398	1.0
1542	56	2.7
1542	65	1.6
1542	67	2.8
1542	72	1.2
1542	96	2.5
1542	154	2.9
1542	157	2.8
1542	163	2.4
1542	167	1.0
1542	182	2.3
1542	187	5.0
1542	193	2.8
1542	206	1.1
1542	222	1.4
1542	227	2.7
1542	234	1.0
1542	389	2.1
1542	599	4.6
1542	604	2.6
1542	683	2.9
1542	691	2.6
1542	994	1.1
1542	997	2.6
1542	1003	1.6
1542	1048	1.4
1542	1090	2.3
1542	1122	2.4
1542	1414	2.6
1542	1464	2.2
1542	1643	1.4
1542	1820	2.0
1542	1899	2.6
1542	2031	2.3
1542	2439	1.3
1542	2554	1.2
1542	3266	1.3
1542	3302	1.0
1542	3481	1.2
1542	4126	3.4
1542	4620	2.4
1542	5452	1.3
1542	6733	2.1
1542	11477	1.5
1542	14632	1.6
1542	15244	2.6
1542	15245	2.3
1542	15246	2.2
1542	15247	2.1
1542	15248	1.5
1542	15249	1.3
1585	51	5.0
1585	56	1.0
1585	61	2.6
1585	65	1.6
1585	67	3.0
1585	69	1.1
1585	72	1.6
1585	80	1.3
1585	99	1.2
1585	157	1.6
1585	159	1.3
1585	182	1.9
1585	187	2.3
1585	193	1.0
1585	253	2.1
1585	285	1.8
1585	291	1.5
1585	511	3.6
1585	748	1.2
1585	777	1.1
1585	945	1.4
1585	993	3.7
1585	1001	1.9
1585	1009	1.1
1585	1013	1.4
1585	1116	2.1
1585	1122	2.9
1585	1306	2.6
1585	1405	1.1
1585	1413	1.3
1585	1810	1.4
1585	2018	1.3
1585	2469	1.0
1585	2554	1.7
1585	2608	1.0
1585	3104	2.6
1585	3302	1.1
1585	3481	1.2
1585	3768	1.4
1585	3921	2.4
1585	4130	2.0
1585	5072	1.0
1585	5452	1.3
1585	7054	1.9
1585	15449	2.0
1585	15450	1.5
1585	15451	1.4
1585	15452	1.4
1585	15453	1.3
1585	15454	1.1
1595	59	1.0
1595	72	5.0
1595	77	2.1
1595	89	2.0
1595	99	1.2
1595	159	2.8
1595	163	3.9
1595	193	1.7
1595	227	3.5
1595	228	1.4
1595	234	1.2
1595	418	1.0
1595	441	3.3
1595	511	2.3
1595	562	1.2
1595	599	3.2
1595	631	1.7
1595	706	2.6
1595	717	1.1
1595	733	1.4
1595	735	1.4
1595	757	1.1
1595	863	1.6
1595	865	3.2
1595	868	4.6
1595	874	1.5
1595	959	2.9
1595	1013	2.5
1595	1079	1.5
1595	1122	1.2
1595	1242	1.2
1595	1244	1.4
1595	1249	1.9
1595	1369	1.5
1595	1412	2.5
1595	1534	1.5
1595	1892	1.2
1595	1895	2.2
1595	1897	2.7
1595	3264	1.9
1595	4130	1.1
1595	6950	1.0
1595	8291	1.0
1595	9253	1.9
1595	9513	1.2
1595	9969	1.2
1595	15472	1.2
1595	15477	2.1
1595	15478	1.6
1595	15479	1.3
1611	72	5.0
1611	998	1.0
1611	2500	1.8
1611	6245	3.0
1642	56	1.0
1642	61	1.1
1642	72	5.0
1642	75	1.1
1642	159	1.2
1642	187	1.0
1642	511	1.5
1642	529	1.0
1642	1009	1.3
1642	1072	3.3
1642	1079	1.2
1642	1713	1.5
1642	2149	1.2
1642	2824	2.4
1642	5871	1.0
1642	9980	1.8
1642	11520	1.3
1642	14675	1.3
1642	14739	1.1
1642	14744	1.5
1642	14750	3.0
1642	14752	1.1
1642	14757	1.5
1642	14774	1.4
1642	14780	1.4
1642	15778	2.7
1642	15779	2.4
1642	15780	2.0
1642	15781	2.0
1642	15782	1.7
1642	15783	1.7
1642	15784	1.6
1642	15785	1.5
1642	15786	1.4
1642	15787	1.4
1642	15788	1.4
1642	15789	1.3
1642	15790	1.3
1642	15791	1.2
1642	15792	1.2
1642	15793	1.2
1642	15794	1.1
1642	15795	1.1
1642	15796	1.1
1642	15797	1.1
1642	15798	1.1
1642	15799	1.1
1642	15800	1.0
1642	15801	1.0
1642	15802	1.0
1643	51	5.0
1643	67	1.3
1643	77	3.6
1643	95	2.3
1643	155	2.8
1643	187	3.0
1643	190	1.1
1643	227	3.1
1643	296	1.5
1643	418	1.6
1643	679	2.7
1643	694	1.6
1643	728	2.3
1643	801	1.3
1643	906	1.8
1643	910	1.7
1643	959	2.2
1643	972	1.5
1643	1001	1.8
1643	1047	1.7
1643	1076	2.1
1643	1414	1.0
1643	2071	1.6
1643	2523	1.4
1643	2556	2.1
1643	2562	2.1
1643	3070	1.8
1643	3217	1.2
1643	3866	1.1
1643	4068	1.2
1643	5000	3.6
1643	6790	3.1
1643	8676	1.6
1643	8995	2.2
1643	11724	2.2
1643	11727	1.1
1643	12129	3.2
1643	13266	1.3
1643	13415	1.4
1643	14712	1.0
1643	15803	3.1
1643	15804	2.5
1643	15805	2.3
1643	15806	1.7
1643	15807	1.4
1643	15808	1.3
1643	15809	1.2
1643	15810	1.2
1643	15811	1.1
1643	15812	1.1
1672	72	5.0
1672	81	1.9
1672	154	1.7
1672	173	1.9
1672	196	2.0
1672	197	2.5
1672	206	2.2
1672	208	1.1
1672	212	1.5
1672	215	2.8
1672	228	1.6
1672	231	1.6
1672	238	1.5
1672	416	1.1
1672	420	2.9
1672	428	1.1
1672	441	3.4
1672	533	1.3
1672	703	1.6
1672	735	1.7
1672	858	2.9
1672	863	1.3
1672	867	1.8
1672	868	3.3
1672	875	1.4
1672	1072	1.2
1672	1075	2.6
1672	1097	1.4
1672	1098	1.2
1672	1164	1.6
1672	1167	1.6
1672	1504	1.6
1672	1976	1.5
1672	2821	1.9
1672	3280	1.1
1672	3371	1.1
1672	3886	2.6
1672	4051	1.6
1672	5879	1.4
1672	5913	1.2
1672	6374	1.3
1672	7324	1.3
1672	8678	1.6
1672	10105	1.9
1672	13167	1.1
1672	13345	1.0
1672	14435	1.5
1672	15991	1.7
1672	15992	1.3
1672	15993	1.0
1724	51	3.1
1724	52	1.0
1724	56	3.1
1724	65	1.8
1724	67	1.8
1724	72	4.9
1724	88	1.0
1724	172	3.1
1724	173	5.0
1724	183	3.6
1724	207	4.4
1724	229	1.6
1724	234	1.3
1724	238	1.4
1724	425	2.1
1724	432	1.7
1724	534	1.3
1724	748	1.7
1724	1048	1.1
1724	1512	2.9
1724	1991	2.5
1724	2122	1.3
1724	2601	2.1
1724	2716	2.5
1724	2747	1.2
1724	3501	1.1
1724	3992	2.2
1724	4913	1.4
1724	5890	1.6
1724	6246	1.6
1724	8174	1.4
1724	10722	2.7
1724	11753	2.3
1724	12674	1.8
1724	13090	2.5
1724	16336	2.9
1724	16337	2.7
1724	16338	2.5
1724	16339	2.3
1724	16340	2.1
1724	16341	2.0
1724	16342	1.9
1724	16343	1.7
1724	16344	1.4
1724	16345	1.3
1724	16346	1.3
1724	16347	1.2
1724	16348	1.2
1724	16349	1.2
1724	16350	1.1
1728	52	1.4
1728	54	1.2
1728	59	1.0
1728	65	2.1
1728	72	5.0
1728	81	2.3
1728	154	2.3
1728	172	1.3
1728	173	2.3
1728	174	1.5
1728	182	2.5
1728	187	1.7
1728	190	3.4
1728	234	1.9
1728	418	1.0
1728	423	1.2
1728	441	3.2
1728	533	1.5
1728	858	1.3
1728	863	1.9
1728	880	1.8
1728	961	1.6
1728	969	1.0
1728	997	1.4
1728	1061	3.5
1728	1072	2.8
1728	1073	1.1
1728	1085	1.2
1728	1090	2.1
1728	1097	1.9
1728	1098	1.6
1728	1213	1.3
1728	1384	1.0
1728	1424	1.2
1728	1534	1.3
1728	1707	1.8
1728	1713	2.0
1728	1790	2.6
1728	1794	1.1
1728	1836	1.1
1728	2030	2.7
1728	2542	2.5
1728	2681	1.8
1728	3280	1.7
1728	4316	1.6
1728	6585	1.1
1728	7934	1.2
1728	9245	1.0
1728	16354	1.1
1728	16355	1.0
1777	72	3.6
1777	153	1.8
1777	190	1.2
1777	450	2.1
1777	526	1.4
1777	1028	1.4
1777	1062	1.1
1777	1075	2.6
1777	1084	3.8
1777	1486	1.4
1777	3988	2.4
1777	5484	1.1
1777	7810	2.1
1777	9869	1.1
1777	11333	1.1
1777	12218	1.8
1777	12552	2.4
1777	13181	2.0
1777	13182	5.0
1777	13183	2.7
1777	13184	2.2
1777	13185	2.2
1777	13186	2.4
1777	13187	2.1
1777	13189	1.4
1777	13190	1.4
1777	13192	1.0
1777	13200	1.4
1777	13203	2.0
1777	13206	1.9
1777	13209	2.9
1777	13637	1.4
1777	16607	2.7
1777	16608	2.6
1777	16609	2.5
1777	16610	2.4
1777	16611	2.3
1777	16612	2.1
1777	16613	1.9
1777	16614	1.8
1777	16615	1.5
1777	16616	1.5
1777	16617	1.4
1777	16618	1.3
1777	16619	1.2
1777	16620	1.2
1777	16621	1.2
1777	16622	1.1
1777	16623	1.0
1777	16624	1.0
1785	53	1.3
1785	57	3.2
1785	59	1.1
1785	64	1.2
1785	65	2.4
1785	69	1.8
1785	70	1.0
1785	84	1.1
1785	154	5.0
1785	159	1.0
1785	163	1.0
1785	173	3.2
1785	174	2.1
1785	190	2.8
1785	199	2.2
1785	203	1.6
1785	206	1.9
1785	207	2.5
1785	210	1.1
1785	221	1.9
1785	225	2.7
1785	226	1.4
1785	228	2.3
1785	229	2.4
1785	234	1.6
1785	237	2.4
1785	424	1.5
1785	425	1.6
1785	603	1.1
1785	619	2.4
1785	703	1.3
1785	706	2.3
1785	709	1.4
1785	715	3.0
1785	851	1.3
1785	969	1.4
1785	1089	1.1
1785	1376	1.4
1785	1518	1.1
1785	1622	1.7
1785	1738	1.1
1785	1824	1.6
1785	2137	1.3
1785	3334	1.3
1785	4720	1.9
1785	5358	3.1
1785	11598	1.3
1785	16666	1.4
1785	16667	1.3
1785	16668	1.0
1798	53	1.3
1798	56	3.0
1798	59	1.3
1798	63	2.4
1798	65	1.7
1798	66	1.0
1798	72	5.0
1798	75	1.5
1798	84	1.3
1798	154	2.3
1798	157	3.5
1798	163	1.5
1798	173	3.7
1798	190	2.8
1798	227	2.7
1798	228	1.6
1798	237	1.5
1798	238	4.1
1798	377	1.0
1798	418	1.4
1798	526	2.2
1798	562	1.5
1798	930	1.8
1798	936	2.8
1798	961	2.6
1798	1001	3.3
1798	1061	2.4
1798	1072	2.6
1798	1099	2.3
1798	1104	1.3
1798	1121	1.4
1798	1151	1.0
1798	1394	1.0
1798	1412	1.9
1798	1504	1.4
1798	1505	1.0
1798	1510	1.3
1798	1713	2.8
1798	1787	2.7
1798	1892	1.0
1798	2681	2.7
1798	3502	1.5
1798	4913	1.8
1798	5098	2.0
1798	5475	1.4
1798	9783	1.6
1798	12114	1.4
1798	16720	1.5
1798	16721	1.4
1798	16722	1.3
1800	72	3.4
1800	174	1.6
1800	190	1.2
1800	238	1.9
1800	298	1.6
1800	349	1.0
1800	532	2.2
1800	539	1.7
1800	968	1.8
1800	1020	2.9
1800	1029	3.3
1800	1075	1.8
1800	1326	2.0
1800	1379	1.4
1800	1401	5.0
1800	1405	1.9
1800	1713	2.1
1800	2130	2.5
1800	3868	4.4
1800	4024	1.4
1800	4025	2.0
1800	4036	1.0
1800	4038	1.4
1800	5072	1.0
1800	5149	1.0
1800	5534	1.9
1800	5978	1.2
1800	6547	1.2
1800	6785	1.0
1800	6878	1.0
1800	8144	2.1
1800	8784	1.0
1800	10703	1.6
1800	11194	1.6
1800	13187	2.4
1800	16725	2.3
1800	16726	1.6
1800	16727	1.6
1800	16728	1.4
1800	16729	1.2
1800	16730	1.2
1800	16731	1.2
1800	16732	1.2
1800	16733	1.2
1800	16734	1.2
1800	16735	1.0
1800	16736	1.0
1800	16737	1.0
1800	16738	1.0
1800	16739	1.0
1818	51	1.0
1818	65	3.0
1818	72	3.5
1818	76	1.0
1818	85	1.9
1818	155	1.4
1818	173	2.1
1818	180	1.7
1818	187	1.9
1818	190	2.8
1818	193	1.0
1818	203	1.0
1818	221	1.4
1818	229	4.3
1818	253	1.7
1818	306	1.0
1818	424	1.0
1818	429	2.4
1818	533	1.0
1818	716	1.4
1818	734	3.6
1818	877	1.4
1818	993	2.9
1818	1001	3.7
1818	1008	1.4
1818	1122	1.7
1818	1375	1.7
1818	1464	1.0
1818	1696	1.0
1818	2027	1.4
1818	2463	1.0
1818	3302	1.0
1818	5780	1.0
1818	5988	1.0
1818	8038	1.4
1818	8312	1.0
1818	8313	1.0
1818	10625	1.4
1818	13416	1.4
1818	16857	5.0
1818	16858	2.2
1818	16859	2.2
1818	16860	1.9
1818	16861	1.9
1818	16862	1.7
1818	16863	1.4
1818	16864	1.4
1818	16865	1.4
1818	16866	1.4
1818	16867	1.4
1835	56	2.4
1835	67	1.3
1835	72	5.0
1835	75	2.3
1835	88	1.0
1835	89	1.1
1835	90	2.4
1835	153	1.6
1835	161	1.1
1835	190	1.3
1835	206	1.9
1835	229	1.2
1835	233	1.8
1835	238	3.9
1835	292	2.2
1835	441	1.3
1835	450	2.8
1835	539	1.1
1835	703	1.5
1835	868	1.6
1835	880	2.9
1835	1013	1.2
1835	1061	2.5
1835	1072	2.1
1835	1075	2.8
1835	1151	2.2
1835	1379	2.7
1835	1700	1.9
1835	1707	1.1
1835	1713	3.2
1835	1739	2.3
1835	1786	1.5
1835	1787	3.6
1835	1833	1.8
1835	1897	1.4
1835	2071	1.4
1835	2821	1.9
1835	3046	2.2
1835	3047	1.2
1835	3057	1.3
1835	3191	2.8
1835	3693	1.0
1835	3988	1.2
1835	4997	1.9
1835	5545	1.9
1835	7369	1.7
1835	16934	1.4
1835	16935	1.3
1835	16936	1.2
1835	16937	1.1
1866	7	1.3
1866	45	1.7
1866	51	5.0
1866	65	3.0
1866	67	1.7
1866	89	1.3
1866	190	1.7
1866	192	2.8
1866	193	1.0
1866	227	2.3
1866	233	2.3
1866	234	1.2
1866	377	1.7
1866	490	1.0
1866	496	1.4
1866	512	1.2
1866	534	2.3
1866	540	2.5
1866	614	1.2
1866	854	1.5
1866	859	1.9
1866	860	2.0
1866	982	1.5
1866	1025	1.3
1866	1104	1.5
1866	1119	2.0
1866	1246	2.9
1866	1413	1.8
1866	1795	1.0
1866	2444	2.9
1866	2493	1.9
1866	2552	1.6
1866	2554	2.6
1866	3070	1.1
1866	3213	1.0
1866	3302	1.3
1866	3308	1.6
1866	7054	2.4
1866	8042	2.6
1866	8347	1.4
1866	9421	3.2
1866	9470	1.3
1866	10069	2.3
1866	10310	1.8
1866	10626	1.1
1866	17234	2.2
1866	17235	1.7
1866	17236	1.4
1866	17237	1.2
1866	17238	1.2
1881	51	5.0
1881	67	2.7
1881	71	1.2
1881	72	1.2
1881	75	2.7
1881	155	1.9
1881	157	1.6
1881	180	3.8
1881	187	1.7
1881	193	1.7
1881	227	1.1
1881	253	1.7
1881	257	1.8
1881	288	1.9
1881	289	2.7
1881	301	1.3
1881	306	1.4
1881	310	1.8
1881	316	1.2
1881	351	1.5
1881	455	3.3
1881	459	2.3
1881	468	2.0
1881	474	1.2
1881	511	2.3
1881	538	2.0
1881	889	2.6
1881	905	1.0
1881	913	1.0
1881	951	1.3
1881	1000	1.5
1881	1001	2.2
1881	1014	2.1
1881	1122	1.1
1881	1444	1.2
1881	2031	1.3
1881	2183	1.2
1881	2523	2.1
1881	2562	1.2
1881	3097	1.2
1881	3763	1.4
1881	4439	1.3
1881	4975	2.0
1881	4978	1.2
1881	5264	1.4
1881	5532	1.5
1881	13266	1.4
1881	17330	1.7
1881	17331	1.1
1881	17332	1.1
1926	53	1.4
1926	54	4.6
1926	58	1.5
1926	64	2.7
1926	166	2.2
1926	172	1.5
1926	238	1.5
1926	526	1.6
1926	532	1.5
1926	858	1.6
1926	862	1.5
1926	886	1.7
1926	887	2.1
1926	1062	2.4
1926	1075	4.8
1926	1081	1.3
1926	1085	4.6
1926	1213	2.6
1926	1405	1.0
1926	1824	1.9
1926	1983	1.7
1926	2616	2.4
1926	2830	1.3
1926	3109	5.0
1926	3206	3.5
1926	3259	2.3
1926	3300	2.1
1926	3902	1.2
1926	4308	1.3
1926	4382	1.5
1926	4810	1.5
1926	5027	1.4
1926	5549	1.5
1926	5893	1.2
1926	9470	1.0
1926	10110	1.3
1926	10214	1.3
1926	10685	2.2
1926	10738	2.5
1926	12002	4.4
1926	12319	1.3
1926	13008	1.5
1926	13393	2.4
1926	16361	2.6
1926	17637	2.9
1926	17638	2.6
1926	17639	2.2
1926	17640	2.2
1926	17641	2.1
1926	17642	1.2
1942	56	2.0
1942	58	1.8
1942	59	1.9
1942	67	2.1
1942	72	5.0
1942	76	1.8
1942	89	1.2
1942	167	3.2
1942	533	1.7
1942	601	2.3
1942	1001	1.8
1942	1014	4.3
1942	1019	2.1
1942	1062	2.2
1942	1072	2.4
1942	1122	1.2
1942	1243	1.9
1942	1713	1.1
1942	1804	1.9
1942	1827	1.3
1942	1832	1.2
1942	1836	2.1
1942	1878	1.2
1942	1890	1.9
1942	2487	1.1
1942	2535	1.5
1942	3281	1.3
1942	4308	2.1
1942	5152	1.2
1942	6742	1.0
1942	7442	2.1
1942	10625	1.0
1942	10685	2.0
1942	13558	2.0
1942	17792	2.3
1942	17793	2.3
1942	17794	2.2
1942	17795	2.1
1942	17796	1.9
1942	17797	1.9
1942	17798	1.7
1942	17799	1.7
1942	17800	1.6
1942	17801	1.4
1942	17802	1.3
1942	17803	1.2
1942	17804	1.2
1942	17805	1.2
1942	17806	1.1
1942	17807	1.0
1981	65	3.2
1981	95	1.0
1981	182	3.7
1981	190	2.1
1981	221	1.2
1981	477	1.1
1981	526	1.8
1981	530	3.8
1981	689	1.4
1981	1001	1.1
1981	1105	1.5
1981	1106	2.0
1981	1109	2.5
1981	1112	1.1
1981	1378	1.5
1981	1383	1.7
1981	1385	1.2
1981	2051	2.1
1981	2614	1.3
1981	2803	1.1
1981	3117	1.6
1981	3171	2.8
1981	3484	1.3
1981	3491	1.0
1981	3676	1.0
1981	3945	2.5
1981	4073	1.2
1981	4515	1.2
1981	4762	1.0
1981	6217	1.7
1981	7122	5.0
1981	7187	1.9
1981	7194	1.6
1981	7667	2.2
1981	8589	3.4
1981	9485	2.2
1981	10327	1.4
1981	10548	1.5
1981	10961	3.1
1981	11253	2.0
1981	11277	1.6
1981	11910	2.7
1981	14359	1.9
1981	18003	2.3
1981	18004	1.9
1981	18005	1.6
1981	18006	1.5
1981	18007	1.1
1981	18008	1.1
1981	18009	1.1
2014	51	2.2
2014	59	1.4
2014	61	2.8
2014	67	2.1
2014	72	3.2
2014	96	2.0
2014	100	1.4
2014	157	1.4
2014	159	5.0
2014	187	1.7
2014	193	1.2
2014	429	2.4
2014	436	2.0
2014	441	2.5
2014	511	2.1
2014	599	4.0
2014	601	1.5
2014	712	1.5
2014	852	2.3
2014	874	1.5
2014	875	2.9
2014	877	1.0
2014	992	1.7
2014	993	2.6
2014	997	1.9
2014	998	2.3
2014	1001	1.5
2014	1004	2.6
2014	1013	3.1
2014	1083	2.9
2014	1249	1.1
2014	1464	1.7
2014	1844	1.8
2014	1881	2.0
2014	1886	2.1
2014	2029	1.7
2014	2531	1.0
2014	2861	1.1
2014	2936	1.7
2014	2938	1.5
2014	3201	2.1
2014	3264	1.7
2014	3280	1.1
2014	3464	1.2
2014	4123	1.7
2014	5929	2.6
2014	7054	2.1
2014	18224	1.3
2014	18225	1.1
2014	18226	1.1
2024	65	1.3
2024	72	5.0
2024	154	3.5
2024	173	1.3
2024	182	1.0
2024	190	2.7
2024	199	2.2
2024	206	1.3
2024	210	1.9
2024	221	1.8
2024	225	2.6
2024	228	2.1
2024	229	2.4
2024	233	2.6
2024	237	1.3
2024	238	2.4
2024	418	2.6
2024	425	2.1
2024	436	1.0
2024	443	1.3
2024	450	1.3
2024	511	2.8
2024	716	1.3
2024	969	1.3
2024	1001	1.0
2024	1090	1.0
2024	1151	4.3
2024	1375	1.0
2024	2591	1.0
2024	2600	1.0
2024	3259	1.3
2024	4074	1.5
2024	4116	4.2
2024	4435	1.5
2024	5215	2.5
2024	5615	2.7
2024	5890	1.0
2024	5931	1.3
2024	6202	1.3
2024	6227	1.3
2024	7663	1.3
2024	8659	1.0
2024	9132	2.4
2024	9502	1.0
2024	10110	1.3
2024	10535	1.3
2024	15162	1.3
2024	15443	1.0
2024	18280	2.8
2024	18281	1.3
2025	51	1.4
2025	59	2.3
2025	67	3.2
2025	72	5.0
2025	157	1.6
2025	159	1.9
2025	163	3.0
2025	233	1.0
2025	436	2.0
2025	511	3.2
2025	517	2.6
2025	707	3.6
2025	864	1.6
2025	889	1.3
2025	917	2.3
2025	1000	3.3
2025	1001	3.7
2025	1014	1.5
2025	1019	2.2
2025	1073	2.1
2025	1131	3.7
2025	1330	1.5
2025	2183	1.0
2025	2347	1.9
2025	3289	2.1
2025	3675	1.0
2025	4590	1.0
2025	13176	1.2
2025	14343	1.7
2025	18282	3.3
2025	18283	2.9
2025	18284	2.8
2025	18285	2.8
2025	18286	2.4
2025	18287	2.4
2025	18288	2.2
2025	18289	2.1
2025	18290	2.0
2025	18291	1.9
2025	18292	1.8
2025	18293	1.7
2025	18294	1.6
2025	18295	1.6
2025	18296	1.6
2025	18297	1.5
2025	18298	1.5
2025	18299	1.3
2025	18300	1.2
2025	18301	1.1
2025	18302	1.1
2062	65	5.0
2062	184	2.1
2062	190	4.4
2062	192	1.3
2062	204	1.5
2062	211	2.0
2062	227	1.8
2062	228	1.6
2062	229	1.1
2062	231	1.3
2062	355	2.0
2062	366	2.7
2062	424	1.4
2062	538	1.7
2062	540	1.1
2062	632	2.0
2062	679	1.5
2062	715	1.4
2062	945	1.4
2062	1090	2.3
2062	1147	2.2
2062	1243	2.1
2062	1246	1.1
2062	1351	1.1
2062	1377	1.4
2062	1464	1.3
2062	1491	2.0
2062	1511	1.2
2062	1705	2.5
2062	1708	2.0
2062	2051	2.1
2062	2176	1.1
2062	2632	1.5
2062	3081	1.4
2062	3105	2.4
2062	3171	1.9
2062	3617	2.4
2062	4920	1.4
2062	5306	2.5
2062	5437	2.2
2062	5836	1.6
2062	6297	1.0
2062	6390	1.2
2062	7260	2.4
2062	8504	1.9
2062	9404	1.0
2062	12164	1.2
2062	13624	1.0
2062	13832	2.0
2062	18473	1.6
2075	51	1.7
2075	55	2.1
2075	58	1.2
2075	59	1.6
2075	67	2.8
2075	72	5.0
2075	77	2.1
2075	89	2.0
2075	154	1.5
2075	155	1.0
2075	157	1.8
2075	159	1.8
2075	167	2.7
2075	193	1.2
2075	202	2.6
2075	227	2.0
2075	288	1.1
2075	289	2.0
2075	291	1.3
2075	292	1.4
2075	329	1.0
2075	429	1.4
2075	441	1.1
2075	511	1.3
2075	535	1.4
2075	538	1.1
2075	599	1.1
2075	605	1.1
2075	612	1.3
2075	860	1.5
2075	889	1.6
2075	906	1.6
2075	985	1.5
2075	1001	1.4
2075	1052	1.0
2075	1099	1.1
2075	1121	1.7
2075	1122	1.3
2075	1243	1.7
2075	1244	2.3
2075	1464	1.2
2075	1513	2.0
2075	1713	1.8
2075	1892	1.4
2075	2183	1.4
2075	2444	1.1
2075	3349	1.6
2075	3562	2.2
2075	18571	1.5
2075	18572	1.2
2080	53	2.4
2080	58	1.4
2080	59	2.3
2080	72	5.0
2080	75	1.8
2080	81	3.0
2080	98	1.2
2080	238	1.8
2080	429	1.5
2080	441	1.9
2080	603	1.5
2080	616	1.7
2080	748	2.8
2080	880	2.1
2080	997	1.7
2080	1014	1.0
2080	1019	1.1
2080	1061	1.9
2080	1067	1.1
2080	1072	1.6
2080	1073	2.0
2080	1156	1.0
2080	1376	1.5
2080	1707	2.0
2080	1713	3.2
2080	1827	1.1
2080	1836	1.8
2080	1888	1.4
2080	1893	2.3
2080	2039	1.6
2080	2043	1.3
2080	2673	1.5
2080	2716	1.6
2080	3289	1.7
2080	4308	1.2
2080	5833	1.7
2080	6137	1.0
2080	6150	2.1
2080	6583	1.6
2080	7470	2.4
2080	11794	1.6
2080	17331	1.3
2080	18585	1.7
2080	18586	1.4
2080	18587	1.3
2080	18588	1.1
2080	18589	1.1
2080	18590	1.1
2080	18591	1.0
2080	18592	1.0
2096	88	1.0
2096	154	2.9
2096	163	2.1
2096	166	1.2
2096	172	1.6
2096	173	3.9
2096	187	1.4
2096	190	3.5
2096	197	2.8
2096	198	1.2
2096	203	2.6
2096	208	2.2
2096	220	1.3
2096	234	1.8
2096	237	1.4
2096	436	5.0
2096	441	1.4
2096	504	2.1
2096	517	1.1
2096	533	2.4
2096	620	1.9
2096	715	1.1
2096	755	1.8
2096	851	1.5
2096	859	2.1
2096	867	2.5
2096	1075	3.0
2096	1090	2.1
2096	1097	2.1
2096	1384	1.2
2096	1504	2.1
2096	1510	2.7
2096	2346	2.5
2096	3109	2.8
2096	3300	1.1
2096	3501	1.4
2096	3739	1.9
2096	3767	1.0
2096	3902	1.3
2096	4051	1.1
2096	4115	1.8
2096	4311	2.2
2096	6187	1.8
2096	6556	1.1
2096	6730	1.4
2096	7871	1.9
2096	13664	1.4
2096	17934	1.3
2096	18303	1.4
2096	18698	2.4
